-200.00000000000003	22.93215658306602	-6.601613151982008	-45.63043918176926	0.316342092203811
-199.78128285371267	22.92626800355411	-6.601718227771277	-45.6299255627168	0.3170124251762331
-199.5625657074254	22.920216293247538	-6.6016836320378465	-45.62939757745144	0.3176822328046499
-199.34384856113803	22.914000339840157	-6.60165282760793	-45.628855117544745	0.3183515093724299
-199.12513141485076	22.90762129214117	-6.6017321806151665	-45.628298271550854	0.31902027085704876
-198.9064142685634	22.901079524430603	-6.60161020306467	-45.627727060177534	0.3196885180926156
-198.68769712227612	22.894375843890973	-6.601729527025056	-45.627141541669516	0.3203562605851714
-198.46897997598876	22.88751105223153	-6.601648589630428	-45.626541773560625	0.32102350768190885
-198.25026282970148	22.88048536499332	-6.601588587915883	-45.62592776191948	0.32169025924438654
-198.03154568341412	22.873299486194053	-6.6015049312091225	-45.62529955523592	0.3223565242605679
-197.81282853712682	22.86595420616426	-6.601421840302506	-45.62465720931511	0.3230223083398
-197.5941113908395	22.85845030269109	-6.601385876911032	-45.624000778644174	0.3236876197571722
-197.37539424455218	22.85078855605311	-6.601413945391641	-45.62333031771023	0.32435246833291465
-197.15667709826485	22.84296974897186	-6.601493157101343	-45.622645881000395	0.3250168639318956
-196.93795995197755	22.83499466656315	-6.601580697654756	-45.621947523001786	0.3256808149631172
-196.71924280569021	22.826864079235	-6.6016091061079365	-45.621235296707354	0.3263443269034883
-196.5005256594029	22.818578415856987	-6.601609561764701	-45.62050922497207	0.3270074036575767
-196.28180851311558	22.81013821248518	-6.6016100937686	-45.61976933980468	0.3276700515552449
-196.06309136682827	22.80154411641704	-6.60160993545641	-45.619015682742685	0.3283322772102129
-195.84437422054094	22.792796777356212	-6.601608922151961	-45.61824829532359	0.3289940871721112
-195.62565707425364	22.783896847374642	-6.6016074938192375	-45.61746721908488	0.32965548795718513
-195.4069399279663	22.77484497898934	-6.601606377072435	-45.616672495398475	0.3303164860777638
-195.188222781679	22.76564177443678	-6.601600890133467	-45.615864161017484	0.3309770879189795
-194.96950563539167	22.756287850498072	-6.60159481385034	-45.615042253767214	0.33163729974810674
-194.75078848910437	22.746783845288082	-6.601592879439243	-45.61420681314733	0.33229712806600054
-194.53207134281703	22.737130399144966	-6.601596151890123	-45.613357878657496	0.3329565794802392
-194.31335419652973	22.72732815459382	-6.601602015728278	-45.612495489797375	0.3336156605217702
-194.0946370502424	22.717377754588252	-6.601604198687692	-45.61161968591495	0.3342743774616582
-193.8759199039551	22.70727977334798	-6.601599174911559	-45.61073050011787	0.3349327362284632
-193.65720275766776	22.69703479800813	-6.6015933254026775	-45.609827966457004	0.33559074282577916
-193.43848561138046	22.68664344733956	-6.601591253435651	-45.60891212158169	0.3362484035219601
-193.21976846509313	22.67610634218702	-6.601594110872738	-45.60798300214127	0.3369057246937949
-193.00105131880582	22.665424105435353	-6.6015995857489065	-45.60704064478508	0.33756271265446725
-192.7823341725185	22.654597361038025	-6.601601910814421	-45.60608508607965	0.33821937348156134
-192.56361702623119	22.643626671878994	-6.601597447513514	-45.60511635702322	0.3388757129296026
-192.34489987994385	22.632512606558695	-6.6015919771867475	-45.60413448893663	0.3395317368061237
-192.12618273365655	22.62125576592843	-6.60158984252726	-45.603139515812636	0.3401874511642569
-191.90746558736922	22.6098567527783	-6.601592232014888	-45.602131471643986	0.3408428621625416
-191.6887484410819	22.59831617180613	-6.601597169454234	-45.60111039042344	0.3414979759081798
-191.47003129479458	22.58663462961495	-6.601599563420459	-45.60007630614632	0.34215279830039114
-191.25131414850728	22.57481272676507	-6.601600124073704	-45.599029252109126	0.34280733503061545
-191.03259700221994	22.562851027346618	-6.601601744598134	-45.5979692582134	0.3434615919408913
-190.81387985593264	22.55075008737662	-6.601603660252815	-45.596896353477774	0.34411557486281946
-190.5951627096453	22.538510464748256	-6.601605277618611	-45.59581056692088	0.3447692895661388
-190.376445563358	22.52613271920277	-6.601606175251476	-45.59471192756134	0.34542274176759774
-190.15772841707067	22.51361741230275	-6.601606104311659	-45.593600464417804	0.3460759371398273
-189.93901127078337	22.500965107404106	-6.601604989167233	-45.5924762065089	0.3467288813202127
-189.72029412449604	22.488176369628906	-6.601602927973296	-45.591339182853254	0.34738157991976637
-189.50157697820873	22.47525176583813	-6.601600193226353	-45.59018942246951	0.3480340385319996
-189.2828598319214	22.462191864604318	-6.601597232294113	-45.589026954376294	0.3486862627417955
-189.0641426856341	22.44899723618414	-6.601594667921	-45.58785180759224	0.34933825813428065
-188.84542553934676	22.43566845249576	-6.6015932989695285	-45.58666401113635	0.34999003030369824
-188.62670839305946	22.42220610433353	-6.601595110304877	-45.585463595565926	0.35064158488153024
-188.40799124677213	22.40861074843182	-6.601599831469105	-45.58425058825912	0.3512929275408777
-188.18927410048482	22.394882910036014	-6.601605460688963	-45.58302501363729	0.35194406385378335
-187.9705569541975	22.381023116067748	-6.60161043708234	-45.58178689612181	0.3525949992809428
-187.7518398079102	22.36703189510089	-6.601613641968086	-45.580536260134046	0.3532457391938979
-187.53312266162285	22.3529097773377	-6.60161440011656	-45.57927313009535	0.3538962888972313
-187.31440551533555	22.338657294584955	-6.601612480939855	-45.57799753042709	0.3545466536507593
-187.09568836904822	22.32427498023018	-6.6016080996214	-45.57670948555063	0.3551968386917268
-186.87697122276091	22.309763369217645	-6.601601918184766	-45.57540901988733	0.35584684925699994
-186.65825407647358	22.29512299802479	-6.601595046502765	-45.57409615785856	0.35649669060526096
-186.43953693018628	22.280354404638157	-6.601589043247445	-45.57277092388568	0.35714636803920113
-186.22081978389895	22.26545812853013	-6.6015859167834465	-45.57143334239005	0.35779588692771547
-186.00210263761164	22.25043472686523	-6.601585851752809	-45.570083439251896	0.3584452526951598
-185.7833854913243	22.235284741636885	-6.601586523915474	-45.56872123886147	0.35909447066056577
-185.564668345037	22.220008681449272	-6.601587443361913	-45.56734676247642	0.3597435460625785
-185.34595119874967	22.20460705625989	-6.6015882350202215	-45.56596003134225	0.3603924840992731
-185.12723405246237	22.189080377493013	-6.601588627619019	-45.56456106670448	0.36104128993351176
-184.90851690617504	22.173429158018212	-6.601588453961324	-45.563149889808614	0.36168996869828945
-184.6897997598877	22.15765391212868	-6.601587651184302	-45.561726521900155	0.3623385255020775
-184.4710826136004	22.141755155520073	-6.601586261005273	-45.560290984224615	0.3629869654341684
-184.2523654673131	22.125733405268928	-6.60158442995355	-45.558843298027504	0.3636352935700205
-184.03364832102577	22.10958917981123	-6.601582409588547	-45.557383484554336	0.36428351497660233
-183.81493117473843	22.093322998920886	-6.601580556704076	-45.55591156505061	0.36493163471773676
-183.59621402845113	22.076935383688845	-6.6015793335195045	-45.554427560761845	0.3655796578594458
-183.37749688216383	22.060426858057443	-6.60157918818187	-45.55293149307464	0.3662275894740693
-183.1587797358765	22.043797928272433	-6.601579850783912	-45.551423381654864	0.366875434622694
-182.94006258958916	22.02704908369216	-6.601580812698733	-45.54990324451655	0.367523198327315
-182.72134544330186	22.010180814806386	-6.601581672384257	-45.548371099654666	0.3681708855714947
-182.50262829701452	21.993193613427497	-6.6015821367896805	-45.54682696506419	0.3688185013058938
-182.28391115072722	21.97608797267109	-6.601582021577021	-45.545270858740096	0.36946605045380276
-182.0651940044399	21.958864386936906	-6.601581251328795	-45.54370279867736	0.3701135379166754
-181.84647685815258	21.941523351889398	-6.601579859741432	-45.54212280287094	0.3707609685796602
-181.62775971186525	21.924065364438942	-6.601577989805129	-45.54053088931583	0.3714083473171338
-181.40904256557795	21.90649092272221	-6.601575893969268	-45.53892707600699	0.3720556789982326
-181.19032541929062	21.888800526083518	-6.601573934294739	-45.53731138093941	0.37270296849238627
-180.9716082730033	21.870994675055147	-6.60157258259201	-45.535683822108034	0.37335022067484896
-180.75289112671595	21.853073872629043	-6.601572288117631	-45.53404441762593	0.3739974404308661
-180.53417398042868	21.835038608554626	-6.601572774116723	-45.53239318428826	0.3746446326371099
-180.31545683414132	21.816889355675645	-6.601573568099359	-45.53073013723278	0.37529180213520524
-180.09673968785404	21.798626587593734	-6.601574297301198	-45.52905529155513	0.37593895373308744
-179.87802254156668	21.78025077911163	-6.601574687412787	-45.527368662350966	0.37658609221002004
-179.6593053952794	21.7617624062157	-6.6015745627302005	-45.52567026471593	0.37723322232159995
-179.44058824899204	21.743161946058777	-6.6015738462936095	-45.523960113745666	0.3778803488047649
-179.22187110270477	21.72444987694256	-6.601572560013241	-45.52223822453581	0.3785274763827989
-179.0031539564174	21.70562667830096	-6.601570824783688	-45.52050461218203	0.37917460977033934
-178.78443681013013	21.686692830682055	-6.601568860585219	-45.51875929177995	0.3798217536783828
-178.56571966384277	21.667648815731557	-6.601566986573962	-45.51700227842523	0.3804689128192919
-178.3470025175555	21.64849511617507	-6.601565621159384	-45.51523358721351	0.3811160919118012
-178.12828537126813	21.62923222913464	-6.601565189364494	-45.51345323447331	0.3817632956850437
-177.90956822498086	21.60986066500802	-6.601565579085067	-45.51166123766944	0.38241052886470683
-177.6908510786935	21.590380875407682	-6.60156653306347	-45.509857608734656	0.383057796154036
-177.47213393240622	21.570793309050007	-6.601567827004352	-45.50804235922803	0.3837051022346184
-177.25341678611886	21.551098415785177	-6.601569262897755	-45.50621550070867	0.3843524517678844
-177.03469963983156	21.531296646581335	-6.60157066907329	-45.50437704473566	0.3849998493965498
-176.81598249354423	21.51138845351	-6.601571900251645	-45.50252700286811	0.38564729974605994
-176.59726534725692	21.49137428973037	-6.6015728375919425	-45.50066538666511	0.38629480742603195
-176.3785482009696	21.47125460947444	-6.601573388736195	-45.49879220768575	0.3869423770316987
-176.1598310546823	21.451029868031814	-6.601573487850157	-45.49690747748914	0.3875900131453513
-175.94111390839495	21.430700521734348	-6.601573095660628	-45.495011207634356	0.388237720337783
-175.72239676210765	21.41026702794123	-6.601572199489672	-45.4931034096805	0.38888550316973125
-175.50367961582032	21.38972984502381	-6.601570813285307	-45.491184095186675	0.3895333661933224
-175.284962469533	21.369089432350282	-6.6015689776487205	-45.48925327571197	0.39018131395351324
-175.06624532324568	21.348346250270858	-6.601566759858497	-45.48731096281548	0.39082935098953553
-174.84752817695838	21.32750076010245	-6.601564253891171	-45.485357168056304	0.39147748183633807
-174.62881103067105	21.306553424113577	-6.601561580438714	-45.48339190299353	0.3921257110260309
-174.41009388438374	21.28550470550952	-6.601558886922837	-45.481415179186264	0.39277404308932734
-174.1913767380964	21.264355068417053	-6.601556347505854	-45.479427008193596	0.39342248255698836
-173.9726595918091	21.243104977869447	-6.601554163098503	-45.47742740157462	0.3940710339612646
-173.75394244552177	21.221754899791463	-6.601552561364586	-45.47541637088844	0.39471970183734045
-173.53522529923447	21.200305299297693	-6.601551609493014	-45.47339392753503	0.39536849072373154
-173.31650815294714	21.178756611406815	-6.601549356249703	-45.47136007999036	0.39601740510735156
-173.09779100665983	21.157109262282077	-6.6015456644008035	-45.46931483580068	0.39666644940313006
-172.8790738603725	21.13536368252394	-6.6015410580249165	-45.46725820283681	0.39731562803966036
-172.6603567140852	21.113520303712498	-6.601536001299114	-45.46519018896955	0.3979649454640814
-172.44163956779786	21.09157955839465	-6.601530898495254	-45.463110802069714	0.3986144061392567
-172.22292242151056	21.06954188007087	-6.601526093982715	-45.46102005000811	0.39926401454095206
-172.00420527522323	21.047407703182085	-6.601521872237825	-45.458917940655546	0.3999137751550147
-171.78548812893592	21.025177463096533	-6.601518457859761	-45.456804481882834	0.40056369247455076
-171.5667709826486	21.00285159609657	-6.6015160155928365	-45.454679681560776	0.4012137709971044
-171.3480538363613	20.980430539365845	-6.601514650355348	-45.4525435475602	0.4018640152218356
-171.12933669007396	20.95791473097566	-6.6015144072742125	-45.45039608775189	0.402514429646699
-170.91061954378665	20.935304609872443	-6.601515271726491	-45.44823731000668	0.40316501876562155
-170.69190239749932	20.912600615864	-6.6015171693863	-45.44606722219536	0.40381578706568183
-170.47318525121202	20.88980318960723	-6.601519966278782	-45.443885832188755	0.4044667390242875
-170.25446810492468	20.86691277259419	-6.601523468839152	-45.44169314785766	0.4051178791063542
-170.03575095863738	20.843929807139645	-6.601527423978696	-45.4394891770729	0.4057692117614836
-169.81703381235005	20.82085473636768	-6.6015315191562935	-45.43727392770528	0.4064207414211422
-169.59831666606271	20.797688004198633	-6.601535382456174	-45.435047407625596	0.407072472495839
-169.3795995197754	20.77443005533628	-6.601538582671875	-45.432809624704674	0.4077244093723042
-169.1608823734881	20.751081335254465	-6.601540629396002	-45.430560586813314	0.4083765564106679
-168.94216522720077	20.727642290179464	-6.601540973412526	-45.42830030182186	0.40902891794163815
-168.72344808091344	20.704113341970103	-6.601540244945574	-45.42602877517494	0.4096814982841761
-168.50473093462614	20.68049488929202	-6.601539422802038	-45.42374600999248	0.4103343018125885
-168.28601378833883	20.656787343043877	-6.601538539555284	-45.42145201048734	0.4109873329164947
-168.0672966420515	20.632991115005574	-6.601537624038064	-45.419146780872424	0.4116405959849331
-167.84857949576417	20.609106617826736	-6.601536701354816	-45.4168303253606	0.41229409540628736
-167.62986234947687	20.585134265015398	-6.601535792894299	-45.41450264816475	0.41294783556821335
-167.41114520318953	20.561074470926616	-6.6015349163423895	-45.41216375349775	0.41360182085756547
-167.19242805690223	20.53692765075125	-6.601534085695204	-45.4098136455725	0.4142560556603229
-166.9737109106149	20.512694220504194	-6.601533311272069	-45.40745232860186	0.4149105443615161
-166.7549937643276	20.48837459701328	-6.601532599729134	-45.405079806798724	0.41556529134515335
-166.53627661804026	20.463969197907915	-6.601531954073017	-45.40269608437597	0.4162203009941471
-166.31755947175296	20.43947844160751	-6.601531373674526	-45.40030116554647	0.41687557769024036
-166.09884232546563	20.414902747310265	-6.601530854282798	-45.397895054523126	0.4175311258139334
-165.88012517917832	20.390242534981635	-6.601530388039435	-45.395477755518804	0.41818694974440984
-165.661408032891	20.365498225342993	-6.601529963492979	-45.39304927274639	0.41884305385946335
-165.44269088660369	20.34067023986029	-6.601529565613521	-45.39060961041876	0.41949944253542387
-165.22397374031635	20.31575900073269	-6.601529175807608	-45.388158772748795	0.4201561201470843
-165.00525659402905	20.290764930881085	-6.601528771933118	-45.38569676394938	0.4208130910676267
-164.78653944774172	20.265688453936786	-6.601528328314542	-45.3832235882334	0.42147035966854896
-164.5678223014544	20.240529994230194	-6.601527815758401	-45.38073924981373	0.422127930319591
-164.34910515516708	20.215289976779314	-6.60152720156875	-45.37824375290325	0.4227858073886614
-164.13038800887978	20.189968822505957	-6.601526483785991	-45.3757371012421	0.42344399524218235
-163.91167086259244	20.16456692847099	-6.601525746791028	-45.373219296135524	0.4241024982497197
-163.69295371630514	20.13908468975894	-6.601525001234811	-45.37069033861287	0.42476132078423395
-163.4742365700178	20.113522502706008	-6.601524251081446	-45.36815022974782	0.42542046722008475
-163.2555194237305	20.087880764441845	-6.601523499724213	-45.365598970614066	0.42607994193307114
-163.03680227744317	20.062159872879313	-6.601522749992211	-45.36303656228529	0.4267397493005054
-162.81808513115587	20.036360226704478	-6.601522004157067	-45.360463005835165	0.42739989370128656
-162.59936798486854	20.01048222536659	-6.601521263939577	-45.35787830233739	0.42806037951597453
-162.38065083858123	19.98452626906763	-6.601520530515902	-45.35528245286564	0.4287212111268636
-162.1619336922939	19.958492758752566	-6.601519804524267	-45.3526754584936	0.42938239291805613
-161.9432165460066	19.93238209609893	-6.601519086071047	-45.350057320294965	0.4300439292755365
-161.72449939971926	19.906194683506612	-6.601518374736923	-45.347428039343406	0.43070582458724466
-161.50578225343196	19.87993092408797	-6.601517669583207	-45.34478761671261	0.4313680832431498
-161.28706510714463	19.853591221657542	-6.6015169691577995	-45.34213605347626	0.4320307096353247
-161.06834796085732	19.82717598072187	-6.601516271501134	-45.33947335070805	0.4326937081580184
-160.84963081457	19.800685606469273	-6.601515574152033	-45.33679950948165	0.4333570832077311
-160.6309136682827	19.77412050475989	-6.601514874153613	-45.334114530870764	0.43402083918328693
-160.41219652199536	19.747481082115065	-6.601514168058767	-45.33141841594905	0.4346849804859085
-160.19347937570805	19.720767745707832	-6.60151345193618	-45.32871116579022	0.4353495115192898
-159.97476222942072	19.693980903352085	-6.601512721375507	-45.32599278146793	0.43601443668967094
-159.75604508313342	19.667120963492813	-6.601511971493102	-45.32326326405588	0.43667976040591083
-159.53732793684605	19.640188334388064	-6.601511195429773	-45.3205226145455	0.43734548707955545
-159.31861079055878	19.613183408104316	-6.601510377346464	-45.31777083221447	0.43801162112482184
-159.09989364427142	19.58610656619556	-6.601509525235734	-45.315007915195785	0.43867816695968204
-158.88117649798414	19.558958191482738	-6.601508651519296	-45.312233861675274	0.43934512900692374
-158.66245935169678	19.531738667525012	-6.601507767126518	-45.30944866983876	0.4400125116942305
-158.4437422054095	19.504448378610732	-6.601506881499429	-45.306652337872066	0.4406803194542051
-158.22502505912215	19.477087709748098	-6.601506002597666	-45.30384486396102	0.44134855672439516
-158.00630791283487	19.44965704665612	-6.601505136903543	-45.30102624629144	0.4420172279473164
-157.7875907665475	19.422156775755266	-6.601504289427062	-45.29819648304916	0.44268633757047815
-157.56887362026023	19.39458728415839	-6.601503463711047	-45.29535557242	0.4433558900464066
-157.35015647397287	19.366948959661364	-6.601502661836199	-45.29250351258978	0.4440258898326705
-157.1314393276856	19.33924219073398	-6.601501884426321	-45.289640301744335	0.44469634139190434
-156.91272218139824	19.31146736651058	-6.601501130653403	-45.28676593806948	0.44536724919183396
-156.69400503511096	19.283624876780927	-6.60150039824293	-45.28388041975104	0.4460386177052997
-156.4752878888236	19.25571511198081	-6.601499683479035	-45.28098374497485	0.4467104514102821
-156.25657074253633	19.22773846318285	-6.6014989812097875	-45.27807591192671	0.4473827547899253
-156.03785359624897	19.19969532208736	-6.6014982848526405	-45.275156918792476	0.4480555323325621
-155.81913644996166	19.171586081012713	-6.601497586399464	-45.27222676375795	0.4487287885317381
-155.60041930367433	19.143411132886445	-6.601496876422255	-45.26928544500897	0.4494025278862361
-155.38170215738702	19.115170871235577	-6.601496144078181	-45.26633296073135	0.4500767549001006
-155.1629850110997	19.086865690177707	-6.601495377115351	-45.26336930911092	0.45075147408266225
-154.9442678648124	19.05849598440586	-6.601494561973642	-45.260394488332935	0.45142668994856244
-154.72555071852506	19.03006214105043	-6.601493744626208	-45.25740849572776	0.4521024070189494
-154.50683357223775	19.001564531038525	-6.6014929630733326	-45.254411326856015	0.4527786298248623
-154.28811642595042	18.973003524938097	-6.601492205124596	-45.25140297716634	0.4534553629047207
-154.06939927966312	18.944379494018218	-6.60149145990787	-45.24838344210738	0.45413261080364953
-153.85068213337578	18.915692810240568	-6.60149071786493	-45.24535271712777	0.45481037807364494
-153.63196498708848	18.886943846250954	-6.601489970746853	-45.242310797676154	0.45548866927374065
-153.41324784080115	18.858132975370694	-6.601489211609154	-45.23925767920116	0.45616748897017373
-153.19453069451384	18.829260571588314	-6.601488434806929	-45.236193357151436	0.4568468417365507
-152.9758135482265	18.800327009550724	-6.60148763598944	-45.233117826975615	0.4575267321540136
-152.7570964019392	18.771332664554844	-6.601486812094858	-45.23003108412234	0.45820716481140594
-152.53837925565188	18.74227791253905	-6.601485961344636	-45.22693312404025	0.45888814430543856
-152.31966210936457	18.71316313007437	-6.601485083237569	-45.22382394217799	0.45956967524085596
-152.10094496307724	18.683988694356085	-6.601484178543923	-45.220703533984185	0.46025176223060205
-151.88222781678994	18.65475498319507	-6.601483249299207	-45.217571894907486	0.4609344098959864
-151.6635106705026	18.625462375009118	-6.601482298797763	-45.21442902039653	0.46161762286685
-151.4447935242153	18.596111248814296	-6.601481331586154	-45.21127490589995	0.46230140578173146
-151.22607637792797	18.566701984216458	-6.60148035345654	-45.20810954686639	0.4629857632880329
-151.00735923164066	18.537234961402373	-6.601479371439587	-45.20493293874449	0.46367070004218613
-150.78864208535333	18.507710561131088	-6.601478393797329	-45.20174507698289	0.4643562207098186
-150.56992493906603	18.47812916472542	-6.601477430015983	-45.19854595703023	0.4650423299659191
-150.3512077927787	18.448491154063003	-6.601476490798295	-45.19533557433514	0.46572903249500436
-150.1324906464914	18.418796902153566	-6.601475632176954	-45.19211392332406	0.4664163329919402
-149.91377350020406	18.389046756859447	-6.60147492486407	-45.18888099562338	0.467104236166559
-149.69505635391675	18.35924108161051	-6.601474275796806	-45.185636784472884	0.4677927467376263
-149.47633920762942	18.329380241705152	-6.6014736055508125	-45.18238128324501	0.46848186942936426
-149.25762206134212	18.299464603078526	-6.60147285706496	-45.17911448531219	0.4691716089726659
-149.0389049150548	18.269494532294214	-6.601471995558066	-45.17583638404687	0.4698619701063557
-148.82018776876748	18.23947039653608	-6.601471008443841	-45.17254697282147	0.4705529575784505
-148.60147062248015	18.209392563600172	-6.601469905243892	-45.16924624500845	0.4712445761474205
-148.38275347619285	18.17926140188604	-6.601468717498391	-45.16593419398023	0.4719368305834499
-148.1640363299055	18.149077280389115	-6.601467498675546	-45.162610813109254	0.472629725669698
-147.94531918361818	18.11884056869179	-6.601466324078251	-45.15927609576796	0.47332326620356013
-147.72660203733088	18.08855163695504	-6.601465292698749	-45.15593003532872	0.47401745699793185
-147.50788489104355	18.05821085321995	-6.601464615747115	-45.15257262486596	0.4747123028848585
-147.28916774475624	18.027818577680076	-6.6014642056490045	-45.149203856519115	0.4754078087131858
-147.0704505984689	17.997375169525764	-6.601463855055245	-45.14582372224624	0.4761039793337629
-146.8517334521816	17.9668809885794	-6.60146340652088	-45.14243221400539	0.4768008195997219
-146.63301630589427	17.93633639528753	-6.601462752308441	-45.13902932375461	0.4774983343691869
-146.41429915960697	17.905741750712757	-6.601461834186822	-45.13561504345197	0.4781965285079823
-146.19558201331964	17.875097416525765	-6.6014606432261145	-45.132189365055524	0.4788954068923424
-145.97686486703233	17.844403754996993	-6.601459219588025	-45.128752280523315	0.4795949744116196
-145.758147720745	17.8136611289889	-6.601457652312603	-45.12530378181341	0.4802952359709939
-145.5394305744577	17.782869901947656	-6.601456079100449	-45.12184386088386	0.48099619649418096
-145.32071342817036	17.752030437894977	-6.6014546860910395	-45.11837250969271	0.481697860926142
-145.10199628188306	17.72114310110829	-6.601453705199984	-45.114889720162836	0.48240023423580214
-144.88327913559573	17.690208250128244	-6.60145317403193	-45.11139548350505	0.4831033214143924
-144.66456198930842	17.659226238258142	-6.601452844929979	-45.10788979026937	0.48380712745918325
-144.4458448430211	17.62819741921164	-6.601452505290978	-45.10437263098084	0.4845116573683965
-144.2271276967338	17.597122147326665	-6.601451999095853	-45.10084399616453	0.4852169161441418
-144.00841055044646	17.566000777557246	-6.601451226663227	-45.09730387634548	0.4859229087955156
-143.78969340415915	17.534833665465918	-6.601450144398899	-45.09375226204876	0.48662964034169875
-143.57097625787182	17.50362116721536	-6.601448764540123	-45.090189143799414	0.48733711581505623
-143.35225911158452	17.47236363956093	-6.60144715489603	-45.08661451212251	0.4880453402642341
-143.13354196529718	17.441061439842304	-6.6014454385829	-45.0830283575431	0.48875431875725917
-142.91482481900988	17.409714925975575	-6.601443793755232	-45.079430670586234	0.4894640563846366
-142.69610767272255	17.37832445644546	-6.601442453332582	-45.07582144177698	0.4901745582624489
-142.47739052643524	17.346890388665724	-6.60144163409683	-45.07220066145233	0.490885829534651
-142.2586733801479	17.315413072393188	-6.601441181590092	-45.068568318999716	0.49159787536267185
-142.0399562338606	17.28389285541861	-6.60144084251057	-45.06492440350781	0.4923107009105061
-141.82123908757328	17.252330086158683	-6.601440421693534	-45.061268904065145	0.49302431134557073
-141.60252194128597	17.22072511364943	-6.6014397820233155	-45.057601809760264	0.49373871184192747
-141.38380479499864	17.18907828753834	-6.601438844156765	-45.05392310968172	0.4944539075835066
-141.16508764871134	17.157389958076323	-6.601437586241821	-45.05023279291804	0.4951699037673299
-140.946370502424	17.125660476110188	-6.601436043632143	-45.04653084855778	0.4958867056067342
-140.7276533561367	17.09389019307441	-6.601434308596442	-45.04281726568948	0.4966043183345943
-140.50893620984937	17.06207946098346	-6.601432530023999	-45.03909203340169	0.4973227472065468
-140.29021906356206	17.030228632423633	-6.601430913125233	-45.03535514078294	0.4980419975042128
-140.07150191727473	16.99833806046521	-6.601429717594874	-45.03160657691236	0.4987620745384183
-139.8527847709874	16.966408094098025	-6.601429044356466	-45.02784633032247	0.4994829836487504
-139.6340676247001	16.934439075861523	-6.60142863968047	-45.024074388715086	0.5002047301863345
-139.41535047841276	16.902431348340265	-6.60142826465657	-45.02029073972297	0.5009273195054696
-139.19663333212546	16.87038525474456	-6.601427740830279	-45.016495370978895	0.5016507569665635
-138.97791618583813	16.838301138902274	-6.601426949895895	-45.01268827011564	0.5023750479395221
-138.7591990395508	16.80617934525117	-6.601425833385228	-45.00886942476597	0.5031001978071409
-138.5404818932635	16.77402021883106	-6.601424392351582	-45.00503882256265	0.5038262119684938
-138.32176474697616	16.741824105276006	-6.60142268704925	-45.00119645113847	0.504553095842324
-138.10304760068885	16.709591350806324	-6.601420836608295	-44.997342298126185	0.505280854870434
-137.88433045440152	16.67732230222079	-6.601419018705057	-44.99347635115858	0.5060094945210756
-137.66561330811422	16.64501730688853	-6.601417469227996	-44.98959859786841	0.5067390202923403
-137.44689616182688	16.612676711858875	-6.60141645164319	-44.98570902578222	0.5074694377152973
-137.22817901553958	16.58030085716353	-6.601415890853591	-44.98180762151237	0.5082007523471326
-137.00946186925225	16.54789007963869	-6.6014155036177415	-44.977894371210944	0.5089329697520436
-136.79074472296494	16.515444716729366	-6.601415065373748	-44.973969261026916	0.5096660954995846
-136.5720275766776	16.482965106507905	-6.601414414684081	-44.97003227710927	0.5104001351682413
-136.3533104303903	16.45045158766596	-6.601413452889297	-44.96608340560699	0.5111350943490258
-136.13459328410298	16.417904499506612	-6.601412143757211	-44.96212263266905	0.5118709786490719
-135.91587613781567	16.385324181936536	-6.6014105131274885	-44.958149944444436	0.5126077936952306
-135.69715899152834	16.352710975458137	-6.60140864855157	-44.95416532708212	0.5133455451376655
-135.47844184524104	16.320065221161588	-6.60140669892804	-44.95016876673109	0.5140842386534479
-135.2597246989537	16.287387260716933	-6.601404874133466	-44.94616024954031	0.5148238799501523
-135.0410075526664	16.254677436358797	-6.601403444813404	-44.94213976165788	0.5155644747694522
-134.82229040637907	16.221936087630525	-6.601402606624693	-44.938107288830544	0.5163060288888307
-134.60357326009176	16.189163546747093	-6.601402124767121	-44.934062815827836	0.517048548105729
-134.38485611380443	16.156360145420706	-6.601401723160635	-44.93000632727802	0.5177920382233117
-134.16613896751713	16.123526216003373	-6.601401192333917	-44.925937807809376	0.5185365050528743
-133.9474218212298	16.090662091479032	-6.601400389038898	-44.92185724205017	0.5192819544176781
-133.7287046749425	16.05776810545549	-6.601399235860505	-44.91776461462867	0.5200283921567859
-133.50998752865516	16.024844592156825	-6.60139772082193	-44.91365991017316	0.520775824128897
-133.29127038236786	15.991891886415138	-6.601395896984731	-44.9095431133119	0.5215242562161828
-133.07255323608052	15.958910323662725	-6.601393882044688	-44.905414208673164	0.5222736943281221
-132.85383608979322	15.925900239923994	-6.601391857922695	-44.90127318088523	0.5230241444053364
-132.6351189435059	15.892861971807509	-6.601390070351398	-44.89712001457636	0.5237756124234255
-132.41640179721858	15.859795856100313	-6.601388819402676	-44.8929546943247	0.5245281043967588
-132.19768465093125	15.826702223556506	-6.601388131304339	-44.88877720387385	0.5252816263751479
-131.97896750464392	15.793581400291226	-6.601387694733408	-44.884587526301665	0.5260361844216073
-131.76025035835661	15.760433712945296	-6.60138724623767	-44.880385644669644	0.5267917846063656
-131.54153321206928	15.727259488807412	-6.601386592592057	-44.87617154203931	0.5275484330108049
-131.32281606578198	15.694059055805806	-6.601385610363324	-44.87194520147216	0.5283061357315741
-131.10409891949465	15.66083274250051	-6.60138424547052	-44.86770660602971	0.529064898884705
-130.88538177320734	15.627580878075085	-6.6013825127401065	-44.86345573877345	0.5298247286097256
-130.66666462692	15.594303792328834	-6.601380495456758	-44.85919258276492	0.530585631073776
-130.4479474806327	15.561001815668321	-6.6013783449088415	-44.854917121065604	0.5313476124757218
-130.22923033434537	15.52767527909944	-6.60137627992972	-44.85062933673701	0.53211067905027
-130.01051318805807	15.494324514219437	-6.601374586434421	-44.84632921284066	0.5328748370720824
-129.79179604177074	15.460949866168265	-6.6013737703474655	-44.84201673411447	0.5336400928627913
-129.57307889548343	15.427551674225713	-6.601374005275986	-44.83769188447671	0.5344064527950965
-129.3543617491961	15.394130252557417	-6.6013749920919365	-44.83335464451679	0.5351739232598781
-129.1356446029088	15.36068591589463	-6.6013764588394706	-44.829004994803576	0.5359425106585145
-128.91692745662147	15.327218979685197	-6.6013781631433375	-44.82464291590593	0.5367122214047012
-128.69821031033416	15.293729760085789	-6.601379892015895	-44.82026838839274	0.537483061926274
-128.47949316404683	15.260218573953598	-6.6013814616619	-44.81588139283287	0.5382550386670328
-128.26077601775953	15.226685738838182	-6.601382717281444	-44.81148190979519	0.539028158088564
-128.0420588714722	15.193131572973433	-6.601383532871147	-44.80706991984857	0.5398024266720647
-127.82334172518489	15.159556395269329	-6.601383811023219	-44.80264540356189	0.5405778509201651
-127.60462457889756	15.125960525303617	-6.6013834827227065	-44.79820834150401	0.5413544373587529
-127.38590743261025	15.092344283313754	-6.601382507142964	-44.79375871424381	0.5421321925387951
-127.16719028632292	15.058707990188301	-6.601380871438943	-44.78929650235015	0.5429111230381629
-126.94847314003562	15.025051967458925	-6.601378590539096	-44.78482168639191	0.5436912354634537
-126.72975599374828	14.991376537291737	-6.60137570693492	-44.78033424693795	0.5444725364518149
-126.51103884746098	14.957682022479277	-6.6013722904693415	-44.77583416455716	0.5452550326727672
-126.29232170117365	14.923968746431486	-6.601368438122387	-44.77132141981839	0.546038730830028
-126.07360455488634	14.890237033167914	-6.601364273796259	-44.76679599329053	0.5468236376633341
-125.85488740859901	14.85648720730881	-6.60135994809772	-44.762257865542445	0.5476097599502657
-125.63617026231171	14.822719594066589	-6.601355638119153	-44.757707017143	0.5483971045080692
-125.41745311602438	14.78893451923751	-6.601351547218144	-44.75314342866106	0.5491856781954809
-125.19873596973707	14.755132309193057	-6.601347904795264	-44.748567080665524	0.5499754879145496
-124.98001882344974	14.721313290870985	-6.601344966069937	-44.743977953725235	0.5507665406124607
-124.76130167716244	14.68747779176827	-6.601343004961274	-44.73937602840923	0.5515588432833465
-124.5425845308751	14.653626134778401	-6.601341259365762	-44.734761284583314	0.5523524029467392
-124.3238673845878	14.619758625467693	-6.601339138012213	-44.73013369966254	0.5531472265963802
-124.10515023830045	14.585875566306305	-6.601336750153333	-44.725493250535216	0.5539433212525126
-123.88643309201314	14.551977260537397	-6.601334194182374	-44.7208399140897	0.5547406939745968
-123.66771594572582	14.518064012168102	-6.601331557679913	-44.71617366721432	0.5555393518609049
-123.4489987994385	14.48413612596126	-6.601328917462082	-44.71149448679741	0.5563393020481134
-123.23028165315118	14.45019390742667	-6.601326339629093	-44.70680234972731	0.5571405517108975
-123.01156450686386	14.416237662812533	-6.601323879614705	-44.702097232892356	0.5579431080615236
-122.79284736057654	14.382267699096628	-6.601321582236145	-44.69737911318087	0.5587469783494434
-122.57413021428923	14.348284323977813	-6.601319481745041	-44.6926479674812	0.5595521698608874
-122.35541306800191	14.314287845867174	-6.601317601878821	-44.687903772681686	0.5603586899184582
-122.13669592171459	14.280278573879013	-6.601315955912592	-44.68314650567065	0.5611665458807237
-121.91797877542727	14.24625681782234	-6.601314546712251	-44.67837614333643	0.5619757451418108
-121.69926162913995	14.212222888191926	-6.601313366787846	-44.67359266256737	0.5627862951309992
-121.48054448285264	14.178177096159112	-6.601312398347478	-44.6687960402518	0.5635982033123144
-121.26182733656532	14.144119753563297	-6.601311613352411	-44.663986253278054	0.564411477184121
-121.043110190278	14.110051172902674	-6.60131097357231	-44.65916327853448	0.5652261242787168
-120.82439304399068	14.07597166732513	-6.601310430641196	-44.65432709290939	0.5660421521619259
-120.60567589770336	14.041881550619538	-6.601309926114512	-44.64947767329114	0.5668595684326921
-120.38695875141605	14.007781137206369	-6.601309391526196	-44.64461499656805	0.5676783807226725
-120.16824160512873	13.973670742128713	-6.601308748446827	-44.63973903962847	0.5684985966958309
-119.94952445884141	13.939550681042961	-6.601307908542123	-44.63484977936073	0.5693202240480312
-119.73080731255409	13.905421270209889	-6.601306773632439	-44.62994719265316	0.570143270506631
-119.51209016626677	13.871282826521462	-6.6013052694202505	-44.625031256399346	0.5709677438302629
-119.29337301997946	13.83713566069185	-6.601303933836514	-44.62010194651535	0.5717936518275727
-119.07465587369214	13.80298006587056	-6.601302909543655	-44.61515923627914	0.5726210023746723
-118.85593872740482	13.76881633328793	-6.601302098502012	-44.61020309857173	0.5734498033850832
-118.6372215811175	13.734644755006249	-6.6013014128685015	-44.60523350627416	0.5742800628068127
-118.41850443483018	13.700465623909993	-6.601300774892663	-44.60025043226743	0.575111788623218
-118.19978728854286	13.666279233696997	-6.601300116813159	-44.59525384943257	0.5759449888538707
-117.98107014225555	13.632085878868837	-6.601299380753037	-44.590243730650585	0.5767796715554219
-117.76235299596823	13.597885854721673	-6.601298518614963	-44.58522004880252	0.5776158448224658
-117.54363584968091	13.563679457336509	-6.601297491975443	-44.58018277676938	0.578453516788405
-117.32491870339359	13.529466983569996	-6.601296271979131	-44.57513188743218	0.5792926956263147
-117.10620155710627	13.495248731044882	-6.601294839232358	-44.57006735367195	0.5801333895498071
-116.88748441081896	13.461024998140292	-6.601293183696081	-44.56498914836971	0.5809756068138962
-116.66876726453164	13.42679608398227	-6.601291304578621	-44.55989724440647	0.5818193557158621
-116.45005011824432	13.392562288434242	-6.601289210227992	-44.554791614663266	0.5826646445961156
-116.231332971957	13.358323912087025	-6.601286918023324	-44.5496722320211	0.5835114818390627
-116.01261582566968	13.324081256249437	-6.601284454266517	-44.54453906936101	0.584359875873969
-115.79389867938237	13.289834622938345	-6.601281854072965	-44.539392099564004	0.5852098351758246
-115.57518153309505	13.255584314868825	-6.601279161262006	-44.5342312955111	0.5860613682662081
-115.35646438680773	13.22133063544458	-6.601276428247306	-44.529056630083325	0.5869144837141517
-115.13774724052041	13.187073888747761	-6.601273715926271	-44.5238680761617	0.5877691901370048
-114.9190300942331	13.152814379529225	-6.601271093569564	-44.51866560662724	0.5886254962012996
-114.70031294794578	13.118552413198522	-6.601268638710072	-44.513449194360966	0.5894834106236149
-114.48159580165846	13.084288295813852	-6.601266437031486	-44.508218812243896	0.5903429421714408
-114.26287865537114	13.050022333840225	-6.601264614384562	-44.50297443312151	0.5912040996643686
-114.04416150908382	13.01575482255202	-6.601263408764661	-44.49771602802284	0.5920668919821293
-113.8254443627965	12.981486041651877	-6.6012627033524085	-44.492443565463134	0.5929313280568065
-113.60672721650919	12.947216270605534	-6.6012623347307935	-44.48715701378083	0.5937974168588697
-113.38801007022187	12.91294578978817	-6.601262156791747	-44.48185634131437	0.5946651673978309
-113.16929292393455	12.87867488047434	-6.6012620405609574	-44.4765415164022	0.5955345887236345
-112.95057577764723	12.844403824827605	-6.6012618740216205	-44.471212507382766	0.5964056899280461
-112.73185863135991	12.810132905890281	-6.60126156193759	-44.46586928259452	0.5972784801460413
-112.5131414850726	12.775862407572992	-6.6012610256756235	-44.4605118103759	0.5981529685571962
-112.29442433878528	12.741592614644293	-6.60126020302699	-44.45514005906535	0.5990291643870752
-112.07570719249796	12.707323812720272	-6.601259048028339	-44.449753997001324	0.5999070769086212
-111.85699004621061	12.673056288253893	-6.601257530781671	-44.444353592522255	0.6007867154435445
-111.6382728999233	12.638790328524665	-6.60125563727395	-44.4389388139666	0.6016680893637116
-111.41955575363598	12.604526221627777	-6.601253369195499	-44.4335096296728	0.6025512080925354
-111.20083860734866	12.57026425646367	-6.601250743758258	-44.4280660079793	0.6034360811063635
-110.98212146106134	12.536004722727258	-6.601247793513008	-44.422607917224546	0.6043227179358679
-110.76340431477402	12.501747910897045	-6.601244566165926	-44.417135325746976	0.6052111281674342
-110.5446871684867	12.467494112224713	-6.601241124395003	-44.41164820188505	0.6061013214445504
-110.32597002219939	12.433243618723886	-6.601237545665069	-44.406146513977205	0.6069933074691969
-110.10725287591207	12.398996723159472	-6.601233922042879	-44.400630230361884	0.607887096003235
-109.88853572962475	12.364753719036761	-6.60123036001137	-44.395099319377536	0.6087826968697965
-109.66981858333743	12.330514900590398	-6.601226980283323	-44.38955374936261	0.6096801199546726
-109.45110143705011	12.296280562773285	-6.601223917614439	-44.38399348865554	0.6105793752077038
-109.2323842907628	12.26205100124585	-6.601221320616336	-44.37841850559479	0.6114804726441683
-109.01366714447548	12.227826511608269	-6.60121938819823	-44.37282876839509	0.6123834223467647
-108.79494999818816	12.19360737414775	-6.601218247994944	-44.3672242426459	0.6132882344696546
-108.57623285190084	12.159393855682085	-6.601217698788185	-44.36160489157951	0.6141949192215767
-108.35751570561352	12.12518622357883	-6.601217538785556	-44.35597067835198	0.6151034868566417
-108.1387985593262	12.090984746211596	-6.601217588038396	-44.3503215661194	0.6160139476759637
-107.92008141303889	12.056789692948088	-6.601217688203511	-44.34465751803781	0.6169263120294688
-107.70136426675157	12.022601334139	-6.601217702305099	-44.338978497263305	0.6178405903177062
-107.48264712046425	11.988419941106233	-6.601217514495159	-44.333284466951945	0.6187567929936589
-107.26392997417693	11.954245786131253	-6.6012170298132915	-44.327575390259796	0.6196749305645534
-107.04521282788961	11.920079142443537	-6.60121617394586	-44.321851230342936	0.62059501359367
-106.8264956816023	11.885920284208673	-6.601214892984041	-44.31611195035743	0.6215170527021542
-106.60777853531498	11.851769486516702	-6.6012131531814076	-44.31035751345935	0.6224410585708258
-106.38906138902766	11.817627025370168	-6.60121094071055	-44.30458788280476	0.6233670419419899
-106.17034424274034	11.783493177672389	-6.601208261419191	-44.29880302154974	0.6242950136212473
-105.95162709645302	11.749368221215317	-6.601205140585253	-44.293002892850346	0.6252249844793044
-105.7329099501657	11.715252434667681	-6.601201622671575	-44.28718745986266	0.6261569654537843
-105.51419280387839	11.681146097562873	-6.601197771079715	-44.281356685742736	0.6270909675510362
-105.29547565759107	11.647049490287001	-6.601193667903383	-44.27551053364667	0.6280270018479468
-105.07675851130375	11.61296289406643	-6.6011894136807125	-44.2696489667305	0.6289650794937498
-104.85804136501643	11.578886590956001	-6.601185127146747	-44.26377194815032	0.6299052117118364
-104.63932421872912	11.54482086382646	-6.6011809449845655	-44.257879441062194	0.6308474098015665
-104.4206070724418	11.510765996352317	-6.601177021576304	-44.25197140862218	0.6317916851400777
-104.20188992615448	11.476722272999565	-6.601173528753696	-44.246047813986365	0.6327380491840966
-103.98317277986716	11.442689979013188	-6.601170655547848	-44.240108620310814	0.6336865134717492
-103.76445563357984	11.408669398492057	-6.601168669467693	-44.2341537904163	0.6346370896258119
-103.54573848729252	11.374660795830545	-6.601167634280796	-44.22818328352253	0.6355897893559651
-103.3270213410052	11.340664424880993	-6.601167284181211	-44.22219705681217	0.636544624433717
-103.10830419471787	11.306680540529094	-6.601167374065671	-44.21619506744991	0.6375016066853163
-102.88958704843056	11.272709398783668	-6.601167685956794	-44.21017727260045	0.6384607479940668
-102.67086990214324	11.238751256763697	-6.601168028685736	-44.20414362942849	0.6394220603026703
-102.45215275585592	11.204806372685077	-6.6011682375738285	-44.19809409509875	0.6403855556155712
-102.2334356095686	11.170875005847465	-6.601168174113487	-44.19202862677592	0.6413512460012996
-102.01471846328128	11.136957416621073	-6.6011677256483745	-44.1859471816247	0.6423191435948157
-101.79600131699397	11.103053866433457	-6.601166805052808	-44.17984971680979	0.6432892605998531
-101.57728417070665	11.069164617756028	-6.601165350410108	-44.1737361894959	0.6442616092912633
-101.35856702441933	11.03528993409076	-6.601163324690504	-44.16760655684772	0.6452362020173584
-101.13984987813201	11.001430079956673	-6.601160715428137	-44.16146077602997	0.646213051202256
-100.9211327318447	10.967585320876337	-6.601157534397379	-44.15529880420734	0.6471921693482223
-100.70241558555738	10.93375592336222	-6.6011538172883775	-44.14912059854453	0.648173569038016
-100.48369843927006	10.899942154903284	-6.601149623382333	-44.14292611620625	0.6491572629372327
-100.26498129298274	10.866144283950996	-6.60114503522544	-44.13671531435719	0.6501432637966476
-100.04626414669542	10.832362579905869	-6.601140158303001	-44.130488150162066	0.6511315844545602
-99.8275470004081	10.79859731310346	-6.60113512071236	-44.12424458078557	0.6521222378391379
-99.60882985412078	10.76484875480064	-6.601130072835658	-44.117984563392405	0.6531152369707593
-99.39011270783347	10.731117177161773	-6.6011251870121255	-44.11170805514728	0.654110594964359
-99.17139556154615	10.697402853244476	-6.601120657209403	-44.10541501321489	0.6551083250317701
-98.95267841525883	10.663706056986024	-6.601116698695289	-44.09910539475994	0.6561084404840691
-98.73396126897151	10.630027063188965	-6.601113547708258	-44.09277915694713	0.6571109547339192
-98.5152441226842	10.596366143457177	-6.60111157018354	-44.086436256176796	0.6581158813013804
-98.29652697639688	10.56272354570119	-6.60111073331715	-44.08007664419503	0.6591232338122351
-98.07780983010956	10.529099510635648	-6.601110700311298	-44.07370027115564	0.6601330259631812
-97.85909268382224	10.49549428025439	-6.601111168965844	-44.06730708721234	0.6611452715171832
-97.64037553753492	10.461908097815904	-6.601111871286275	-44.06089704251889	0.6621599843065613
-97.4216583912476	10.428341207828133	-6.601112573054798	-44.054470087229	0.6631771782360809
-97.20294124496029	10.394793856033596	-6.601113073401236	-44.048026171496424	0.6641968672860414
-96.98422409867297	10.361266289393976	-6.60111320437246	-44.04156524547489	0.6652190655153655
-96.76550695238565	10.327758756075037	-6.601112830501613	-44.03508725931814	0.6662437870646886
-96.54678980609833	10.294271505431285	-6.60111184837631	-44.0285921631799	0.6672710461594474
-96.32807265981101	10.260804787990601	-6.601110186206197	-44.022079907213914	0.6683008571129702
-96.1093555135237	10.22735885543884	-6.601107803389792	-44.015550441573914	0.6693332343295646
-95.89063836723636	10.19393396060428	-6.601104690080618	-44.00900371641363	0.670368192307608
-95.67192122094905	10.160530357442218	-6.601100866752886	-44.002439681886806	0.6714057456426358
-95.45320407466173	10.127148301019172	-6.601096383766244	-43.99585828814717	0.6724459090304312
-95.23448692837441	10.093788047497377	-6.601091320930289	-43.989259485348455	0.6734886972701144
-95.01576978208709	10.060449854119021	-6.601085787068401	-43.98264322364441	0.6745341252672311
-94.79705263579977	10.027133979190353	-6.6010799195809655	-43.97600945318876	0.6755822080368425
-94.57833548951245	9.993840682066	-6.601073884008473	-43.96935812413525	0.676632960706614
-94.35961834322512	9.96057022313287	-6.601067873593799	-43.9626891866376	0.6776863985199045
-94.1409011969378	9.927322863794418	-6.601062108844667	-43.95600259084955	0.6787425368388555
-93.92218405065049	9.894098866454469	-6.601056837095325	-43.949298286924844	0.6798013911474807
-93.70346690436317	9.860898494501205	-6.601052332068236	-43.94257622501721	0.6808629770547545
-93.48474975807585	9.82772201232304	-6.601048900737182	-43.93583635528691	0.6819273102977349
-93.26603261178853	9.794569677463368	-6.601047016541443	-43.92907862630224	0.6829944067517499
-93.04731546550121	9.761441721215945	-6.601046494283292	-43.922302981040346	0.6840642824180379
-92.8285983192139	9.728338370814276	-6.601046915960954	-43.915509361356996	0.6851369533800525
-92.60988117292658	9.69525985494346	-6.601047907479278	-43.90869770910799	0.6862124358019578
-92.39116402663926	9.662206403722532	-6.601049138069165	-43.901867966149105	0.6872907459327376
-92.17244688035194	9.629178248687177	-6.601050319707042	-43.895020074336145	0.6883719001103086
-91.95372973406462	9.596175622771897	-6.601051206532985	-43.888153975524894	0.68945591476563
-91.7350125877773	9.56319876029246	-6.601051594268723	-43.881269611571135	0.6905428064268156
-91.51629544148999	9.530247896928254	-6.601051319634973	-43.874366924330666	0.6916325917232456
-91.29757829520267	9.497323269704273	-6.601050259767855	-43.86744585565926	0.6927252873896768
-91.07886114891535	9.464425116973528	-6.601048331635314	-43.86050634741273	0.6938209102703539
-90.86014400262803	9.43155367839882	-6.60104549145231	-43.853548341446846	0.6949194773231218
-90.64142685634071	9.398709194934964	-6.601041734096216	-43.846571779617406	0.6960210056235361
-90.4227097100534	9.365891908810564	-6.601037092521182	-43.839576603780195	0.6971255123689741
-90.20399256376608	9.333102063509969	-6.601031637172496	-43.832562755791	0.6982330148827471
-89.98527541747876	9.30033990375503	-6.60102547540038	-43.82553017750562	0.6993435306182104
-89.76655827119144	9.2676056754868	-6.6010187508734885	-43.81847881077983	0.7004570771628755
-89.54784112490412	9.234899625847312	-6.6010116429923364	-43.81140859746943	0.7015736722425211
-89.3291239786168	9.202222003161037	-6.601004366302229	-43.804319479430205	0.702693333725304
-89.11040683232949	9.169573056916528	-6.600997169906392	-43.797211398517945	0.7038160796258709
-88.89168968604217	9.136953037747833	-6.600990336878811	-43.79008429658843	0.7049419281094695
-88.67297253975485	9.104362197416037	-6.600984183677369	-43.78293811549747	0.7060708974960597
-88.45425539346753	9.07180078879038	-6.600979059556517	-43.775772797100835	0.7072030062644244
-88.23553824718022	9.039269064183248	-6.60097529657071	-43.76858828289002	0.7083382730558255
-88.0168211008929	9.006767246507083	-6.600972494912703	-43.76138450758549	0.709476716647865
-87.79810395460558	8.97429554868531	-6.600970259920348	-43.75416140334399	0.7106183559137556
-87.57938680831826	8.94185418819864	-6.600968353550753	-43.74691890296988	0.7117632098420811
-87.36066966203094	8.909443384127073	-6.600966569692892	-43.73965693926749	0.7129112975428653
-87.14195251574363	8.877063357129591	-6.600964733656197	-43.732375445041164	0.7140626382512554
-86.92323536945631	8.844714329423644	-6.60096270165909	-43.725074353095245	0.7152172513312048
-86.70451822316899	8.812396524764555	-6.600960360317597	-43.71775359623407	0.716375156279157
-86.48580107688167	8.78011016842502	-6.600957626134362	-43.71041310726199	0.7175363727277285
-86.26708393059435	8.747855487174142	-6.600954444987262	-43.70305281898334	0.7187009204493924
-86.04836678430704	8.715632709256969	-6.60095079161903	-43.69567266420246	0.719868819360161
-85.82964963801972	8.683442064373384	-6.60094666912634	-43.6882725757237	0.7210400895232704
-85.6109324917324	8.651283783657309	-6.600942108449678	-43.6808524863514	0.7222147511528623
-85.39221534544508	8.619158099655667	-6.600937167863309	-43.673412328889896	0.7233928246176682
-85.17349819915776	8.587065246307324	-6.600931932465655	-43.66595203614354	0.7245743304446929
-84.95478105287044	8.555005458921912	-6.600926513670028	-43.65847154091666	0.7257592893228968
-84.73606390658313	8.522978974158715	-6.600921048696022	-43.65097077601361	0.7269477221068801
-84.51734676029581	8.49098603000524	-6.600915700060995	-43.64344967423872	0.7281396498205658
-84.29862961400849	8.459026865756096	-6.600910655072704	-43.63590816839634	0.7293350936608828
-84.07991246772117	8.427101721991358	-6.600906125321885	-43.62834619129082	0.7305340750014496
-83.86119532143385	8.395210839695467	-6.600902524337654	-43.62076367552168	0.7317366154000345
-83.64247817514654	8.363354440772406	-6.600900333966863	-43.61316054882565	0.7329427366306565
-83.42376102885922	8.33153273051362	-6.600899114139286	-43.60553673458134	0.7341524606309742
-83.2050438825719	8.299745915468108	-6.6008984233096	-43.597892156037176	0.7353658094663136
-82.98632673628458	8.267994203967728	-6.600897881150388	-43.590226736441565	0.7365828053356508
-82.76760958999726	8.23627780610359	-6.600897167602965	-43.582540399042905	0.7378034705782309
-82.54889244370995	8.204596933702673	-6.600896021928932	-43.57483306708962	0.7390278276801878
-82.33017529742263	8.172951800304002	-6.60089424176134	-43.56710466383012	0.740255899281162
-82.11145815113531	8.141342621134937	-6.600891682156464	-43.55935511251281	0.7414877081809206
-81.89274100484798	8.109769613087401	-6.600888254645907	-43.5515843363861	0.7427232773459758
-81.67402385856066	8.07823299469403	-6.600883926288994	-43.54379225869841	0.7439626299162041
-81.45530671227334	8.046732986103972	-6.6008787187252045	-43.53597880269813	0.7452057892114652
-81.23658956598602	8.015269809059179	-6.600872707227911	-43.5281438916337	0.746452778738221
-81.0178724196987	7.983843686869938	-6.600866019757631	-43.5202874487535	0.7477036221961545
-80.79915527341139	7.952454844390917	-6.6008588360167915	-43.51240939730596	0.7489583434847892
-80.58043812712407	7.921103507996788	-6.600851386504699	-43.50450966053949	0.7502169667101073
-80.36172098083675	7.889789905557806	-6.600843951573339	-43.49658816170249	0.7514795161911697
-80.14300383454943	7.858514266415542	-6.600836860484486	-43.48864482404338	0.7527460164667341
-79.9242866882621	7.827276821358287	-6.600830490467438	-43.48067957081056	0.7540164923018747
-79.70556954197478	7.796077802596516	-6.600825265778064	-43.472692325252446	0.7552909686946006
-79.48685239568746	7.764917438833468	-6.6008217218610055	-43.46468300935422	0.7565694708860763
-79.26813524940015	7.733795931170442	-6.60081970410356	-43.456651537588215	0.7578520243460084
-79.04941810311283	7.702713472625532	-6.600818647404071	-43.44859782183652	0.7591386547069925
-78.83070095682551	7.671670258242883	-6.60081805903778	-43.44052177398078	0.7604293877589545
-78.61198381053819	7.640666485067266	-6.600817517685352	-43.43242330590262	0.761724249457412
-78.39326666425087	7.60970235211685	-6.600816672249773	-43.42430232948368	0.7630232659317351
-78.17454951796356	7.578778060355831	-6.600815240674247	-43.4161587566056	0.7643264634934077
-77.95583237167624	7.547893812667116	-6.600813008761247	-43.40799249915001	0.7656338686442891
-77.73711522538892	7.5170498138246895	-6.600809828992266	-43.399803468998556	0.7669455080848743
-77.5183980791016	7.4862462704661565	-6.600805619349045	-43.39159157803287	0.7682614087225562
-77.29968093281428	7.455483391064947	-6.60080036213556	-43.383356738134594	0.7695815976798865
-77.08096378652697	7.424761385902654	-6.600794102801529	-43.37509886118536	0.7709061023028365
-76.86224664023965	7.394080467041142	-6.600786948766996	-43.36681785906679	0.7722349501690587
-76.64352949395233	7.363440848294738	-6.600779068248615	-43.35851364366055	0.7735681690961479
-76.42481234766501	7.332842745202049	-6.60077068908687	-43.35018612684826	0.7749057871499025
-76.20609520137769	7.302286374998072	-6.600762097575625	-43.341835220511555	0.7762478326525856
-75.98737805509037	7.271771956585922	-6.600753637292821	-43.333460836532076	0.777594334191186
-75.76866090880306	7.2412997105086925	-6.6007457079335214	-43.325062886791464	0.77894532062568
-75.54994376251574	7.210869858921065	-6.6007387641445785	-43.31664128317135	0.780300821097292
-75.33122661622842	7.180482625581796	-6.600733341127444	-43.30819593755916	0.7816608650370293
-75.1125094699411	7.1501382228924815	-6.600730082071872	-43.29972675823103	0.7830254821859097
-74.89379232365378	7.119836834037073	-6.60072850627198	-43.29123364476624	0.7843947025476399
-74.67507517736647	7.089578640222111	-6.600727933485729	-43.28271649555391	0.7857685563138403
-74.45635803107915	7.059363824936407	-6.600727774372143	-43.27417520898318	0.7871470738685211
-74.23764088479183	7.029192573919443	-6.600727528922734	-43.265609683443174	0.7885302857990342
-74.01892373850451	6.9990650751295265	-6.600726784894816	-43.25701981732302	0.7899182229070254
-73.8002065922172	6.968981518711939	-6.600725216247116	-43.248405509011846	0.7913109162193872
-73.58148944592988	6.938942096966969	-6.60072258157752	-43.23976665689878	0.7927083969992108
-73.36277229964254	6.908947004317879	-6.600718722563041	-43.23110315937296	0.7941106967567382
-73.14405515335523	6.878996437278714	-6.600713562401912	-43.2224149148235	0.7955178472603147
-72.92533800706791	6.849090594422077	-6.600707104258139	-43.213701821639546	0.7969298805473414
-72.70662086078059	6.819229676346825	-6.600699429708416	-43.204963778210214	0.7983468289352269
-72.48790371449327	6.789413885645637	-6.600690697191624	-43.19620068292463	0.7997687250323402
-72.26918656820595	6.7596434268725645	-6.6006811404610035	-43.18741243417194	0.8011956017489625
-72.05046942191863	6.729918506510356	-6.6006710670390225	-43.17859893034125	0.8026274923082399
-71.83175227563132	6.7002393329379375	-6.600660856675567	-43.16976006982171	0.8040644302571354
-71.613035129344	6.670606116397489	-6.600650959808798	-43.160895751002435	0.8055064494773811
-71.39431798305668	6.641019068961812	-6.600641896030038	-43.15200587227256	0.806953584196431
-71.17560083676936	6.611478404501273	-6.600634252551602	-43.14309033202121	0.8084058689984129
-70.95688369048204	6.581984333120738	-6.600628456858818	-43.13414902695725	0.8098633388305826
-70.73816654419473	6.552537028711568	-6.600623766500285	-43.12518184217851	0.8113260289290951
-70.51944939790741	6.523136661499126	-6.600619672564755	-43.11618866089867	0.8127939747678558
-70.30073225162009	6.493783405459433	-6.600615803243119	-43.10716936669992	0.8142672120929166
-70.08201510533277	6.464477437064114	-6.600611852156521	-43.098123843164466	0.8157457769333547
-69.86329795904545	6.435218935243378	-6.600607577009951	-43.08905197387448	0.817229705611096
-69.64458081275814	6.406008081349228	-6.600602798249895	-43.079953642412185	0.8187190347507391
-69.42586366647082	6.376845059118147	-6.600597397724474	-43.07082873235975	0.8202138012893806
-69.2071465201835	6.347730054634147	-6.600591317347974	-43.06167712729939	0.8217140424864385
-68.98842937389618	6.318663256291283	-6.600584557768085	-43.05249871081329	0.8232197959334768
-68.76971222760886	6.289644854756401	-6.60057717703737	-43.04329336648364	0.8247310995640296
-68.55099508132155	6.260675042931699	-6.600569289288327	-43.03406097789264	0.8262479916634251
-68.33227793503423	6.231754015917071	-6.600561063412028	-43.02480142862249	0.8277705108786105
-68.11356078874691	6.202881970972569	-6.60055272174118	-43.01551460225537	0.829298696227976
-67.89484364245959	6.174059107480644	-6.600544538737017	-43.00620038237349	0.8308325871111786
-67.67612649617227	6.145285626908311	-6.600536839680448	-42.99685865255904	0.8323722233189667
-67.45740934988495	6.116561732800619	-6.6005300375357665	-42.987489296404455	0.8339176450433734
-67.23869220359764	6.0878876190909965	-6.600525083694848	-42.97809219368518	0.8354688929231728
-67.01997505731032	6.05926345068277	-6.600521599130649	-42.968667213873125	0.8370260080211547
-66.801257911023	6.030689390389375	-6.600518825249231	-42.95921422483914	0.8385890317016311
-66.58254076473568	6.00216560381222	-6.600516129332172	-42.949733094454075	0.8401580056340114
-66.36382361844836	5.973692259298285	-6.600513002064719	-42.94022369058878	0.8417329718103405
-66.14510647216105	5.945269527897889	-6.600509055070452	-42.93068588111412	0.8433139725628376
-65.92638932587373	5.9168975833220365	-6.600504018451244	-42.921119533900935	0.8449010505814349
-65.70767217958641	5.888576601900043	-6.600497738334015	-42.91152451682009	0.8464942489313168
-65.48895503329909	5.860306762536655	-6.600490174422681	-42.90190069774241	0.8480936110704571
-65.27023788701177	5.8320882466694846	-6.600481397557253	-42.89224794453878	0.8496991808671597
-65.05152074072446	5.803921238225976	-6.600471587278437	-42.88256612508004	0.8513110026175955
-64.83280359443714	5.775805923580505	-6.600461029399379	-42.87285510723704	0.8529291210633423
-64.61408644814982	5.7477424915113495	-6.600450113584126	-42.86311475888063	0.8545535814089227
-64.3953693018625	5.71973113315752	-6.600439330933088	-42.853344947881666	0.8561844293393432
-64.17665215557518	5.6917720419755105	-6.600429271575889	-42.843545542111	0.8578217110376328
-63.957935009287844	5.663865413696014	-6.60042062227212	-42.83371640943949	0.8594654732023818
-63.739217863000526	5.636011441686453	-6.600414216349888	-42.82385741610789	0.8611157630696139
-63.52050071671321	5.608210288042615	-6.60040985303749	-42.813968416393685	0.8627726283860117
-63.30178357042589	5.580462103537977	-6.60040660439334	-42.80404925947843	0.864436117274161
-63.08306642413857	5.552767042043069	-6.600403685393723	-42.79409979453081	0.8661062782196762
-62.864349277851254	5.525125260513195	-6.600400455713119	-42.784119870719465	0.8677831600930029
-62.645632131563936	5.497536918939701	-6.600396416691465	-42.77410933721307	0.8694668121712458
-62.42691498527662	5.470002180300946	-6.600391208309798	-42.76406804318027	0.8711572841599929
-62.2081978389893	5.442521210513294	-6.6003846061750915	-42.75399583778973	0.8728546262151434
-61.98948069270198	5.415094178382031	-6.600376518514072	-42.743892570210114	0.8745588889647321
-61.770763546414656	5.387721255551978	-6.600366983175703	-42.73375808961008	0.8762701235307564
-61.55204640012734	5.360402616458244	-6.600356164643487	-42.72359224515829	0.8779883815510019
-61.33332925384002	5.333138438276658	-6.600344351056731	-42.71339488602338	0.8797137152008686
-61.1146121075527	5.305928900874405	-6.6003319512424055	-42.70316586137404	0.8814461772151967
-60.895894961265384	5.2787741867602005	-6.600319491756185	-42.692905020378916	0.8831858209100928
-60.677177814978066	5.25167448103464	-6.600307613934687	-42.68261221220667	0.8849327002047558
-60.45846066869075	5.2246299713403515	-6.600297070958306	-42.672287286025956	0.8866868696433031
-60.23974352240343	5.197640847069997	-6.600288822399135	-42.661930090719906	0.888448384419309
-60.02102637611611	5.1707072743897475	-6.600283422658514	-42.65154046523827	0.8902173004034153
-59.80230922982879	5.143829393079848	-6.600279802408882	-42.64111823712911	0.8919936739843003
-59.583592083541475	5.11700734492947	-6.600276919666794	-42.630663233357794	0.8937775619790763
-59.36487493725416	5.090241275202559	-6.600273914525669	-42.62017528088965	0.8955690216591091
-59.14615779096684	5.063531332581338	-6.6002701051883905	-42.609654206690024	0.8973681107788344
-58.92744064467952	5.0368776691095585	-6.600264984012942	-42.59909983772427	0.8991748876045738
-58.7087234983922	5.010280440135753	-6.600258213571714	-42.588512000957735	0.9009894109433523
-58.490006352104885	4.983739804256215	-6.600249622723831	-42.57789052335576	0.9028117401717142
-58.27128920581757	4.957255923258082	-6.600239202701497	-42.5672352318837	0.90464193526454
-58.05257205953025	4.9308289620621455	-6.600227103209696	-42.55654595350689	0.9064800568238626
-57.83385491324293	4.904459088665661	-6.600213628540177	-42.545822515190686	0.9083261661076842
-57.61513776695561	4.878146474084995	-6.600199233699718	-42.535064743900435	0.910180325058793
-57.396420620668295	4.851891292298181	-6.600184520553156	-42.524272466601474	0.9120425963335791
-57.177703474380976	4.825693720187452	-6.600170233982043	-42.51344551025915	0.9139130433308515
-56.95898632809366	4.799553937481583	-6.600157258058892	-42.502583701838816	0.9157917302206551
-56.74026918180634	4.773472126291962	-6.6001465866118005	-42.491686868135616	0.9176787219728768
-56.52155203551902	4.7474484426457835	-6.600137893439955	-42.4807548238031	0.9195740843112736
-56.302834889231704	4.721483015734006	-6.600130121067815	-42.469787370725406	0.9214778835229549
-56.084117742944386	4.69557598029037	-6.600122632017153	-42.45878431148092	0.9233901864912558
-55.86540059665707	4.669727474859879	-6.600114921714425	-42.447745448648014	0.9253110607342219
-55.64668345036975	4.643937641733632	-6.600106615117528	-42.43667058480509	0.9272405744305481
-55.427966304082425	4.6182066268832465	-6.6000974633569065	-42.42555952253053	0.9291787964455176
-55.20924915779511	4.592534579895443	-6.600087340392595	-42.414412064402704	0.9311257963569413
-54.99053201150779	4.5669216539063715	-6.600076239686238	-42.40322801300001	0.9330816444810961
-54.77181486522047	4.541368005535849	-6.600064270888816	-42.39200717090083	0.9350464118986648
-54.55309771893315	4.515873794821512	-6.600051656544207	-42.38074934068355	0.9370201704806743
-54.334380572645834	4.490439185152893	-6.600038728809135	-42.36945432492656	0.9390029929144352
-54.115663426358516	4.465064343205308	-6.600025926189234	-42.35812192620823	0.9409949527294805
-53.8969462800712	4.4397494388738	-6.6000137902926115	-42.34675194710696	0.942996124323505
-53.67822913378388	4.414494644333572	-6.600003196205646	-42.33534418980556	0.9450065829954074
-53.45951198749656	4.389300108600519	-6.599995090655725	-42.32389844451997	0.9470264050410783
-53.240794841209244	4.364165956070188	-6.599988329321198	-42.3124144885157	0.9490556675710516
-53.022077694921926	4.3390923140558275	-6.599981794757348	-42.30089209845751	0.9510944483710162
-52.80336054863461	4.314079314047704	-6.599974618714162	-42.28933105101016	0.9531428259428899
-52.58464340234729	4.289127091638531	-6.599966176020812	-42.277731122838404	0.9552008795507703
-52.36592625605997	4.264235786448765	-6.599956078496601	-42.266092090606996	0.9572686892668852
-52.14720910977265	4.239405542051848	-6.599944168888525	-42.2544137309807	0.9593463360175439
-51.928491963485335	4.214636505899246	-6.599930514835234	-42.24269582062427	0.9614339016290869
-51.70977481719802	4.1899288292454475	-6.599915402858263	-42.230938136202454	0.9635314688738372
-51.4910576709107	4.165282667072907	-6.599899332380892	-42.219140454380025	0.965639121516051
-51.27234052462338	4.140698178016685	-6.599883009774638	-42.20730255182172	0.967756944357868
-51.05362337833606	4.1161755242893	-6.599867342435606	-42.19542420519231	0.9698850232852619
-50.834906232048745	4.091714871605178	-6.5998534328897955	-42.18350519115655	0.9720234453139922
-50.61618908576143	4.067316382497149	-6.599842561620485	-42.17154528313027	0.9741722986411809
-50.39747193947411	4.042980182339555	-6.599834196607334	-42.15954423441443	0.9763316725657447
-50.17875479318679	4.018706385962688	-6.5998268641797155	-42.14750179086935	0.9785016572229229
-49.96003764689947	3.994495112868631	-6.599819381559606	-42.13541769834818	0.9806823435810794
-49.741320500612154	3.9703464871604197	-6.599810852182517	-42.1232917027041	0.9828738234987525
-49.522603354324836	3.9462606374563705	-6.5998006582573	-42.11112354979029	0.9850761897817161
-49.30388620803751	3.92223769680433	-6.59978845336196	-42.09891298545992	0.9872895362400398
-49.08516906175019	3.8982778025958686	-6.599774155075564	-42.08665975556616	0.9895139577451508
-48.866451915462875	3.874381096480259	-6.599757937646006	-42.07436360596218	0.9917495502868939
-48.64773476917556	3.8505477242784796	-6.599740224694965	-42.06202428250118	0.9939964110305927
-48.42901762288824	3.8267778358969347	-6.599721681959659	-42.04964153103629	0.9962546383741102
-48.21030047660092	3.8030715852413377	-6.59970321007387	-42.03721509742073	0.99852433200491
-47.99158333031359	3.7794291301301874	-6.599685937387231	-42.02474472750763	1.000805592957117
-47.77286618402627	3.755850632129954	-6.599671263066224	-42.01223016710839	1.0030985236695296
-47.55414903773895	3.7323362361870527	-6.599660442678339	-41.99967115112491	1.0054032280568341
-47.335431891451634	3.708886049075398	-6.599652011510843	-41.9870673916311	1.0077198112659178
-47.116714745164316	3.685500177634738	-6.599644276954526	-41.97441859794535	1.0100483794183237
-46.89799759887699	3.6621787338800327	-6.599635907823094	-41.96172447938604	1.0123890396640043
-46.67928045258967	3.6389218349027717	-6.599625924688636	-41.948984745271545	1.0147419002563887
-46.460563306302355	3.6157296027722037	-6.599613690268076	-41.93619910492024	1.0171070706274548
-46.24184616001504	3.5926021644364137	-6.599598899859949	-41.923367267650505	1.019484661462797
-46.02312901372772	3.5695396516233404	-6.599581571832116	-41.910488942780724	1.0218747847766982
-45.8044118674404	3.5465422007416154	-6.599562038160288	-41.89756383962927	1.0242775539871982
-45.58569472115308	3.5236099527813747	-6.599540935018782	-41.88459166751453	1.0266930839911639
-45.366977574865764	3.5007430532149226	-6.599519193424037	-41.87157213575487	1.0291214912393598
-45.148260428578446	3.477941651897355	-6.599498029932671	-41.85850495366868	1.031562893811517
-44.92954328229113	3.455205902967019	-6.599478937395093	-41.845389830574334	1.0340174114914031
-44.71082613600381	3.4325359621531426	-6.599463868721684	-41.83222647427972	1.0364851658528498
-44.49210898971649	3.409931948872314	-6.599453217718638	-41.81901456886291	1.0389662802827442
-44.273391843429174	3.3873939569114873	-6.5994447143296	-41.80575378024852	1.0414608794946556
-44.054674697141856	3.3649220851719366	-6.599436415539069	-41.79244377393618	1.0439690893884375
-43.83595755085454	3.3425164382892034	-6.59942682623291	-41.779084215425506	1.0464910371475997
-43.61724040456722	3.3201771265185633	-6.599414886590122	-41.76567477021614	1.0490268513392051
-43.3985232582799	3.297904265620399	-6.599399959546707	-41.7522151038077	1.051576662013763
-43.17980611199258	3.2756979767454437	-6.599381818331199	-41.73870488169982	1.0541406008051262
-42.961088965705265	3.253558386319968	-6.599360634072297	-41.72514376939212	1.0567188010303847
-42.74237181941795	3.2314856259308216	-6.599336963479007	-41.711531432384234	1.0593113977897624
-42.52365467313063	3.209479832210411	-6.599311736594848	-41.6978675361758	1.0619185280665115
-42.30493752684331	3.1875411467215176	-6.5992862446272875	-41.68415174626642	1.0645403308268082
-42.08622038055599	3.1656697158422036	-6.599262127855466	-41.670383728155755	1.0671769471196473
-41.867503234268675	3.143865690620854	-6.5992413600721145	-41.65656314732462	1.0698285201767286
-41.64878608798136	3.1221291975349907	-6.599223662523477	-41.64268965057992	1.0724951953500799
-41.43006894169404	3.1004603218355684	-6.59920685336084	-41.62876285473451	1.0751771195513513
-41.21135179540672	3.078859157119961	-6.599190031935253	-41.61478237783083	1.077874441373622
-40.9926346491194	3.0573258032537995	-6.5991725453063	-41.60074783791132	1.0805873112393731
-40.77391750283208	3.035860366239173	-6.599153979639263	-41.58665885301844	1.0833158814755992
-40.55520035654476	3.014462958082771	-6.5991341516666235	-41.57251504119464	1.0860603063889207
-40.33648321025744	2.9931336966638846	-6.5991131002142716	-41.55831602048235	1.088820742340696
-40.11776606397012	2.971872705602432	-6.599091077793596	-41.54406140892403	1.0915973478221332
-39.899048917682805	2.9506801141267602	-6.5990685422593	-41.52975082456213	1.094390283529403
-39.68033177139549	2.9295560569414056	-6.599046148534632	-41.51538388543908	1.0971997124387505
-39.46161462510817	2.9085006741100017	-6.599024796758872	-41.50096020960774	1.1000257998823435
-39.24289747882085	2.8875140950466482	-6.59900679780096	-41.486479404137356	1.1028687137711708
-39.02418033253353	2.8665964082647872	-6.598991001361617	-41.471941043703296	1.1057286245339404
-38.805463186246214	2.8457477008927787	-6.598975225329714	-41.457344697262776	1.1086057045213071
-38.586746039958896	2.824968066901768	-6.598957902387822	-41.442689933772996	1.1115001280759906
-38.36802889367158	2.8042576069561522	-6.598938060749714	-41.427976322191185	1.1144120716924464
-38.14931174738426	2.7836164282638287	-6.598915305026178	-41.41320343147455	1.117341714176538
-37.93059460109694	2.7630446444264494	-6.59888979722003	-41.3983708305803	1.120289236805209
-37.711877454809624	2.74254237528958	-6.5988622378508195	-41.383478088465644	1.1232548234861537
-37.493160308522306	2.7221097467927704	-6.598833847211109	-41.36852477408781	1.126238660917489
-37.27444316223499	2.701746890819531	-6.598806346756941	-41.353510456404	1.1292409387474274
-37.05572601594767	2.6814539448291996	-6.598781973746452	-41.33843470420879	1.1322618497349564
-36.83700886966035	2.6612310266050265	-6.5987620648340926	-41.32329706726694	1.1353015898490937
-36.618291723373034	2.641078213355331	-6.598744226639785	-41.308097059878556	1.1383603577164543
-36.399574577085716	2.6209955848365647	-6.5987261151291285	-41.29283419253938	1.1414383542525903
-36.1808574307984	2.600983228322754	-6.598706072636652	-41.27750797574519	1.1445357828264435
-35.96214028451108	2.58104123843459	-6.598683105158126	-41.262117919991724	1.147652849453656
-35.74342313822376	2.561169716968544	-6.598656859807855	-41.24666353577476	1.1507897629898833
-35.52470599193644	2.5413687727258125	-6.598627602439989	-41.23114433359005	1.1539467353241075
-35.305988845649125	2.521638521341231	-6.598596195435783	-41.215559823933354	1.157123981571947
-35.08727169936181	2.5019790851121795	-6.598564075659446	-41.19990951730043	1.1603217202689713
-34.86855455307449	2.4823905928273575	-6.5985332325853	-41.184192924187045	1.1635401735640114
-34.64983740678717	2.4628731788257827	-6.598506302653502	-41.16840955446396	1.1667795674178856
-34.431120260499846	2.4434269491460285	-6.598484594807633	-41.152558889790804	1.1700401317337847
-34.21240311421253	2.4240519711590394	-6.598465014740074	-41.13664037407862	1.1733220995773366
-33.99368596792521	2.4047483175346818	-6.598444786223087	-41.120653448684315	1.17662570677537
-33.77496882163789	2.385516069216588	-6.598421977970044	-41.10459755496479	1.1799511921475283
-33.55625167535057	2.3663553152261367	-6.598395474463788	-41.088472134276955	1.1832987977598692
-33.337534529063255	2.3472661524662715	-6.598364947008925	-41.07227662797771	1.1866687691784654
-33.11881738277594	2.3282486855253386	-6.598330825008999	-41.056010477423946	1.190061355723006
-32.90010023648862	2.3093030264808663	-6.598294267469881	-41.03967312397258	1.193476810720396
-32.6813830902013	2.290429294703296	-6.598257134733104	-41.023264008980505	1.1969153917583581
-32.46266594391398	2.2716276166596883	-6.598221960444148	-41.00678257380462	1.2003773609390336
-32.243948797626665	2.2528981235212533	-6.598192114575068	-40.99022825785263	1.2038629851468088
-32.02523165133935	2.234240907220603	-6.598168429648889	-40.97360045935116	1.207372536137035
-31.80651450505201	2.2156560253727826	-6.598146877027294	-40.956898538237816	1.2109062893806228
-31.58779735876471	2.197143543372835	-6.598124149142726	-40.94012185305212	1.2144645237087712
-31.369080212477375	2.1787035357578013	-6.5980979865254135	-40.92326976233356	1.2180475216374442
-31.150363066190074	2.1603360859804726	-6.59806713996619	-40.90634162462167	1.2216555697038558
-30.93164591990274	2.142041286182971	-6.598031332988174	-40.88933679845594	1.2252889588029645
-30.712928773615438	2.123819236970396	-6.597991224628023	-40.87225464237589	1.2289479845239573
-30.4942116273281	2.1056700471844465	-6.597948372529552	-40.855094514921035	1.2326329474867448
-30.275494481040802	2.087593833676997	-6.597905196354167	-40.83785577463087	1.2363441536784456
-30.056777334753463	2.0695907210837743	-6.59786494151726	-40.820537780044916	1.240081914789881
-29.838060188466162	2.051660828786065	-6.597829847056395	-40.803139877216694	1.2438465484415
-29.619343042178826	2.033804217330413	-6.597796316478379	-40.78566134671252	1.247638377157896
-29.400625895891526	2.016020944779439	-6.597762478962395	-40.76810145684091	1.251457727965602
-29.18190874960419	1.9983110799760901	-6.597727221518843	-40.75045947663636	1.2553049329178927
-28.96319160331689	1.9806747015331194	-6.597689982874593	-40.73273467513337	1.259180329350375
-28.744474457029554	1.9631118975740198	-6.597650728300266	-40.714926321366455	1.263084260131751
-28.525757310742254	1.9456227654739993	-6.597609924701362	-40.697033684370126	1.2670170739145685
-28.307040164454918	1.9282074116009342	-6.597568515976397	-40.67905603317889	1.270979125385984
-28.088323018167618	1.9108659510620172	-6.597527907622756	-40.66099263683311	1.274970775518565
-27.86960587188028	1.893598493012574	-6.597491512296351	-40.64284274914042	1.278992392042524
-27.65088872559298	1.876405097241271	-6.597457729183794	-40.6246055619928	1.283044349469218
-27.432171579305642	1.859285819911113	-6.597422759945845	-40.60628025198969	1.2871270277094848
-27.213454433018345	1.8422407280142474	-6.597384241734014	-40.58786599573053	1.2912408122947032
-26.994737286731006	1.8252698990790228	-6.597341189965359	-40.56936196981477	1.295386094912129
-26.776020140443705	1.8083734208771614	-6.59729394162749	-40.550767350841866	1.2995632739402163
-26.55730299415637	1.7915513911309153	-6.597244099115191	-40.53208131541125	1.3037727549839524
-26.33858584786907	1.7748039172203913	-6.5971944746062805	-40.513303040122366	1.3080149514101802
-26.119868701581733	1.7581311151921362	-6.597149064928212	-40.49443170078001	1.3122902848856657
-25.901151555294433	1.7415330732899834	-6.59710941738897	-40.475466430823644	1.3165991856107087
-25.682434409007097	1.725009836587472	-6.597071019282077	-40.456406301826455	1.320942090822189
-25.463717262719797	1.7085614579568633	-6.5970301968415335	-40.43725038052338	1.3253194442059597
-25.24500011643246	1.6921880020306863	-6.59698485397684	-40.417997733649365	1.3297316964986128
-25.02628297014516	1.675889544868565	-6.596934405455483	-40.39864742793935	1.334179306132803
-24.807565823857825	1.6596661736241594	-6.5968797107485475	-40.37919853012828	1.3386627398825834
-24.588848677570525	1.6435179862122475	-6.596823008543398	-40.35965010695109	1.3431824735087297
-24.370131531283185	1.6274450909759284	-6.596767851934519	-40.340001225142714	1.3477389924040746
-24.15141438499589	1.6114476008500538	-6.596719028326959	-40.32025094460933	1.3523327922594677
-23.93269723870855	1.5955255782937936	-6.596675705564801	-40.30039824950041	1.356964378904257
-23.713980092421213	1.5796790611160296	-6.596632200513767	-40.28044207751984	1.3616342661585765
-23.495262946133913	1.563908099777546	-6.596584664314154	-40.26038136573642	1.3663429758108843
-23.276545799846577	1.5482127575271105	-6.59653116127382	-40.240215051218975	1.371091038456891
-23.057828653559277	1.5325931100207941	-6.5964715837454815	-40.2199420710363	1.3758789943431229
-22.83911150727194	1.5170492449414803	-6.596407567894743	-40.1995613622572	1.3807073942104942
-22.62039436098464	1.5015812616185946	-6.59634241036715	-40.179071861950504	1.3855768001378672
-22.401677214697305	1.4861892706542743	-6.596280995564113	-40.15847250719346	1.3904877863857135
-22.182960068410004	1.4708733731615111	-6.5962286286496505	-40.137762207368155	1.3954409402334267
-21.964242922122665	1.4556336062416821	-6.596180585063963	-40.11693976834912	1.4004368606177386
-21.745525775835368	1.4404700039676497	-6.596130467807217	-40.09600397223751	1.4054761557827153
-21.52680862954803	1.4253826148010391	-6.5960743261072485	-40.074953601134474	1.4105594439912663
-21.30809148326073	1.4103715011545221	-6.5960105447382205	-40.053787437141175	1.4156873546403694
-21.089374336973393	1.3954367389542968	-6.595939734547381	-40.03250426235875	1.4208605293763106
-20.870657190686092	1.3805784172029314	-6.595864624192289	-40.011102858888364	1.4260796232099096
-20.651940044398756	1.3657966375424342	-6.595789953104583	-39.98958200883116	1.4313453056317602
-20.433222898111456	1.3510915103145746	-6.595721573941638	-39.96794048910468	1.4366582616876744
-20.21450575182412	1.3364630934565742	-6.5956564826661745	-39.94617698040707	1.4420191910727602
-19.99578860553682	1.3219114148721296	-6.595590482952098	-39.924290096417906	1.4474288058393754
-19.777071459249484	1.3074365189417774	-6.595521632159127	-39.90227845193299	1.4528878315547835
-19.558354312962184	1.293038465261105	-6.595449275625547	-39.88014066174814	1.458397008217635
-19.339637166674848	1.2787173281418618	-6.595373972813988	-39.85787534065914	1.4639570910962694
-19.120920020387548	1.264473196113537	-6.59529742447328	-39.8354811034618	1.469568851567002
-18.902202874100208	1.2503061700126732	-6.59522308239469	-39.812956562693245	1.4752330780046092
-18.68348572781291	1.2362163172567262	-6.595154085965887	-39.79030025536273	1.4809505771418363
-18.464768581525572	1.2222036651767834	-6.595083941728118	-39.76751062853293	1.486722171887387
-18.246051435238275	1.208268254876845	-6.595008022780191	-39.74458612411771	1.4925487001288327
-18.027334288950936	1.1944101439276613	-6.594924898457337	-39.7215251840309	1.49843101639492
-17.808617142663635	1.1806294058044309	-6.59483617004436	-39.698326250186355	1.504369993620115
-17.5898999963763	1.166926129325	-6.594746308516799	-39.67498776449791	1.510366524909164
-17.371182850089	1.1533004153742927	-6.594662317159099	-39.65150816417451	1.5164215253013407
-17.152465703801663	1.1397523218090357	-6.594584437336662	-39.627885785790625	1.5225359320662941
-16.933748557514363	1.1262818689470373	-6.594504703395305	-39.604118870011156	1.5287107008487824
-16.715031411227027	1.1128890934727391	-6.594418244681527	-39.58020565372913	1.5349468055240312
-16.496314264939727	1.0995740500007105	-6.594323726138885	-39.5561443738376	1.541245240284317
-16.27759711865239	1.0863368104379805	-6.59422315676738	-39.53193326722959	1.5476070217618807
-16.05887997236509	1.0731774633470894	-6.594121700594395	-39.507570570798144	1.5540331911518206
-15.840162826077753	1.0600961091613628	-6.594027406664318	-39.483054513613645	1.5605248163561256
-15.621445679790453	1.0470927969739747	-6.5939399546447195	-39.4583831969779	1.5670829922965674
-15.402728533503117	1.03416754080759	-6.593849728660141	-39.43355461912415	1.5737088359535834
-15.184011387215817	1.0213203734310858	-6.593751079930887	-39.40856677541264	1.5804034864059795
-14.965294240928479	1.0085513471746999	-6.593642675282672	-39.38341766120355	1.5871681075645059
-14.74657709464118	0.995860533203667	-6.593527253669308	-39.35810527185713	1.5940038909376446
-14.527859948353843	0.9832480207926737	-6.593411386035456	-39.332627602733574	1.6009120583974188
-14.309142802066543	0.970713910126879	-6.593304993252809	-39.30698263586103	1.607893864975464
-14.090425655779207	0.9582582398691565	-6.593206326015624	-39.281168189488575	1.6149505987991404
-13.871708509491906	0.9458810174211131	-6.5931036377433045	-39.25518197286272	1.6220835744573117
-13.65299136320457	0.9335822714986475	-6.592990347119297	-39.229021693311545	1.6292941335520035
-13.43427421691727	0.9213620522422644	-6.592865180904186	-39.202685058163134	1.6365836483199616
-13.215557070629933	0.9092204303847609	-6.592731861427721	-39.176169774745546	1.6439535252764663
-12.996839924342634	0.8971574964201185	-6.592598798574687	-39.14947355038687	1.6514052088591271
-12.778122778055296	0.885173342255281	-6.592473732245422	-39.122594052857856	1.6589401844349723
-12.559405631767996	0.8732679852871001	-6.5923487853149805	-39.095528735799064	1.666559974181836
-12.34068848548066	0.8614414411998653	-6.592219159261397	-39.068274994893876	1.6742661348075016
-12.12197133919336	0.8496937497782019	-6.592083371086298	-39.04083022676182	1.6820602609491337
-11.903254192906022	0.838024973539851	-6.591942776424197	-39.01319182802238	1.6899439879519822
-11.684537046618724	0.8264351967117913	-6.591801562504553	-38.98535719510566	1.6979189946444717
-11.465819900331386	0.8149244904925577	-6.591666676637849	-38.95732364135745	1.7059870068865295
-11.247102754044088	0.8034928647764035	-6.591529085076906	-38.92908827339359	1.7141497953789644
-11.02838560775675	0.7921403425759295	-6.591381038935196	-38.90064816652726	1.7224091714755265
-10.80966846146945	0.7808669720805281	-6.591222023552464	-38.87200039607167	1.730766992013866
-10.590951315182114	0.7696728255917975	-6.591058292675982	-38.84314203734	1.739225165050867
-10.372234168894813	0.7585579930083818	-6.590901524910525	-38.814070151280085	1.7477856555445015
-10.153517022607476	0.7475225090282401	-6.590749491605458	-38.78478159162179	1.7564504859932428
-9.934799876320177	0.7365663770120848	-6.590589471045293	-38.755273057114245	1.7652217277427793
-9.71608273003284	0.7256896269883444	-6.590416456617552	-38.725541242815055	1.7741015032940912
-9.49736558374554	0.7148923158690766	-6.590233221949414	-38.69558284378186	1.7830919931526277
-9.278648437458203	0.704174526248964	-6.590049798697666	-38.665394555079764	1.7921954427177444
-9.059931291170903	0.6935363359486055	-6.589877355287768	-38.63497298748223	1.8014141684818143
-8.841214144883565	0.6829777460889633	-6.58970317258396	-38.60431445401272	1.8107505522959433
-8.622496998596267	0.6724987659154011	-6.589515496117013	-38.57341520248265	1.8202070342016003
-8.40377985230893	0.6620994347530901	-6.589312454837662	-38.5422714807034	1.8297861197566763
-8.18506270602163	0.651779820637473	-6.589101372180255	-38.510879536486385	1.8394903889835859
-7.966345559734293	0.6415400158043886	-6.5888979882575045	-38.479235607853035	1.8493225053510498
-7.747628413446956	0.6313800600034611	-6.588704204872892	-38.447335683856075	1.859285219676009
-7.528911267159656	0.6212999415796194	-6.588500574101898	-38.41517549226901	1.869381355749909
-7.310194120872319	0.6112996787258713	-6.588278063194474	-38.38275074861083	1.879613810922838
-7.09147697458502	0.6013793219127945	-6.58803942590369	-38.35005716840053	1.8899855676233717
-6.872759828297682	0.5915389523243029	-6.587798327589044	-38.31709046715711	1.9004997051090575
-6.654042682010383	0.5817786455736353	-6.587564753938343	-38.283846241141866	1.9111594082779766
-6.435325535723046	0.5720983956693245	-6.587325715160329	-38.2503196971617	1.9219679577062776
-6.216608389435747	0.5624982140432503	-6.5870757347388835	-38.216505976816386	1.932928728890259
-5.997891243148409	0.5529781474237675	-6.586816097900612	-38.18240022180637	1.9440452019945063
-5.77917409686111	0.5435382737899078	-6.586555304943009	-38.14799756559652	1.9553209710373296
-5.560456950573773	0.5341786331173054	-6.586297420355495	-38.1132928802925	1.966759752658139
-5.3417398042864725	0.5248992197137481	-6.586025087987166	-38.07828073112795	1.9783653760760491
-5.123022657999136	0.5157000621304064	-6.585733918267731	-38.04295566595858	1.9901417851132952
-4.904305511711836	0.5065812259750412	-6.5854350297940565	-38.00731223264012	2.002093056083487
-4.6855883654245	0.4975427856351667	-6.585145030520502	-37.97134487348289	2.0142234145728137
-4.466871219137199	0.4885847362079571	-6.584847424495432	-37.935047563598275	2.026537228429912
-4.248154072849863	0.47970708311297255	-6.584528591879177	-37.898414149335984	2.039038996411628
-4.029436926562563	0.4709098730702343	-6.584192765174269	-37.86143847704435	2.051733366451411
-3.810719780275226	0.46219318831154155	-6.583859983907902	-37.82411437778474	2.064625157735728
-3.592002633987926	0.4535570605463848	-6.583531478375114	-37.786435296849305	2.077719371712202
-3.3732854877005893	0.4450014729209595	-6.583182573040571	-37.74839427559849	2.0910211693250322
-3.1545683414132895	0.4365264503196799	-6.582808217494015	-37.709984336471855	2.104535879014761
-2.9358511951259527	0.4281320612677373	-6.582424112434382	-37.671198501914006	2.1182690249123364
-2.717134048838653	0.419818380806211	-6.582053077887097	-37.63202962988233	2.1322263531151395
-2.498416902551316	0.4115853906523259	-6.58167010979449	-37.592469925256324	2.1464138193218916
-2.279699756264016	0.4034330892420701	-6.581255945429813	-37.55251143162631	2.160837570408128
-2.060982609976679	0.39536152405381003	-6.580817909225662	-37.512146192582584	2.17550397573742
-1.8422654636893796	0.38737077957593996	-6.580381734059551	-37.47136620471032	2.190419663575357
-1.6235483174020426	0.37946086858041606	-6.579938390947572	-37.430162855756365	2.205591526508809
-1.4048311711147428	0.3716317809040939	-6.579474385690447	-37.38852713840622	2.2210267038219027
-1.1861140248274058	0.36388355924657123	-6.578992826891963	-37.3464500415745	2.2367326065534967
-0.9673968785401061	0.35621627270979084	-6.578509994453655	-37.3039224201776	2.2527169477481794
-0.7486797322527692	0.34862991390139386	-6.5780085054335755	-37.26093441006973	2.26898774965911
-0.5299625859654695	0.3411244910762896	-6.577474088826511	-37.21747590796322	2.285553329245212
-0.31124543967813256	0.3337000680300849	-6.576927279369397	-37.17353680521904	2.3024223441270713
-0.09252829339083285	0.3263566893864096	-6.576380113494985	-37.12910655279353	2.3196038356301933
0.1261888528965041	0.31909433284658284	-6.575800453953294	-37.08417383552444	2.3371071997670487
0.3449059991838038	0.31191302681604477	-6.575187634177473	-37.038727261690596	2.3549422015785058
0.5636231454711408	0.3048128478908779	-6.574573343758352	-36.99275536484992	2.373119042067087
0.7823402917584406	0.2977937995909321	-6.5739441152554035	-36.94624581004835	2.391648381651733
1.0010574380457775	0.2908558683641646	-6.573270142283078	-36.89918570353144	2.4105412998385565
1.2197745843330772	0.2839991068403951	-6.572568384858003	-36.851562142370064	2.429809352779352
1.4384917306204141	0.2772235827160183	-6.571871965384561	-36.80336187936027	2.449464654875448
1.6572088769077138	0.2705292649713379	-6.571138010964766	-36.75457047581321	2.4695198574176978
1.8759260231950508	0.26391616232041787	-6.570351378861821	-36.70517323621365	2.4899881328005184
2.0946431694823504	0.2573843491715579	-6.569547826532099	-36.65515541811661	2.510883278895841
2.3133603157696876	0.2509338440228559	-6.5687232897467895	-36.604501301841616	2.5322197744375976
2.532077462056987	0.24456463157841252	-6.567857050048005	-36.553194287891955	2.5540127485302575
2.750794608344324	0.2382767678237599	-6.566964673878496	-36.501217709306246	2.576278050651259
2.969511754631624	0.2320702717769561	-6.56604377543236	-36.44855394431045	2.599032323985812
3.188228900918961	0.2259451330249749	-6.565063444360184	-36.39518440756438	2.622292984156425
3.4069460472062607	0.2199014134034697	-6.564057952941358	-36.34109039913488	2.646078317024763
3.6256631934935974	0.21393912250005043	-6.563017215737021	-36.286251991241166	2.670407575684067
3.8443803397808973	0.20805824995413338	-6.561908682415105	-36.23064823038823	2.6953009336739346
4.0630974860682345	0.2022588620130277	-6.560773551655226	-36.17425801494882	2.72077962346354
4.281814632355534	0.19654095895489765	-6.559592310968165	-36.117058704812216	2.746866042158732
4.500531778642871	0.19090453253364267	-6.558331259127234	-36.05902657557977	2.773583697562813
4.719248924930171	0.18534965397164138	-6.557042862056376	-36.00013769256534	2.8009573984811365
4.937966071217508	0.17987631270533974	-6.55569437697514	-35.94036618780489	2.8290133690767427
5.156683217504807	0.17448450342065053	-6.554251864827481	-35.87968505673528	2.857779184181241
5.375400363792144	0.16917429608905943	-6.55276663837483	-35.818066917508496	2.8872840223072247
5.594117510079444	0.16394567312886948	-6.551205943633937	-35.75548209148708	2.9175587716716667
5.812834656366781	0.15879866031631007	-6.549572407831291	-35.69190000101647	2.9486360703047287
6.03155180265408	0.15373328240504827	-6.547867195588253	-35.62728858762846	2.9805505355185637
6.250268948941417	0.14874953168311514	-6.546053327716185	-35.56161379361674	3.013338794978036
6.4689860952287175	0.14384746214168298	-6.5441774299066955	-35.49484068959246	3.0470397659124995
6.687703241516054	0.1390270482147307	-6.5421771834399305	-35.42693147864464	3.0816947756928057
6.906420387803354	0.1342883383662584	-6.540091161420394	-35.35784746006841	3.1173477177249875
7.125137534090691	0.129631330157294	-6.537888263330594	-35.28754716122747	3.154045400595922
7.343854680377991	0.1250560343715071	-6.535551513420268	-35.215987079123934	3.191837562774104
7.5625718266653275	0.1205624917949741	-6.53311765177352	-35.1431218317605	3.2307773923686294
7.781288972952627	0.11615067329460077	-6.53050214761563	-35.06890236340307	3.270921574009162
8.000006119239965	0.1118206374104216	-6.527764076898248	-34.993278337139564	3.3123307204865253
8.2187232655273	0.10757236469827752	-6.524853838090754	-34.916195151421476	3.355069770386725
8.4374404118146	0.10340589323604024	-6.521790300705697	-34.837596046395156	3.3992082906296694
8.656157558101938	0.09932120887469471	-6.518510886485377	-34.75741986518691	3.4448209223892565
8.874874704389237	0.09531835313000656	-6.5150576610708155	-34.67560281976057	3.4919878761684635
9.093591850676574	0.09139730760380323	-6.511352710303759	-34.592075902822494	3.5407954670590063
9.312308996963875	0.08755811489130426	-6.507442095386203	-34.5067670244912	3.591336733983203
9.53102614325121	0.08380075486191865	-6.5032342779623935	-34.41959799109338	3.6437120617833605
9.749743289538511	0.08012527045053892	-6.498781034374084	-34.33048688622701	3.6980300332463774
9.968460435825849	0.07653164019182837	-6.493974419895357	-34.23934463792328	3.7544081438472556
10.187177582113147	0.07301990136140434	-6.488850704053073	-34.1460774718143	3.81297389959531
10.405894728400485	0.06959005202853416	-6.4833588201770835	-34.05058389736272	3.8738658777438757
10.624611874687785	0.06624209727197504	-6.4774375482907764	-33.95275518298746	3.9372349717104114
10.843329020975121	0.06297606106117949	-6.471089059763085	-33.85247503627572	4.003245745833885
11.062046167262421	0.05979193802756391	-6.46422517820302	-33.74961732664728	4.072078099648843
11.280763313549757	0.05668974145330957	-6.456804900025886	-33.644046579007785	4.143929211164804
11.499480459837057	0.053669488695034885	-6.448796772458878	-33.53561653202838	4.219015464254976
11.718197606124395	0.05073117040819372	-6.440067440006878	-33.424167774916306	4.2975751041484305
11.936914752411694	0.04787480904296389	-6.430592876254783	-33.30952848794843	4.379870972074918
12.155631898699031	0.045100409886798684	-6.4202756465340665	-33.191511073799035	4.466193945128661
12.374349044986332	0.042407977374043095	-6.408996583087075	-33.06991088638578	4.556866631124785
12.593066191273667	0.03979751641278838	-6.396626723146485	-32.944504168559625	4.65224802881967
12.811783337560968	0.03726903548659048	-6.383029908225595	-32.8150457677214	4.752738818466981
13.030500483848305	0.034822545788301566	-6.368063864423858	-32.681266291437474	4.858787606344488
13.249217630135604	0.03245804803543303	-6.351499421699081	-32.542868027733306	4.970898333813121
13.467934776422942	0.03017554998131427	-6.333133700140266	-32.39952193797935	5.089639469421982
13.686651922710242	0.027975056633959248	-6.312677688787196	-32.250862469086385	5.215654424207647
13.905369068997578	0.025856573225332316	-6.289810679876746	-32.096482174147724	5.349674525187371
14.124086215284878	0.023820104680345313	-6.264139952378594	-31.93592504177611	5.492534645956818
14.342803361572214	0.021865654705512275	-6.235177988263063	-31.768678410979316	5.645192230741064
14.561520507859514	0.019993230331520825	-6.202380084046282	-31.59416366109665	5.808750669181094
14.780237654146852	0.018202833578216476	-6.165012919864391	-31.411723597452532	5.984488326526437
14.99895480043415	0.016494468318734384	-6.122204861735563	-31.220608386081402	6.173894239512781
15.217671946721488	0.014868138226946857	-6.072861461830755	-31.01995715699205	6.378713133280798
15.436389093008788	0.013323846882755605	-6.015606273606749	-30.808775119233445	6.601001959744523
15.655106239296124	0.01186159796055046	-5.948687463726751	-30.585904526979924	6.8432013855856155
15.873823385583425	0.010481390230610585	-5.869813251315655	-30.349986469819665	7.10822752949671
16.09254053187076	0.009183228064896383	-5.776055748363817	-30.099413929011764	7.399588049397795
16.31125767815806	0.007967111905998758	-5.663514167314786	-29.83226616349668	7.721531866519866
16.529974824445397	0.006833039281621221	-5.526953893360174	-29.54622268048931	8.079238852229745
16.748691970732697	0.005781014145301608	-5.359344768347506	-29.23844872833146	8.479058478348815
16.967409117020036	0.004811027610719433	-5.150939890560904	-28.905427644610874	8.92879715286631
17.186126263307333	0.003923076063318674	-4.888232281971696	-28.542735582799555	9.43803281031962
17.404843409594672	0.003117152146879045	-4.552278450081021	-28.144705757129845	10.01836624160814
17.623560555881973	0.00239323737693672	-4.116487371959324	-27.703928431843575	10.683312006814827
17.84227770216931	0.0017512995990019938	-3.5445280205207794	-27.210489228705004	11.44694488413849
18.06099484845661	0.0011912771644503387	-2.7915967947066136	-26.65076149252696	12.318588450488553
18.279711994743945	0.0007130391146056695	-1.8228637156027545	-26.005422377374977	13.284797895916642
18.498429141031245	0.00031626816056317054	-0.7062998497605569	-25.246006632420347	14.247921103498076
18.71714628731858	-1.25732421875e-17	0.00500612493092846	-24.327803406814084	14.799318209386435