-200.00000000000003	22.93215658306602	-6.601613151982008	-45.63043918176926	0.316342092203811
-199.80000233278034	22.926859884932114	-6.56063780036827	-45.62997719429722	0.31695412066804063
-199.6000046655607	22.92128870492649	-6.520288856781756	-45.62949115084376	0.31756381244768594
-199.400006998341	22.915446091813017	-6.480538192020795	-45.628981299974555	0.31817120389301745
-199.20000933112138	22.90933510116144	-6.4413709903316985	-45.628447890255266	0.3187763302611618
-199.00001166390172	22.9029587949699	-6.402785499763054	-45.62789117024897	0.31937922633392485
-198.80001399668208	22.89632017891087	-6.364761767818238	-45.62731138306476	0.31997992651444573
-198.6000163294624	22.889422075343067	-6.327287664111765	-45.62670875528374	0.32057846402093115
-198.40001866224276	22.882267276986703	-6.290362623086924	-45.62608351039356	0.32117487192731303
-198.20002099502307	22.874858582057005	-6.253972125356983	-45.625435871881876	0.3217691828749141
-198.0000233278034	22.867198796448825	-6.218088344781758	-45.62476606345349	0.322361428416061
-197.80002566058377	22.85929082739629	-6.182711592123643	-45.62407431725092	0.32295163910968955
-197.60002799336408	22.85113722766827	-6.1478340835057494	-45.62336083400265	0.32353984568467997
-197.40003032614445	22.842740379996457	-6.113430555534596	-45.62262579913896	0.3241260777962312
-197.20003265892478	22.834102671811127	-6.079480905935432	-45.62186939809013	0.32471036395199254
-197.00003499170515	22.825226495001843	-6.045970141866839	-45.62109181628645	0.32529273175335643
-196.80003732448546	22.816114245681153	-6.012888328903371	-45.6202932391582	0.32587320813675225
-196.60003965726582	22.806768323949775	-5.980230540582502	-45.61947385213567	0.32645181961493897
-196.40004199004613	22.797191133664057	-5.947996808479589	-45.618633840649146	0.32702859251829874
-196.2000443228265	22.787385082205326	-5.916192072842401	-45.617773390128896	0.3276035532361298
-196.00004665560684	22.777352606358864	-5.884818164059459	-45.6168926882975	0.3281767283608191
-195.80004898838715	22.76709594264097	-5.853854274176325	-45.61599190501948	0.32874814393420804
-195.6000513211675	22.756617124515948	-5.823280888214038	-45.61507119203552	0.3293178249115049
-195.40005365394785	22.74591818675115	-5.793082286747494	-45.61413070090592	0.32988579534261325
-195.2000559867282	22.735001167289518	-5.763246415229041	-45.61317058319094	0.33045207854867553
-195.00005831950853	22.72386810706845	-5.733764848284738	-45.61219099045089	0.331016697298386
-194.8000606522889	22.712521049839587	-5.704632754339436	-45.61119207424604	0.33157967398430205
-194.6000629850692	22.700962041990653	-5.67584886054269	-45.61017398613668	0.3321410307991569
-194.40006531784957	22.68919313236852	-5.647415418003305	-45.60913687768309	0.33270078991217095
-194.2000676506299	22.677216382148885	-5.619335123950089	-45.60808090133146	0.33325897361771406
-194.00006998341024	22.665033765214265	-5.591593920127375	-45.607006201640985	0.33381560390557724
-193.80007231619058	22.652647058303625	-5.564178597337464	-45.60591290557915	0.3343707019758442
-193.6000746489709	22.6400580273043	-5.537078677450153	-45.60480113894375	0.3349242884170797
-193.40007698175125	22.627268440378838	-5.510285556120363	-45.60367102753256	0.3354763833042896
-193.2000793145316	22.61428006782234	-5.483792485149075	-45.602522697143364	0.3360270062906571
-193.00008164731196	22.60109468192178	-5.457594554978101	-45.60135627357395	0.3365761766992796
-192.80008398009227	22.587714056815127	-5.431688677305929	-45.60017188262208	0.3371239136149057
-192.60008631287263	22.574139968353137	-5.406073567824067	-45.59896965008555	0.3376702359756717
-192.40008864565297	22.56037420244659	-5.380749884749511	-45.5977497025144	0.3382151626657723
-192.2000909784333	22.54641858221239	-5.3557171754573005	-45.596512169633314	0.33875871258742646
-192.00009331121365	22.53227468427953	-5.330964488915269	-45.59525715918319	0.33930090431034626
-191.80009564399396	22.517944027534906	-5.306480645704494	-45.59398477362708	0.33984175578584913
-191.60009797677432	22.503428132584443	-5.2822562645004885	-45.59269511542802	0.34038128441525534
-191.40010030955466	22.488728521642297	-5.258283745215564	-45.59138828704908	0.34091950713884056
-191.20010264233503	22.473846718420383	-5.234557252265133	-45.59006439095328	0.3414564405247871
-191.00010497511533	22.458784248019565	-5.211072697936875	-45.58872352960369	0.3419921008581367
-190.8001073078957	22.443542636820585	-5.187827725849584	-45.58736580546335	0.34252650422974207
-190.600109640676	22.428123412376603	-5.164821694499242	-45.585991320995305	0.3430596666252197
-190.40011197345638	22.412528103306066	-5.142055660897985	-45.5846001786626	0.34359160401390093
-190.2001143062367	22.396758239186923	-5.119532364321904	-45.58319248092829	0.34412233243778506
-190.00011663901702	22.380815372914938	-5.09725168294802	-45.58176833226282	0.3446518680363915
-189.8001189717974	22.36470093347002	-5.075203668129704	-45.58032782599428	0.345180226630113
-189.60012130457773	22.34841623911908	-5.053379622243918	-45.57887104545879	0.34570742352092215
-189.40012363735806	22.33196260894536	-5.031772151289375	-45.577398073960254	0.34623347357359974
-189.2001259701384	22.315341363123125	-5.010375137596412	-45.57590899480259	0.34675839128081776
-189.00012830291877	22.298553822832165	-4.989183727956296	-45.57440389128972	0.3472821908281998
-188.80013063569908	22.28160131017269	-4.968194321813003	-45.572882846725555	0.34780488615938315
-188.60013296847944	22.26448514808123	-4.947404559509522	-45.57134594441401	0.3483264910410792
-188.40013530125978	22.247206660247002	-4.926813310584906	-45.56979326765902	0.3488470191281355
-188.20013763404015	22.229767171028183	-4.906420662123508	-45.56822489976448	0.34936648402859627
-188.00013996682046	22.212168005370174	-4.886227907163737	-45.56664092403432	0.3498848993687642
-187.8001422996008	22.1944104966924	-4.866236733620614	-45.56504142449057	0.35040227885140196
-187.60014463238113	22.176495948736598	-4.846441994282417	-45.563426482442985	0.3509186360979433
-187.40014696516147	22.158425534629213	-4.826836556944643	-45.56179616737495	0.3514339843474276
-187.20014929794183	22.140200415914233	-4.80741445241882	-45.56015054765434	0.3519483364808465
-187.00015163072214	22.121821754874322	-4.788170662266694	-45.558489691648994	0.3524617050727473
-186.8001539635025	22.10329071446351	-4.769101110000656	-45.55681366772678	0.3529741024406882
-186.60015629628285	22.084608458239877	-4.750202652325065	-45.55512254425556	0.35348554069469484
-186.40015862906318	22.06577615029847	-4.731473070412883	-45.55341638960319	0.3539960317867151
-186.20016096184352	22.046794955205065	-4.7129110612148795	-45.55169527213753	0.354505587560076
-186.0001632946239	22.027666037930455	-4.69451622880126	-45.549959260226444	0.3550142197989383
-185.8001656274042	22.008390563784367	-4.676289075738117	-45.548208422237785	0.35552194027775336
-185.60016796018454	21.988969698885924	-4.658230969363007	-45.54644282658808	0.35602876081065793
-185.4001702929649	21.969404616711305	-4.6403406056627485	-45.54466254234468	0.3565346932369167
-185.2001726257452	21.94969639067681	-4.622612346592185	-45.54286762944726	0.3570397491682133
-185.00017495852558	21.929846056851286	-4.605041228713456	-45.541058144391535	0.3575439399151207
-184.80017729130589	21.909854651799765	-4.587623030763715	-45.539234143673234	0.3580472765292303
-184.60017962408625	21.88972321252904	-4.5703542667885	-45.537395683788084	0.3585497698425397
-184.4001819568666	21.86945277643333	-4.553232179304366	-45.535542821231815	0.35905143050684163
-184.20018428964696	21.849044381240155	-4.536254732486643	-45.53367561250013	0.359552269033112
-184.00018662242726	21.82849906495735	-4.519420605380206	-45.53179411408878	0.36005229583089865
-183.8001889552076	21.80781786581911	-4.502729185131808	-45.52989838249348	0.3605515212477097
-183.60019128798797	21.787001822233474	-4.4861805602460825	-45.52798847420994	0.3610499556084017
-183.40019362076828	21.766051972729727	-4.469775513867697	-45.5260644457339	0.3615476092545687
-183.20019595354864	21.74496935317255	-4.453513101474413	-45.524126353309676	0.36204449255153914
-183.00019828632895	21.72375494562422	-4.437387379631023	-45.52217424822583	0.362540615622215
-182.80020061910932	21.70240969142311	-4.42139649255203	-45.52020817800078	0.36303598837459794
-182.60020295188966	21.680934531450927	-4.405538829610335	-45.51822819008295	0.36353062062074676
-182.40020528467002	21.65933040684937	-4.389812774176253	-45.51623433192079	0.36402452207761277
-182.20020761745033	21.637598258974872	-4.374216703880001	-45.51422665096272	0.36451770236666065
-182.00020995023067	21.615739029354618	-4.358748990869753	-45.51220519465717	0.36501017101348726
-181.800212283011	21.593753659641802	-4.343408002064584	-45.51017001045257	0.36550193744744214
-181.60021461579134	21.57164309157207	-4.328192099403072	-45.50812114579736	0.36599301100124715
-181.4002169485717	21.54940826691915	-4.31309964008707	-45.50605864813996	0.36648340091061615
-181.20021928135202	21.527050127451936	-4.298128976821479	-45.50398256492881	0.366973116313875
-181.00022161413239	21.50456961252525	-4.283278384215989	-45.50189294339233	0.36746216625108613
-180.80022394691272	21.4819676097993	-4.268545634758807	-45.49978982595378	0.36795055964364104
-180.60022627969306	21.459244974176258	-4.253929712117626	-45.497673251974675	0.3684383053140982
-180.4002286124734	21.43640256305121	-4.239429799526145	-45.49554326103089	0.36892541203621365
-180.20023094525376	21.413441233967095	-4.225044943838655	-45.49339989269832	0.3694118885312768
-180.00023327803407	21.390361844577246	-4.210774057010076	-45.49124318655286	0.369897743460449
-179.8002356108144	21.367165252608636	-4.196615917567815	-45.48907318217041	0.37038298541710046
-179.60023794359478	21.34385231582447	-4.182569172074901	-45.48688991912685	0.3708676229191486
-179.4002402763751	21.320423891987957	-4.168632336585168	-45.484693436998086	0.3713516644013959
-179.20024260915545	21.296880838825732	-4.154803798090052	-45.48248377536	0.37183511820786697
-179.0002449419358	21.273224013991673	-4.1410818159575395	-45.4802609737885	0.3723179925841473
-178.80024727471613	21.249454275030573	-4.127464523363384	-45.47802507185947	0.37280029566971995
-178.60024960749647	21.22557249436247	-4.1139589757873924	-45.47577611056401	0.373282035667253
-178.40025194027683	21.201579489670262	-4.100566315646275	-45.47351412575329	0.37376322124743133
-178.20025427305714	21.177476027996995	-4.087275117822316	-45.47123914849961	0.3742438606256973
-178.0002566058375	21.153262876481453	-4.074077432385448	-45.468951209869054	0.37472396145018266
-177.80025893861784	21.12894080239394	-4.060968776238034	-45.46665034092767	0.37520353100298115
-177.60026127139815	21.10451057310626	-4.047948099105505	-45.46433657274152	0.37568257640144337
-177.40026360417852	21.07997295606175	-4.035017749593946	-45.462009936376674	0.3761611047994718
-177.20026593695883	21.05532871874522	-4.02218344131348	-45.45967046289918	0.3766391235888167
-177.0002682697392	21.030578628655295	-4.009454219078016	-45.45731818337529	0.37711664060037
-176.80027060251953	21.005723547116947	-3.996835755040573	-45.454953137806115	0.37759366419523366
-176.6002729352999	20.98076430326336	-3.98431826817324	-45.45257536317116	0.3780702025774701
-176.4002752680802	20.955701619057784	-3.9718922697213093	-45.4501848862578	0.3785462633319341
-176.20027760086057	20.930536216568694	-3.959551207474017	-45.44778173385343	0.37902185356705387
-176.00027993364088	20.905268817943107	-3.947291436959066	-45.44536593274543	0.37949698008697536
-175.80028226642125	20.879900145379953	-3.935112192730434	-45.44293750972118	0.37997164956370477
-175.6002845992016	20.854430921103727	-3.9230155597145564	-45.44049649156808	0.38044586870925307
-175.4002869319819	20.8288618673379	-3.911006444615926	-45.43804290507349	0.38091964444777854
-175.20028926476226	20.80319370654212	-3.8990925420879914	-45.4355767770501	0.3813929840877248
-175.0002915975426	20.777427250225237	-3.887277988530786	-45.433098142887346	0.38186589538235816
-174.80029393032297	20.75156326485821	-3.87555427575989	-45.430607033684595	0.3823383859139522
-174.60029626310327	20.725602432687484	-3.8639134930454575	-45.42810347244583	0.38281046273446423
-174.40029859588364	20.69954543602266	-3.852350207860026	-45.42558748217505	0.38328213249362475
-174.20030092866395	20.673392957212318	-3.8408614414011453	-45.42305908587625	0.38375340158706617
-174.0003032614443	20.647145678620586	-3.8294466441897934	-45.42051830655342	0.3842242763044497
-173.80030559422465	20.620804282603743	-3.8181076717201896	-45.41796516721056	0.3846947629775938
-173.60030792700496	20.594369451486674	-3.806848760163297	-45.415399690851665	0.3851648681286018
-173.40031025978533	20.567841868269532	-3.7956764632971582	-45.41282190055169	0.38563459861790644
-173.20031259256567	20.541222287440394	-3.7845919710447506	-45.41023182635379	0.3861039616355887
-173.000314925346	20.51451141783295	-3.773588269582705	-45.40762949389677	0.3865729641187809
-172.80031725812634	20.48770991139721	-3.762660399851854	-45.405014923292704	0.38704161263737014
-172.6003195909067	20.460818420089325	-3.7518049096147803	-45.40238813465363	0.3875099135053662
-172.40032192368702	20.433837595850438	-3.7410198384783304	-45.39974914809158	0.38797787287273583
-172.20032425646738	20.40676809058551	-3.7303047029616225	-45.397097983718616	0.38844549681723495
-172.00032658924772	20.379610556141923	-3.719660481600828	-45.394434661646784	0.38891279143624247
-171.80032892202803	20.352365644288295	-3.709089600092322	-45.391759201988116	0.38937976293859256
-171.6003312548084	20.325034007158166	-3.698595800044043	-45.38907162490035	0.3898464177360308
-171.40033358758873	20.297616316858985	-3.6881766357517916	-45.386371952521415	0.39031276235220835
-171.20033592036907	20.270113223938658	-3.677828386836218	-45.38366020488699	0.3907788030283012
-171.0003382531494	20.242525363204784	-3.667550148400831	-45.3809364004933	0.3912445458990593
-170.80034058592977	20.21485336937121	-3.6573411984440307	-45.378200557836536	0.3917099970539151
-170.60034291871008	20.187097877038102	-3.6472009960619496	-45.37545269541291	0.39217516254844603
-170.40034525149045	20.159259520678518	-3.6371291792050457	-45.37269283171924	0.39264004841583533
-170.2003475842708	20.131338931255563	-3.6271253107304804	-45.369920984918856	0.3931046606736778
-170.00034991705112	20.103336725981105	-3.6171884868866804	-45.36713717182238	0.3935690053019011
-169.80035224983146	20.075253518756398	-3.607317872992028	-45.36434140892031	0.39403308822994054
-169.60035458261177	20.047089923384565	-3.5975127977657664	-45.36153371270314	0.394496915345861
-169.40035691539214	20.018846553552603	-3.587772751714584	-45.3587140996614	0.3949604925067268
-169.20035924817248	19.990524022813606	-3.57809738547158	-45.3558825862857	0.39542382554897115
-169.00036158095284	19.962122941927927	-3.5684863166694822	-45.353039188802235	0.39588692029540684
-168.80036391373315	19.933643908932037	-3.5589387293304946	-45.350183922176285	0.3963497825366641
-168.60036624651352	19.90508751827295	-3.5494538478816295	-45.34731680102279	0.3968124180174421
-168.40036857929383	19.876454364298066	-3.540031045914483	-45.34443783995673	0.39727483244451267
-168.2003709120742	19.847745041237246	-3.530669844703503	-45.341547053593054	0.39773703149630607
-168.00037324485453	19.818960143185993	-3.5213699117287693	-45.33864445654672	0.39819902083249786
-167.8003755776349	19.790100262205225	-3.512130950054968	-45.3357300632424	0.39866080610203886
-167.6003779104152	19.76116597856633	-3.502952204971611	-45.33280388692758	0.39912239292836893
-167.40038024319554	19.73215786842691	-3.493832895395999	-45.329865940443554	0.3995837868896981
-167.20038257597588	19.703076507845157	-3.484772415637879	-45.32691623663161	0.400044993526863
-167.00038490875622	19.67392247276382	-3.4757703336417776	-45.32395478833303	0.40050601835475297
-166.80038724153658	19.644696338994134	-3.4668263892274567	-45.32098160838911	0.4009668668737351
-166.6003895743169	19.61539867987846	-3.4579400452837445	-45.317996709404476	0.4014275445719491
-166.40039190709726	19.58603005840129	-3.4491106498811175	-45.315000102941404	0.40188805689705404
-166.2003942398776	19.55659103467291	-3.4403379740736733	-45.31199180027892	0.4023484092819344
-166.00039657265793	19.527082168700797	-3.431621632704931	-45.308971812696065	0.40280860714803157
-165.80039890543827	19.49750402037425	-3.4229610836854123	-45.305940151471916	0.4032686558948278
-165.6004012382186	19.467857149448868	-3.4143556296687145	-45.30289682788553	0.4037285608893262
-165.40040357099895	19.438142131215958	-3.4058047475493187	-45.29984185482972	0.40418832746161065
-165.2004059037793	19.408359533143642	-3.39730826088045	-45.296775244417944	0.40464796093326233
-165.00040823655965	19.378509886053706	-3.388865655063246	-45.29369700500525	0.40510746660971536
-164.80041056933996	19.348593720353147	-3.3804764255513016	-45.290607144905835	0.4055668497716694
-164.6004129021203	19.318611566418067	-3.3721400833077295	-45.287505672433916	0.40602611567606767
-164.40041523490066	19.288563954579608	-3.3638561546799655	-45.28439259590371	0.4064852695570909
-164.200417567681	19.258451415109853	-3.35562418127459	-45.281267923629414	0.40694431662715114
-164.00041990046134	19.228274478208466	-3.347443719832398	-45.27813166392525	0.40740326207788513
-163.80042223324168	19.198033673988444	-3.339314342103131	-45.27498382510542	0.40786211108114856
-163.600424566022	19.16772953246267	-3.3312356347205414	-45.27182441548414	0.40832086879000945
-163.40042689880235	19.137362583530138	-3.3232071990773147	-45.26865344337561	0.408779540339742
-163.20042923158272	19.106933356962312	-3.315228651200103	-45.26547091709405	0.4092381308488204
-163.00043156436303	19.07644238238955	-3.307299621624579	-45.26227684495366	0.4096966454199124
-162.8004338971434	19.04589018928754	-3.29941975527055	-45.25907123526866	0.41015508914087323
-162.60043622992373	19.015277306963817	-3.291588711317157	-45.25585409635325	0.41061346708573937
-162.40043856270407	18.984604264544295	-3.283806163078123	-45.25262543652164	0.4110717843157221
-162.2004408954844	18.953871590959952	-3.2760717978771297	-45.249385264088055	0.41153004588020137
-162.00044322826474	18.923079809171846	-3.2683852581195767	-45.24613358675778	0.41198825681655665
-161.80044556104508	18.892229418074812	-3.26074609841235	-45.242870409707926	0.41244642214416316
-161.60044789382542	18.861320910395616	-3.2531539036208126	-45.23959573746592	0.4129045468636637
-161.40045022660578	18.830354778848797	-3.2456082698259463	-45.23630957455926	0.4133626359583765
-161.20045255938612	18.79933151612381	-3.238108804152253	-45.233011925515434	0.41382069439503455
-161.00045489216646	18.768251614873012	-3.2306551246776323	-45.22970279486194	0.4142787271245245
-160.80045722494677	18.737115567699814	-3.2232468603432967	-45.22638218712629	0.4147367390826259
-160.60045955772713	18.705923867146257	-3.2158836508635553	-45.223050106835956	0.4151947351907503
-160.40046189050747	18.674677005681705	-3.2085651466359364	-45.21970655851845	0.41565272035668044
-160.2004642232878	18.64337547569028	-3.2012910086509483	-45.21635154670127	0.4161106994753094
-160.00046655606815	18.612019769459348	-3.194060908402204	-45.212985075911895	0.41656867742937953
-159.80046888884848	18.580610379167652	-3.1868745277964705	-45.20960715067783	0.41702665909022185
-159.60047122162882	18.549147796873424	-3.17973155906374	-45.20621777552658	0.4174846493184951
-159.4004735544092	18.517632514502484	-3.1726317046673507	-45.20281695498563	0.41794265296492467
-159.20047588718953	18.4860650238368	-3.1655746772143107	-45.19940469358248	0.41840067487104193
-159.00047821996984	18.454445816502414	-3.158560199365456	-45.19598099584462	0.4188587198699235
-158.8004805527502	18.422775383957397	-3.1515880037008235	-45.19254586629948	0.4193167927869298
-158.60048288553054	18.391054211398657	-3.144657778668763	-45.18909930881309	0.4197748984392313
-158.40048521831088	18.359282763415756	-3.1377691650712265	-45.185641325022836	0.4202330416312663
-158.20048755109121	18.327461500300803	-3.1309218297439663	-45.18217191609914	0.42069122715527935
-158.00048988387155	18.295590882346637	-3.124115447028553	-45.17869108321244	0.42114945979238083
-157.8004922166519	18.2636713698361	-3.117349698711677	-45.17519882753315	0.42160774431307163
-157.60049454943226	18.231703423031487	-3.110624273964521	-45.1716951502317	0.4220660854777678
-157.4004968822126	18.199687502163766	-3.1039388692820715	-45.168180052478505	0.42252448803732545
-157.2004992149929	18.167624067422114	-3.0972931884225074	-45.164653535443996	0.42298295673356495
-157.00050154777327	18.135513578943186	-3.0906869423465397	-45.161115600298594	0.4234414962997961
-156.8005038805536	18.103356496800647	-3.084119849156859	-45.157566248212724	0.4239001114613426
-156.60050621333394	18.071153280994533	-3.0775916340375136	-45.15400548035681	0.4243588069360665
-156.40050854611428	18.038904391440834	-3.0711020291934203	-45.15043329790127	0.4248175874348935
-156.20051087889462	18.00661028796091	-3.064650773789824	-45.146849702016546	0.4252764576623369
-156.00051321167496	17.97427143027092	-3.058237613891786	-45.14325469387304	0.42573542231702277
-155.8005155444553	17.94188827797167	-3.051862302403867	-45.13964827464119	0.4261944860922144
-155.60051787723566	17.90946129053786	-3.045524599009628	-45.136030445491414	0.42665365367633695
-155.400520210016	17.876990927299495	-3.0392242698950374	-45.132401207593205	0.42711292975350185
-155.20052254279634	17.84447764105308	-3.0329610560059805	-45.12876056140024	0.42757231900325904
-155.00052487557664	17.81192186675803	-3.026734670395344	-45.12510850537584	0.4280318260981159
-154.800527208357	17.77932403633303	-3.020544836405973	-45.12144503764025	0.42849145570360353
-154.60052954113735	17.74668458171844	-3.0143912831713076	-45.117770156313696	0.4289512124788629
-154.4005318739177	17.714003934866895	-3.00827374556672	-45.11408385951643	0.42941110107707503
-154.20053420669802	17.68128252773353	-3.0021919641607733	-45.110386145368686	0.4298711261458919
-154.00053653947836	17.648520792266304	-2.996145685166511	-45.10667701199071	0.43033129232786665
-153.80053887225873	17.615719160396527	-2.9901346603928682	-45.10295645750275	0.4307916042608843
-153.60054120503906	17.582878064029014	-2.9841586471960144	-45.09922448002503	0.43125206657859233
-153.4005435378194	17.549997935032938	-2.9782174084309165	-45.09548107767781	0.4317126839108309
-153.2005458705997	17.517079205231667	-2.972310712402641	-45.09172624858132	0.4321734608840638
-153.00054820338008	17.484122306393846	-2.966438332818109	-45.08795999085581	0.4326344021218084
-152.80055053616042	17.451127670223222	-2.9606000487374655	-45.08418230262151	0.4330955122450671
-152.60055286894078	17.41809572834968	-2.954795644525912	-45.080393181998666	0.4335567958727567
-152.4005552017211	17.38502691231939	-2.9490249098052814	-45.07659262710752	0.43401825762213997
-152.20055753450143	17.35192165358539	-2.943287639405823	-45.072780636068316	0.43447990210925536
-152.00055986728177	17.318780383475268	-2.93758363188717	-45.06895720699864	0.4349417339493409
-151.80056220006213	17.2856035265946	-2.9319126366810346	-45.065122337251296	0.4354037577555374
-151.60056453284247	17.252391491880392	-2.926274412492461	-45.061276022370926	0.43586597813636097
-151.4005668656228	17.2191446860658	-2.920668741115583	-45.0574182576415	0.4363283996984382
-151.20056919840314	17.18586351593279	-2.91509540668911	-45.05354903834699	0.43679102704716577
-151.00057153118348	17.152548388303302	-2.909554195679804	-45.04966835977138	0.4372538647869101
-150.80057386396382	17.119199710030216	-2.9040448968658583	-45.045776217198636	0.43771691752120606
-150.60057619674416	17.085817887988533	-2.898567301320316	-45.04187260591273	0.438180189852957
-150.40057852952452	17.05240332906639	-2.893121202394419	-45.037957521197626	0.43864368638463314
-150.20058086230483	17.018956440156437	-2.887706395701033	-45.03403095833731	0.43910741171847184
-150.00058319508517	16.98547762814665	-2.8823226790978644	-45.03009291261576	0.4395713704566758
-149.80058552786554	16.951967299911527	-2.8769698526707828	-45.02614337931693	0.4400355672016134
-149.60058786064587	16.918425862303454	-2.871647718717183	-45.02218235372481	0.4405000065560171
-149.4005901934262	16.884853722143447	-2.8663560817291	-45.01820983112336	0.4409646931231833
-149.20059252620655	16.851251286212772	-2.861094748376624	-45.01422580679656	0.44142963150717135
-149.0005948589869	16.817618961243706	-2.8558635274909774	-45.01023027602838	0.44189482631300275
-148.80059719176722	16.783957153910983	-2.8506622300478472	-45.0062232341028	0.44236028214686085
-148.6005995245476	16.75026627074612	-2.845490670215434	-45.002204676294625	0.44282600361629787
-148.4006018573279	16.716546710797786	-2.8403486776960962	-44.99817459699237	0.4432919953311328
-148.20060419010824	16.682798859635696	-2.8352360612202614	-44.99413298897152	0.4437582619038319
-148.0006065228886	16.649023101482243	-2.830152624133686	-44.99007984483651	0.4442248079482382
-147.80060885566894	16.615219820639748	-2.825098173206521	-44.98601515719177	0.44469163807971146
-147.60061118844928	16.581389401481815	-2.8200725186012536	-44.981938918641745	0.4451587569154297
-147.40061352122962	16.54753222844509	-2.8150754738408548	-44.97785112179086	0.4456261690746904
-147.20061585400995	16.513648686020822	-2.8101068557768856	-44.97375175924356	0.44609387917921123
-147.0006181867903	16.479739158746494	-2.8051664845577147	-44.96964082360429	0.44656189185343226
-146.80062051957066	16.44580403119725	-2.800254183596713	-44.96551830747747	0.44703021172481616
-146.60062285235097	16.411843687977623	-2.7953697795406107	-44.96138420346753	0.44749884342415025
-146.40062518513133	16.377858513713345	-2.790513102237945	-44.95723850417894	0.44796779158584715
-146.20062751791164	16.343848893042388	-2.7856839847073034	-44.953081202216104	0.4484370608482466
-146.000629850692	16.309815210607162	-2.7808822631060295	-44.94891229018347	0.4489066558539159
-145.80063218347235	16.27575785104585	-2.7761077766987015	-44.944731760685485	0.44937658124995217
-145.60063451625268	16.241677198983894	-2.7713603678257135	-44.94053960632657	0.44984684168828254
-145.40063684903302	16.207573639025984	-2.7666398818721167	-44.93633581971117	0.45031744182596617
-145.20063918181336	16.173447556869814	-2.761946160357861	-44.93212039358252	0.450788386325421
-145.00064151459372	16.1392993423525	-2.7572789772325286	-44.92789332120266	0.45125967985114623
-144.80064384737403	16.1051293610039	-2.7526381658386083	-44.923654592826445	0.45173132706879227
-144.6006461801544	16.070937973218502	-2.7480235815320158	-44.91940419805646	0.4522033326505338
-144.4006485129347	16.03672553953322	-2.743435079268542	-44.91514212649527	0.45267570127552675
-144.20065084571507	16.002492420619724	-2.7388725136109597	-44.91086836774544	0.4531484376299257
-144.0006531784954	15.968238977276274	-2.734335738735934	-44.90658291140954	0.4536215464069022
-143.80065551127575	15.9339655704195	-2.72982460844087	-44.902285747090126	0.4540950323066627
-143.6006578440561	15.899672561076684	-2.7253389761508524	-44.89797686438978	0.4545689000364663
-143.40066017683642	15.865360310377413	-2.7208786949253563	-44.89365625291108	0.4550431543106427
-143.20066250961676	15.831029179545482	-2.7164436174649653	-44.88932390225657	0.4555177998506104
-143.0006648423971	15.796679529891069	-2.7120335961181667	-44.88497980202884	0.45599284138489454
-142.80066717517747	15.762311722802409	-2.707648482887883	-44.88062394183044	0.4564682836491444
-142.60066950795778	15.72792611973785	-2.703288129438141	-44.87625631126396	0.45694413138615225
-142.40067184073814	15.6935230822176	-2.698952387100548	-44.87187689993194	0.4574203893458703
-142.20067417351848	15.659102971815978	-2.6946411068809204	-44.867485697436976	0.45789706228542953
-142.00067650629882	15.624666150152873	-2.690354139465578	-44.86308269338162	0.45837415496915696
-141.80067883907915	15.590212978885978	-2.6860913352278737	-44.85866787736845	0.4588516721685939
-141.6006811718595	15.555743819702581	-2.681852544234529	-44.854241239000025	0.45932961866251387
-141.40068350463983	15.521259034311422	-2.6776376162519298	-44.84980276787892	0.45980799923694066
-141.20068583742017	15.486758984434665	-2.6734464007524603	-44.8453524536077	0.46028681868516597
-141.00068817020053	15.452244031799742	-2.669278746920692	-44.84089028578894	0.4607660818077675
-140.80069050298084	15.41771453776994	-2.6651344927212226	-44.83641625397832	0.4612457934124109
-140.6006928357612	15.383170851390252	-2.6610134676201485	-44.831930346131074	0.4617259583121366
-140.40069516854155	15.348613309386526	-2.65691556141066	-44.82743254858487	0.46220658132927317
-140.20069750132188	15.314042248230033	-2.6528406665938937	-44.8229228476182	0.46268766729835215
-140.00069983410222	15.279458004587077	-2.6487886735997916	-44.81840122950956	0.4631692210660559
-139.80070216688256	15.244860915310793	-2.6447594708100572	-44.813867680537435	0.4636512474911116
-139.6007044996629	15.210251317433537	-2.640752944581256	-44.809322186980324	0.4641337514441854
-139.40070683244323	15.175629548158657	-2.6367689792675906	-44.80476473511671	0.4646167378077765
-139.2007091652236	15.140995944852886	-2.6328074572438407	-44.8001953112251	0.4651002114761116
-139.0007114980039	15.106350845038062	-2.6288682589279655	-44.79561390158398	0.46558417735503876
-138.80071383078428	15.071694586383561	-2.6249512628038825	-44.791020492471844	0.4660686403619215
-138.60071616356458	15.037027506697854	-2.621056345443864	-44.78641507016718	0.4665536054255335
-138.40071849634495	15.002349943921025	-2.617183381531167	-44.78179762094849	0.46703907748595186
-138.2007208291253	14.967662236116402	-2.6133322438823114	-44.77716813109425	0.4675250614944522
-138.00072316190563	14.932964721462945	-2.609502803469504	-44.772526586882975	0.4680115624134022
-137.80072549468596	14.898257738246853	-2.605694929442724	-44.767872974593146	0.46849858521615584
-137.6007278274663	14.863541624853784	-2.6019084891519673	-44.76320728050325	0.46898613488694774
-137.40073016024664	14.828816719760924	-2.5981433481693132	-44.758529490891796	0.4694742164207873
-137.20073249302698	14.7940833615287	-2.5943993703108372	-44.75383959203726	0.46996283482335266
-137.00073482580734	14.759341888793061	-2.590676417658603	-44.749137570218146	0.470451995110885
-136.80073715858765	14.724592640257141	-2.586974350582405	-44.74442341171294	0.4709417023100827
-136.60073949136802	14.689835954683533	-2.5832930277616	-44.739697102800136	0.4714319614579954
-136.40074182414835	14.65507216963793	-2.5796322903564564	-44.734958629587915	0.47192277760140255
-136.2007441569287	14.620301607215621	-2.575992015345583	-44.730207976060704	0.47241415579672913
-136.00074648970903	14.585524581747777	-2.5723721279217644	-44.72544512511164	0.472906101116426
-135.80074882248937	14.550741407804933	-2.5687725500263863	-44.72067005963066	0.4733986186505144
-135.6007511552697	14.515952400212525	-2.5651932001051234	-44.71588276250771	0.47389171350636666
-135.40075348805007	14.481157874042928	-2.561633993145541	-44.71108321663273	0.4743853908084856
-135.2007558208304	14.446358144607428	-2.5580948407145323	-44.706271404895666	0.4748796556982844
-135.00075815361072	14.411553527448081	-2.554575650995616	-44.70144731018645	0.4753745133338663
-134.80076048639108	14.376744338329953	-2.5510763288262415	-44.69661091539504	0.4758699688898041
-134.60076281917142	14.341930893232792	-2.5475967757347986	-44.69176220341137	0.4763660275569199
-134.40076515195176	14.30711350834315	-2.5441368899776404	-44.68690115712539	0.47686269454206476
-134.2007674847321	14.272292500046133	-2.5406965665758943	-44.68202775942703	0.47735997506789857
-134.00076981751243	14.237468184917578	-2.5372756973522743	-44.67714199320624	0.4778578743726692
-133.80077215029277	14.202640879715625	-2.533874170967602	-44.67224384135296	0.47835639770999266
-133.6007744830731	14.167810901372997	-2.530491872957429	-44.66733328675714	0.47885555034863275
-133.40077681585348	14.132978566988381	-2.5271286857682473	-44.662410312308715	0.4793553375722804
-133.20077914863379	14.098144193818746	-2.523784488793923	-44.65747490089763	0.47985576467933355
-133.00078148141415	14.063308099270854	-2.5204591584117098	-44.652527035413826	0.4803568369826768
-132.80078381419446	14.028470600893437	-2.5171525680184113	-44.647566698747255	0.4808585598094611
-132.60078614697483	13.993632016368577	-2.5138645880661263	-44.642593873787845	0.48136093850088324
-132.40078847975516	13.958792663503962	-2.5105950860982236	-44.63760854342555	0.481863978411966
-132.2007908125355	13.92395286028563	-2.507343925511423	-44.632610690559105	0.48236768491132903
-132.00079314531584	13.889112921501253	-2.504110941043281	-44.627600297611096	0.48287206337952504
-131.80079547809618	13.854273144805438	-2.5008960563167784	-44.62257734451163	0.4833771192116505
-131.60079781087654	13.819433824134354	-2.4976992278614487	-44.61754181060946	0.48388285782589113
-131.40080014365688	13.784595253755137	-2.4945204067026783	-44.612493675253305	0.4843892846641496
-131.20080247643722	13.749757728257894	-2.4913595384213956	-44.607432917791925	0.4848964051916503
-131.00080480921753	13.714921542546977	-2.488216563213317	-44.602359517574044	0.48540422489654417
-130.8008071419979	13.68008699183308	-2.4850914159483026	-44.597273453948404	0.48591274928951317
-130.60080947477823	13.645254371624796	-2.4819840262293695	-44.592174706263755	0.48642198390337577
-130.4008118075586	13.610423977720082	-2.4788943184514545	-44.58706325386883	0.48693193429269077
-130.2008141403389	13.57559610619807	-2.475822211860162	-44.581939076112356	0.4874426060333631
-130.00081647311924	13.540771053410758	-2.472767620610252	-44.57680215234309	0.48795400472224765
-129.80081880589958	13.505949115974362	-2.469730453823845	-44.571652461909764	0.48846613597675465
-129.60082113867995	13.471130590761158	-2.466710615648641	-44.56648998416112	0.4889790054344543
-129.40082347146028	13.436315774890836	-2.4637080053157465	-44.561314698445905	0.4894926187526815
-129.2008258042406	13.401504965722088	-2.460722517197432	-44.55612658411284	0.4900069816081407
-129.00082813702096	13.366698460844317	-2.4577540408647542	-44.550925620510675	0.4905220996965104
-128.8008304698013	13.331896558068925	-2.4548024611448462	-44.54571178698815	0.4910379787320486
-128.60083280258164	13.297099555420893	-2.451867658178132	-44.540485062894	0.4915546244471966
-128.40083513536197	13.26230775113038	-2.4489495074753806	-44.535245427576974	0.49207204259218484
-128.2008374681423	13.227521443623889	-2.4460478799744276	-44.529992860385796	0.49259023893463677
-128.00083980092265	13.192740931516145	-2.4431626420969845	-44.52472734066922	0.4931092192591741
-127.800842133703	13.15796651386104	-2.440293653335939	-44.51944884781549	0.49362898936697186
-127.60084446648334	13.123198482758848	-2.437440797810952	-44.51415736012751	0.49414955507582325
-127.40084679926369	13.088437114205632	-2.4346040444135335	-44.508852853411575	0.4946709222281073
-127.20084913204403	13.053682682989528	-2.4317833657720795	-44.503535303227636	0.4951930966958612
-127.00085146482435	13.018935464307017	-2.4289787283704456	-44.49820468513567	0.49571608438051
-126.80085379760472	12.984195733754001	-2.426190092614524	-44.49286097469564	0.4962398912124097
-126.60085613038504	12.949463767316985	-2.4234174128987074	-44.487504147467504	0.4967645231503909
-126.40085846316539	12.914739841364469	-2.420660637672184	-44.48213417901125	0.4972899861813015
-126.20086079594572	12.880024232637837	-2.4179197095049227	-44.47675104488683	0.49781628631955077
-126.00086312872607	12.845317218242517	-2.4151945651535067	-44.47135472065421	0.49834342960665173
-125.8008654615064	12.810619075639341	-2.4124851356269015	-44.465945181873366	0.4988714221107652
-125.60086779428676	12.775930082635373	-2.4097913462518026	-44.46052240410426	0.49940026992624253
-125.4008701270671	12.741250517375061	-2.40711311673792	-44.45508636290686	0.4999299791731693
-125.20087245984742	12.706580658331276	-2.4044503612430383	-44.449637033841135	0.5004605559969081
-125.00087479262778	12.6719207842963	-2.4018029884378556	-44.44417439246704	0.5009920065676423
-124.8008771254081	12.637271174373009	-2.3991709015707094	-44.43869841434456	0.5015243370799192
-124.60087945818846	12.60263210796563	-2.396553998531958	-44.43320907503365	0.5020575537521927
-124.40088179096878	12.5680038647707	-2.393952171918249	-44.427706350094276	0.502591662826368
-124.20088412374913	12.533386724768341	-2.391365309096704	-44.42219021508642	0.5031266705673431
-124.00088645652947	12.49878096821272	-2.3887932922686446	-44.416660645570026	0.5036625832625533
-123.80088878930981	12.464186875623337	-2.386235998533407	-44.41111761710508	0.5041994072215142
-123.60089112209016	12.42960472777571	-2.3836932999517857	-44.405561105251536	0.5047371487753648
-123.4008934548705	12.395034806035676	-2.3811650311877948	-44.39999108562477	0.5052758142754395
-123.20089578765084	12.36047737988173	-2.3786510521897113	-44.394407531878926	0.5058154100889648
-123.00089812043116	12.325932705817602	-2.3761513782605768	-44.38881041550451	0.5063559426150005
-122.80090045321153	12.291401040484182	-2.3736660213406116	-44.38319970793291	0.5068974182919587
-122.60090278599185	12.256882641017476	-2.3711949834296404	-44.37757538059553	0.5074398435968214
-122.40090511877222	12.222377765038994	-2.368738256700801	-44.37193740492376	0.5079832250442885
-122.20090745155254	12.187886670646357	-2.366295823614017	-44.366285752349015	0.5085275691859275
-122.00090978433288	12.153409616403513	-2.363867657028924	-44.360620394302664	0.5090728826093212
-121.80091211711321	12.118946861331477	-2.361453720317709	-44.35494130221612	0.5096191719372173
-121.60091444989357	12.084498664898481	-2.3590539674773288	-44.34924844752077	0.5101664438266766
-121.4009167826739	12.050065287010478	-2.3566683432415325	-44.34354180164802	0.5107147049682218
-121.20091911545425	12.015646988001405	-2.3542967831924266	-44.337821336029265	0.5112639620849864
-121.00092144823459	11.981244028623577	-2.3519392138717543	-44.3320870220959	0.5118142219318633
-120.80092378101492	11.94685667003792	-2.3495955528917345	-44.326338831279315	0.5123654912946536
-120.60092611379528	11.912485173804326	-2.347265709045612	-44.32057673501092	0.512917776989215
-120.4009284465756	11.878129801871768	-2.3449495824177724	-44.31480070472209	0.5134710858606112
-120.20093077935596	11.843790816568758	-2.3426470644936064	-44.30901071184424	0.51402542478226
-120.00093311213628	11.80946848059332	-2.3403580382688873	-44.30320672780876	0.5145808006550822
-119.80093544491663	11.775163057003336	-2.338082378358899	-44.297388724047046	0.5151372204066504
-119.60093777769697	11.74087480920659	-2.335819951107152	-44.2915566719905	0.515694690990338
-119.40094011047731	11.70660400095097	-2.333570614693798	-44.28571054307051	0.5162532193844671
-119.20094244325766	11.672350896314633	-2.331334219243751	-44.27985030871847	0.5168128125914581
-119.00094477603798	11.638115750612872	-2.3291107098430035	-44.27397593880493	0.517373477640963
-118.80094710881833	11.603898803772676	-2.326900133749505	-44.26808740047637	0.5179352216080381
-118.60094944159866	11.569700297441097	-2.3247024828659346	-44.262184661074016	0.5184980516128748
-118.40095177437902	11.535520473835017	-2.3225177413641664	-44.256267687939115	0.5190619748179592
-118.20095410715935	11.501359575730765	-2.320345885772148	-44.25033644841291	0.5196269984274408
-118.00095643993969	11.467217846453632	-2.3181868850604728	-44.24439090983664	0.5201931296864989
-117.80095877272004	11.433095529867533	-2.316040700728795	-44.23843103955155	0.5207603758807118
-117.60096110550037	11.398992870364458	-2.3139072868919164	-44.23245680489888	0.5213287443354232
-117.40096343828071	11.364910112854025	-2.311786590365684	-44.22646817321987	0.5218982424151108
-117.20096577106106	11.330847502752981	-2.3096785507526096	-44.22046511185576	0.5224688775227534
-117.0009681038414	11.296805285974736	-2.307583100527291	-44.2144475881478	0.5230406570991986
-116.80097043662172	11.262783708918557	-2.305500165121444	-44.208415569437214	0.5236135886225308
-116.60097276940209	11.228783018459334	-2.3034296630089255	-44.202369023065266	0.5241876796074387
-116.40097510218241	11.194803461936557	-2.3013715057902293	-44.19630791637318	0.524762937604583
-116.20097743496278	11.16084528714402	-2.2993255982769942	-44.1902322167022	0.5253393701999641
-116.0009797677431	11.126908742319005	-2.2972918385761227	-44.18414189139357	0.5259169850142896
-115.80098210052344	11.09299407613156	-2.2952701181736725	-44.17803690778854	0.5264957897023423
-115.60098443330378	11.059101537798737	-2.293260318872503	-44.17191723325092	0.5270757919522844
-115.40098676608413	11.025231370498668	-2.291262339357736	-44.165782833974795	0.5276569994850607
-115.20098909886447	10.991383803425553	-2.289276179824799	-44.159633673522805	0.5282394200644716
-115.0009914316448	10.957559064874564	-2.2873018459175767	-44.15346971517573	0.5288230615048042
-114.80099376442516	10.923757383794033	-2.285339333877783	-44.14729092221435	0.5294079316703589
-114.60099609720548	10.889978989774212	-2.2833886306543056	-44.14109725791946	0.5299940384746203
-114.40099842998582	10.856224113035736	-2.2814497140120675	-44.13488868557182	0.5305813898794278
-114.20100076276616	10.82249298441853	-2.2795225526408416	-44.12866516845223	0.5311699938941477
-114.00100309554651	10.788785835370152	-2.2776071062634657	-44.12242666984145	0.5317598585748442
-113.80100542832685	10.755102897934533	-2.275703325743936	-44.11617315302027	0.5323509920234506
-113.60100776110718	10.721444404740494	-2.273811153195099	-44.10990458126947	0.5329434023869404
-113.40101009388754	10.687810588990196	-2.271930522086012	-44.103620917869826	0.533537097856499
-113.20101242666787	10.654201684447633	-2.2700613573489976	-44.097322126102114	0.5341320866666945
-113.00101475944821	10.620617925427224	-2.26820357548645	-44.091008169247125	0.5347283770946494
-112.80101709222856	10.58705954678203	-2.2663570846771686	-44.08467901058563	0.5353259774592113
-112.60101942500889	10.553526783892329	-2.2645217848825485	-44.07833461339842	0.5359248961201247
-112.40102175778922	10.520019872653869	-2.2626975679523214	-44.07197494096626	0.536525141477202
-112.20102409056958	10.486539049466337	-2.26088431773011	-44.06559995656993	0.5371267219694946
-112.00102642334991	10.45308455079992	-2.25908190509821	-44.05920962340955	0.5377296460741344
-111.80102875613025	10.419656600281622	-2.2572902826801426	-44.0528039021269	0.5383339223096305
-111.6010310889106	10.386255412631925	-2.255509478009147	-44.04638275152458	0.5389395592511348
-111.40103342169094	10.35288120322133	-2.2537395085661385	-44.0399461303848	0.5395465655336712
-111.20103575447128	10.319534188165061	-2.251980380738262	-44.03349399748974	0.5401549498511019
-111.00103808725163	10.28621458431062	-2.2502320899520254	-44.02702631162161	0.5407647209550837
-110.80104042003197	10.252922609225362	-2.2484946208060834	-44.02054303156261	0.5413758876540242
-110.60104275281229	10.219658481183865	-2.246767947203541	-44.01404411609492	0.5419884588120387
-110.40104508559263	10.186422419155665	-2.245052032484027	-44.00752952400076	0.5426024433479061
-110.20104741837298	10.153214642792452	-2.24334682955517	-44.00099921406231	0.5432178502340258
-110.00104975115332	10.120035372415641	-2.241652281023822	-43.994453145061776	0.5438346884953736
-109.80105208393366	10.08688482900373	-2.2399683193268443	-43.98789127578136	0.544452967208459
-109.601054416714	10.053763234179584	-2.2382948668614304	-43.98131356500325	0.5450726955002807
-109.40105674949434	10.020670810197869	-2.236631836115152	-43.97471997150964	0.5456938825472835
-109.20105908227468	9.987607779932317	-2.234979129795538	-43.96811045408275	0.5463165375743145
-109.00106141505503	9.954574366862929	-2.2333366409592457	-43.96148497150475	0.5469406698535801
-108.80106374783537	9.921570795063296	-2.23170425314092	-43.954843482557855	0.5475662887036017
-108.6010660806157	9.888597289290809	-2.2300818382847583	-43.948185946045086	0.5481934034881472
-108.40106841339603	9.855654071167045	-2.2284692577938814	-43.94151232001819	0.5488220236138315
-108.20107074617638	9.822741345436732	-2.2268665296468098	-43.93482255897001	0.5494521585417059
-108.00107307895672	9.789859314090817	-2.2252737031214607	-43.92811661666246	0.550083817804178
-107.80107541173707	9.757008179979104	-2.223690813210867	-43.921394446857455	0.5507170110051143
-107.60107774451741	9.724188146796337	-2.222117880800828	-43.914656003316914	0.5513517478183892
-107.40108007729775	9.69139941906868	-2.22055491284719	-43.90790123980276	0.5519880379864345
-107.2010824100781	9.658642202139772	-2.219001902552421	-43.90113011007691	0.5526258913187871
-107.00108474285844	9.625916702156992	-2.217458829541727	-43.89434256790128	0.5532653176906388
-106.80108707563878	9.593223126057632	-2.215925660038627	-43.887538567037794	0.5539063270413848
-106.6010894084191	9.560561681554992	-2.214402347039894	-43.88071806124836	0.5545489293731721
-106.40109174119945	9.527932577124536	-2.21288883049003	-43.87388100429491	0.555193134749449
-106.20109407397979	9.495336021989816	-2.2113850374550794	-43.86702734993935	0.5558389532935134
-106.00109640676013	9.462772226108656	-2.2098908822960115	-43.8601570519436	0.556486395187062
-105.80109873954048	9.430241400159085	-2.208406266841478	-43.85327006406959	0.5571354706687389
-105.60110107232082	9.397743755525308	-2.2069310805600346	-43.846366340079236	0.5577861900326846
-105.40110340510115	9.365279504283581	-2.205465200731805	-43.839445833734445	0.5584385636270843
-105.2011057378815	9.33284885918824	-2.204008492619703	-43.83250849879714	0.5590926018527177
-105.00110807066184	9.300452033873253	-2.202560809977837	-43.825554289075626	0.559748315161427
-104.80111040344218	9.268089231440097	-2.201122102887437	-43.81858315596594	0.5604057140606263
-104.6011127362225	9.235760641233577	-2.1996924334756063	-43.81159504771453	0.5610648091352468
-104.40111506900286	9.20346645294382	-2.1982718538235155	-43.80458991243052	0.5617256110544144
-104.2011174017832	9.171206857231953	-2.1968604010347828	-43.797567698223006	0.562388130569971
-104.00111973456353	9.138982045714881	-2.19545809742524	-43.79052835320108	0.5630523785149054
-103.80112206734388	9.106792210950113	-2.1940649507121326	-43.78347182547387	0.5637183658017867
-103.60112440012422	9.074637546420245	-2.1926809542026473	-43.77639806315045	0.5643861034211961
-103.40112673290457	9.042518246517782	-2.1913060869819936	-43.769307014339944	0.5650556024401593
-103.20112906568491	9.010434506529677	-2.1899403141008125	-43.76219862715145	0.5657268740005789
-103.00113139846525	8.978386522621909	-2.1885835867620185	-43.75507284969407	0.5663999293176663
-102.8011337312456	8.946374491823983	-2.1872358425070506	-43.74792963007692	0.5670747796783744
-102.60113606402592	8.914398612013473	-2.185897005401566	-43.74076891640908	0.5677514364398301
-102.40113839680626	8.882459081900532	-2.184566986220554	-43.73359065679967	0.5684299110277657
-102.2011407295866	8.850556101012323	-2.1832456826328674	-43.7263947993578	0.5691102149349522
-102.00114306236695	8.818689869677273	-2.181932979385105	-43.71918129219255	0.5697923597196307
-101.80114539514729	8.786860589009747	-2.1806287484851383	-43.71195008341305	0.5704763570039458
-101.60114772792762	8.755068460902741	-2.179332849125537	-43.70470112113036	0.571162218472376
-101.40115006070798	8.72331368681259	-2.1780450664594504	-43.697434353182516	0.5718499558658887
-101.20115239348831	8.691596449747898	-2.1767653953877146	-43.69014972298891	0.5725395809878702
-101.00115472626865	8.659916926322394	-2.1754939531203847	-43.68284717225659	0.5732311057422601
-100.801157059049	8.628275294261583	-2.1742308340668712	-43.67552664269256	0.5739245421377005
-100.60115939182933	8.59667173238568	-2.172976110142648	-43.668188076003844	0.5746199022848406
-100.40116172460966	8.565106420592773	-2.171729831075084	-43.66083141389748	0.5753171983936426
-100.20116405739	8.533579539841432	-2.1704920247080173	-43.65345659808049	0.5760164427706864
-100.00116639017035	8.502091272133796	-2.169262697305568	-43.64606357025989	0.5767176478164759
-99.80116872295069	8.47064180049827	-2.1680418338547276	-43.63865227214271	0.5774208260227436
-99.60117105573103	8.439231308972431	-2.1668293983670353	-43.63122264543597	0.5781259899697558
-99.40117338851138	8.407859982585656	-2.1656253341791074	-43.62377463184669	0.578833152323619
-99.20117572129172	8.376528007341976	-2.1644295642522327	-43.61630817308191	0.5795423258335842
-99.00117805407207	8.345235570202666	-2.1632419914708287	-43.60882321084865	0.5802535233293526
-98.80118038685241	8.313982859068899	-2.162062498939914	-43.60131968685392	0.5809667577183815
-98.60118271963273	8.28277006276442	-2.160890950281594	-43.59379754280475	0.5816820419831884
-98.40118505241307	8.251597371018178	-2.1597271899305164	-43.58625672040818	0.5823993891786577
-98.20118738519342	8.220464974446653	-2.1585710434282213	-43.57869716137121	0.5831188124293455
-98.00118971797376	8.189373063241085	-2.157422345545158	-43.57111880708449	0.5838403249274818
-97.8011920507541	8.158321811103752	-2.156281188400687	-43.56352159468285	0.5845639399560447
-97.60119438353445	8.127311384349529	-2.155147664225797	-43.55590545920804	0.585289670919672
-97.40119671631479	8.096341951014779	-2.1540218233051913	-43.54827033582327	0.586017531336139
-97.20119904909512	8.065413680339217	-2.1529036984928807	-43.54061615969172	0.5867475348335678
-97.00120138187548	8.034526742746964	-2.151793305445256	-43.53294286597661	0.5874796951484387
-96.80120371465581	8.00368130982746	-2.1506906428534145	-43.52525038984112	0.5882140261236019
-96.60120604743615	7.972877554316406	-2.1495956926748057	-43.517538666448445	0.5889505417062885
-96.40120838021647	7.942115650076739	-2.1485084203642177	-43.50980763096179	0.5896892559461224
-96.20121071299683	7.911395772079398	-2.1474287751039394	-43.50205721854434	0.5904301829931312
-96.00121304577716	7.880718096384274	-2.1463566900333597	-43.4942873643593	0.591173337095758
-95.8012153785575	7.850082800120819	-2.145292082477674	-43.486498003569864	0.5919187325988725
-95.60121771133785	7.81949006146899	-2.1442348541760974	-43.478689071339225	0.5926663839417828
-95.40122004411819	7.788940059639893	-2.1431848915092337	-43.47086050283059	0.5934163056562464
-95.20122237689853	7.758432974883873	-2.1421420652164205	-43.46301223321422	0.5941685123644778
-95.00122470967888	7.727968985194357	-2.141106245193084	-43.45514419681961	0.5949230187770324
-94.80122704245922	7.697548251854435	-2.1400774695651346	-43.44725632336882	0.5956798397095349
-94.60122937523957	7.667170932798508	-2.1390558144180654	-43.4393485413755	0.5964389901067472
-94.40123170801989	7.6368371872978384	-2.13804133498674	-43.43142077935331	0.5972004850428001
-94.20123404080023	7.606547175939638	-2.1370340659433444	-43.4234729658159	0.5979643397186608
-94.00123637358057	7.5763010606061	-2.136034021684446	-43.415505029276915	0.5987305694596021
-93.80123870636092	7.546099004453392	-2.135041196617146	-43.407516898250016	0.5994991897126702
-93.60124103914126	7.51594117189059	-2.1340555654443	-43.399508501248846	0.600270216044153
-93.4012433719216	7.485827728558705	-2.13307708344892	-43.39147976678707	0.6010436641370484
-93.20124570470195	7.455758841309369	-2.1321056867774657	-43.38343062337833	0.6018195497885325
-93.00124803748228	7.425734678183859	-2.1311412927224556	-43.37536099953628	0.6025978889074284
-92.80125037026262	7.395755408391858	-2.1301838000040383	-43.36727082377457	0.6033786975116737
-92.60125270304297	7.365821202290203	-2.1292330890506737	-43.35916002460686	0.6041619917257893
-92.4012550358233	7.335932231361601	-2.1282890222789366	-43.35102853054679	0.6049477877783475
-92.20125736860363	7.306088667585312	-2.1273514427778983	-43.34287626994157	0.6057361019990637
-92.00125970138397	7.276290668841923	-2.1264203340267502	-43.33470316696298	0.6065269508277659
-91.80126203416432	7.246538383137173	-2.125495798349386	-43.32650914269326	0.6073203508493628
-91.60126436694466	7.2168319598002855	-2.124577916011127	-43.31829411817087	0.6081163188006942
-91.401266699725	7.187171549621406	-2.1236667431872354	-43.31005801443426	0.60891487156743
-91.20126903250535	7.157557304828377	-2.122762312309118	-43.301800752521885	0.6097160261809383
-91.00127136528569	7.1279893790636395	-2.1218646324095216	-43.293522253472204	0.610519799815154
-90.80127369806603	7.098467927360822	-2.120973689466433	-43.285222438323665	0.611326209783446
-90.60127603084638	7.068993106121549	-2.120089446745997	-43.27690122811472	0.6121352735354864
-90.4012783636267	7.039565073092093	-2.11921184514423	-43.26855854388382	0.6129470086541181
-90.20128069640704	7.010183987339962	-2.1183408035275617	-43.260194306669426	0.6137614328522232
-90.00128302918739	6.980850009230516	-2.117476219072312	-43.251808437509986	0.6145785639695909
-89.80128536196773	6.951563300403517	-2.116617967603016	-43.24340085744395	0.615398419969786
-89.60128769474807	6.922324023749699	-2.1157659039296686	-43.23497148750979	0.6162210189370169
-89.40129002752842	6.893132343531244	-2.1149198539568537	-43.22652024878775	0.6170463790727143
-89.20129236030876	6.863988415918832	-2.1140796996143667	-43.218047059650566	0.6178745186938696
-89.0012946930891	6.834892380337852	-2.1132455626069917	-43.209551833180676	0.6187054562727198
-88.80129702586945	6.805844376195125	-2.1124175641197236	-43.20103448197948	0.6195392104621343
-88.60129935864978	6.776844544518345	-2.1115957949143005	-43.192494918648364	0.6203758000923563
-88.4013016914301	6.747893027930329	-2.110780315784834	-43.18393305578873	0.6212152441667232
-88.20130402421044	6.718989970623345	-2.1099711580119545	-43.17534880600197	0.6220575618573895
-88.0013063569908	6.6901355183332	-2.109168323815251	-43.166742081889474	0.6229027725010471
-87.80130868977113	6.661329818313545	-2.1083717868043084	-43.15811279605264	0.6237508955946479
-87.60131102255147	6.632573019309885	-2.1075814924279728	-43.14946086109286	0.6246019507911247
-87.40131335533182	6.603865271533747	-2.1067973584221584	-43.14078618961153	0.6254559578951124
-87.20131568811216	6.575206726636707	-2.106019275256004	-43.13208869421005	0.6263129368586705
-87.0013180208925	6.546597537684368	-2.105247106576441	-43.12336828748979	0.6271729077770039
-86.80132035367285	6.51803785913048	-2.1044806896513313	-43.11462488205217	0.6280358908841842
-86.60132268645319	6.4895278468284365	-2.1037198354492976	-43.10585839051019	0.6289019065488688
-86.40132501923351	6.461067654721822	-2.10296438515611	-43.09706872447245	0.6297709752724256
-86.20132735201386	6.4326574165635035	-2.102214438137358	-43.08825578884575	0.6306431177245226
-86.0013296847942	6.404297261780861	-2.101470135639879	-43.07941948664912	0.6315183547823748
-85.80133201757454	6.3759873215999985	-2.1007315868145113	-43.07055972090159	0.6323967075301209
-85.60133435035489	6.347727729017178	-2.099998869202951	-43.06167639462219	0.6332781972542226
-85.40133668313523	6.319518618770126	-2.09927202922292	-43.052769410829946	0.6341628454388635
-85.20133901591556	6.291360127309342	-2.098551082651699	-43.04383867254389	0.635050673761348
-85.00134134869592	6.263252392769301	-2.0978360151079394	-43.034884082783044	0.6359417040875011
-84.80134368147625	6.235195554939826	-2.0971267825319213	-43.02590554456645	0.6368359584670661
-84.60134601425659	6.207189755237073	-2.0964233116639037	-43.01690296091312	0.6377334591291052
-84.40134834703692	6.179235136674834	-2.0957255005210063	-43.007876234842094	0.6386342284773971
-84.20135067981727	6.151331843835608	-2.0950332188723007	-42.998825269372404	0.6395382890858374
-84.0013530125976	6.123480022841602	-2.094346308712217	-42.98974996752307	0.6404456636938367
-83.80135534537794	6.095679821325884	-2.093664584732431	-42.98065023231312	0.6413563752017198
-83.6013576781583	6.067931388059821	-2.0929877828097094	-42.971525966648365	0.6422704466625416
-83.40136001093863	6.040234855390673	-2.0923158279108827	-42.9623770675138	0.6431879012814045
-83.20136234371897	6.012590342966394	-2.091648955304351	-42.953203427086045	0.6441087624982135
-83.00136467649932	5.984997972196944	-2.0909873600853497	-42.944004937464854	0.6450330540108934
-82.80136700927966	5.957457866456651	-2.0903311897880648	-42.934781490749984	0.6459607997676506
-82.60136934206	5.929970151052174	-2.0896805451654035	-42.925532979041186	0.6468920239591088
-82.40137167484032	5.902534953190457	-2.089035480965836	-42.916259294438206	0.647826751010444
-82.20137400762067	5.875152401946709	-2.0883960067072564	-42.9069603290408	0.6487650055735196
-82.00137634040101	5.847822628232215	-2.0877620874477403	-42.89763597494872	0.6497068125190224
-81.80137867318136	5.8205457647621905	-2.0871336445532647	-42.88828612426171	0.6506521969285971
-81.6013810059617	5.7933219460236565	-2.08651055646246	-42.87891066907954	0.6516011840869821
-81.40138333874204	5.766151308243072	-2.0858926594481537	-42.86950950150194	0.6525537994741442
-81.20138567152239	5.739033989354238	-2.085279748376131	-42.860082513628676	0.6535100687574142
-81.00138800430273	5.711970128965858	-2.084671577460727	-42.8506295975595	0.6544700177836225
-80.80139033708306	5.684959867075629	-2.084067899462227	-42.841150644953146	0.655433672572525
-80.60139266986342	5.658003326170672	-2.083468855131488	-42.83164554070174	0.6564010593619727
-80.40139500264374	5.631100619097666	-2.0828746270446823	-42.82211416557567	0.657372204680288
-80.20139733542408	5.604251861132804	-2.0822853280922695	-42.812556400444116	0.6583471353332802
-80.00139966820441	5.577457169664147	-2.081701034336765	-42.80297212617629	0.6593258783969167
-79.80140200098477	5.550716664155963	-2.081121785607711	-42.793361223641384	0.6603084612115327
-79.6014043337651	5.524030466113312	-2.080547586094803	-42.78372357370859	0.6612949113760415
-79.40140666654544	5.497398699046397	-2.0799784049387826	-42.77405905724712	0.6622852567421432
-79.20140899932579	5.470821488434867	-2.079414176820234	-42.76436755512616	0.6632795254085353
-79.00141133210613	5.444298961692275	-2.0788548025464273	-42.7546489482149	0.6642777457151222
-78.80141366488647	5.417831248130306	-2.078300149635937	-42.74490311738255	0.6652799462372248
-78.60141599766682	5.391418478923064	-2.0777500529012634	-42.7351299434983	0.66628615577979
-78.40141833044714	5.365060786305761	-2.0772043152265223	-42.725329307146	0.6672964033712019
-78.20142066322748	5.338758287834102	-2.0766629273298207	-42.71550108273437	0.6683107182786109
-78.00142299600782	5.312511090130945	-2.0761260552126926	-42.70564513976838	0.6693291300733945
-77.80142532878817	5.286319301865373	-2.0755938261744453	-42.69576134765192	0.6703516686449708
-77.60142766156851	5.260183033986114	-2.075066324093425	-42.68584957578888	0.6713783641935773
-77.40142999434886	5.2341023996824125	-2.0745435901579796	-42.675909693583144	0.6724092472229329
-77.2014323271292	5.208077514344988	-2.0740256235948586	-42.66594157043861	0.6734443485329007
-77.00143465990953	5.182108495526784	-2.0735123823947537	-42.65594507575917	0.67448369921215
-76.80143699268989	5.156195462903815	-2.073003784035255	-42.64592007894871	0.6755273306308195
-76.60143932547022	5.1303385382358915	-2.0724997062010093	-42.63586644941112	0.6765752744331793
-76.40144165825055	5.104537845327439	-2.0719999875013175	-42.62578405655029	0.6776275625302939
-76.20144399103089	5.078793509988339	-2.0715044281798485	-42.61567276977019	0.6786842270926838
-76.00144632381124	5.05310565700491	-2.0710128201572213	-42.605532457291694	0.6797453005437175
-75.80144865659157	5.0274743914114355	-2.070525261943642	-42.59536297868839	0.6808108156014824
-75.60145098937191	5.001899812913433	-2.0700419432968955	-42.58516419044795	0.6818808053494844
-75.40145332215226	4.976382023721593	-2.0695630029073917	-42.57493594905803	0.6829553032382878
-75.2014556549326	4.950921128508639	-2.069088529278773	-42.5646781110063	0.6840343430764719
-75.00145798771294	4.925517234366238	-2.068618561605268	-42.55439053278043	0.6851179590215865
-74.80146032049329	4.900170450761767	-2.068153090645604	-42.54407307086807	0.6862061855711081
-74.60146265327363	4.874880889495195	-2.0676920595936323	-42.5337255817569	0.687299057553396
-74.40146498605395	4.84964866465581	-2.0672353649454807	-42.52334792193457	0.6883966101186484
-74.20146731883429	4.824473892578937	-2.066782857363316	-42.51293994788876	0.6894988787298577
-74.00146965161464	4.799356691802678	-2.066334342535817	-42.502501516107124	0.6906058991537678
-73.80147198439498	4.774297183121325	-2.0658895767376575	-42.492032483117846	0.6917177074516713
-73.60147431717532	4.749295481346273	-2.065448362328597	-42.481532702039736	0.692834339973095
-73.40147664995567	4.724351680468846	-2.065010904664658	-42.47100201623016	0.6939558334341986
-73.201478982736	4.699465873708899	-2.0645774295980743	-42.46044026757679	0.6950822249874901
-73.00148131551636	4.674638156994385	-2.0641480994659855	-42.44984729796733	0.6962135522145073
-72.8014836482967	4.649868628913602	-2.0637230142411847	-42.43922294928945	0.6973498531135274
-72.60148598107703	4.625157390667499	-2.063302212678278	-42.428567063430826	0.6984911660872752
-72.40148831385736	4.600504546021982	-2.0628856734551464	-42.41787948227914	0.6996375299306334
-72.20149064663771	4.575910201260104	-2.0624733163095716	-42.40716004772208	0.7007889838183502
-72.00149297941805	4.551374465134253	-2.0620650031711363	-42.39640860164732	0.7019455672927492
-71.80149531219838	4.526897448818354	-2.061660539288411	-42.385624985942556	0.703107320251438
-71.60149764497874	4.50247926585997	-2.0612596743513922	-42.37480904249545	0.7042742829350179
-71.40149997775907	4.478120032029866	-2.0608621103300453	-42.36396061314786	0.7054464959148485
-71.20150231053941	4.45381984981758	-2.0604678104597123	-42.35307953275462	0.7066240001159342
-71.00150464331976	4.429578804172458	-2.0600770442035343	-42.34216562709129	0.707806836933413
-70.8015069761001	4.405396981937423	-2.059690031699935	-42.331218721449325	0.708995048266899
-70.60150930888044	4.3812744728860755	-2.0593069268256414	-42.32023864112018	0.7101886765079621
-70.40151164166076	4.3572113696697805	-2.0589278184219135	-42.309225211395294	0.7113877645269285
-70.20151397444111	4.33320776776476	-2.0585527315158196	-42.29817825756613	0.712592355659682
-70.00151630722145	4.309263765419147	-2.058181628536426	-42.28709760492414	0.7138024936944657
-69.80151864000179	4.285379463599956	-2.05781441052586	-42.27598307876078	0.715018222858683
-69.60152097278214	4.26155496594012	-2.0574509183453795	-42.2648345043675	0.716239587805699
-69.40152330556248	4.237790378685462	-2.0570909338763474	-42.25365170703575	0.7174666336016411
-69.20152563834282	4.214085810641643	-2.0567341812162327	-42.24243451205699	0.7186994057122016
-69.00152797112317	4.190441371689177	-2.0563802659837442	-42.23118274403933	0.7199379499821971
-68.8015303039035	4.16685715064431	-2.056029199466265	-42.21989621628878	0.7211823126583933
-68.60153263668386	4.143333225031361	-2.0556813883278147	-42.208574735230684	0.7224325405719981
-68.40153496946418	4.119869675504408	-2.055337144211743	-42.197218107241454	0.7236886811697535
-68.20153730224452	4.096466585891568	-2.0549966804598236	-42.185826138697514	0.7249507824914713
-68.00153963502486	4.0731240431361195	-2.054660114073829	-42.17439863597529	0.7262188931474932
-67.8015419678052	4.049842137237611	-2.0543274676680037	-42.16293540545119	0.7274930622961485
-67.60154430058554	4.026620961192983	-2.053998671412401	-42.151436253501636	0.7287733396212133
-67.40154663336588	4.003460610937633	-2.0536735649669278	-42.13990098650306	0.7300597753093688
-67.20154896614623	3.9803611852864593	-2.053351899406212	-42.12832941083187	0.7313524200276609
-67.00155129892657	3.957322785874946	-2.05303333913537	-42.11672133286449	0.7326513249009579
-66.80155363170691	3.934345517020728	-2.052717467822044	-42.105076558936986	0.7339565414894661
-66.60155596448726	3.9114294721042198	-2.0524042545296703	-42.09339488841107	0.7352681218194117
-66.40155829726758	3.8885747245772992	-2.0520940582367824	-42.08167610887572	0.7365861185714782
-66.20156063004792	3.8657813499849554	-2.051787095169222	-42.06992000722329	0.7379105851032217
-66.00156296282826	3.8430494272788303	-2.0514835046227238	-42.05812637034611	0.7392415754244207
-65.80156529560861	3.820379038752312	-2.051183350464464	-42.04629498513654	0.7405791441805031
-65.60156762838895	3.7977702699754134	-2.0508866226281137	-42.03442563848692	0.741923346635974
-65.40156996116929	3.775223209729791	-2.050593238602701	-42.0225181172896	0.7432742386578444
-65.20157229394964	3.7527379499436964	-2.050303044915072	-42.010572208436926	0.7446318766990576
-65.00157462672998	3.730314585626887	-2.0500158186059823	-41.99858769882125	0.7459963177819182
-64.80157695951031	3.707953214534389	-2.0497312665307406	-41.98656437518866	0.747367619481128
-64.60157929229067	3.685653921966073	-2.0494493109682614	-41.97450201592267	0.7487458399390801
-64.40158162507099	3.6634167767474963	-2.0491702370383487	-41.9624003886321	0.7501310380100349
-64.20158395785133	3.641241850230532	-2.048894268575784	-41.95025926029502	0.7515232733128412
-64.00158629063168	3.619129217398704	-2.0486215392363856	-41.938078397889505	0.7529226062114869
-63.801588623412016	3.597078956795883	-2.0483520943354754	-41.92585756839362	0.754329097794147
-63.601590956192354	3.5750911504549854	-2.0480858926781824	-41.91359653878541	0.7557428098522316
-63.4015932889727	3.5531658838267006	-2.047822808381562	-41.90129507604296	0.7571638048594336
-63.20159562175304	3.531303245708156	-2.047562632688408	-41.88895294714434	0.758592145950777
-63.00159795453339	3.5095033281715726	-2.0473050757729125	-41.8765699190676	0.7600278969016645
-62.801600287313725	3.487766223560321	-2.0470498142220817	-41.86414575710938	0.7614711221090079
-62.60160262009407	3.466092002538844	-2.0467969985419443	-41.85168021220984	0.7629218866750075
-62.40160495287439	3.444480728542273	-2.0465469557672287	-41.83917302893279	0.764380256573736
-62.20160728565474	3.4229324689377107	-2.046299907736659	-41.82662395183001	0.7658462986569121
-62.001609618435076	3.4014472949668817	-2.0460559726518452	-41.81403272545325	0.7673200806281391
-61.80161195121542	3.3800252816678165	-2.045815167277131	-41.80139909435428	0.7688016710171355
-61.601614283995765	3.358666507796489	-2.0455774091291055	-41.78872280308486	0.770291139153966
-61.4016166167761	3.337371055748435	-2.045342518655774	-41.77600359619675	0.7717885551432734
-61.20161894955645	3.3161390114803875	-2.045110221405456	-41.763241218241724	0.7732939898385088
-61.00162128233679	3.2949704644892286	-2.0448801431514143	-41.75043541380632	0.7748075148158392
-60.80162361511714	3.2738654966192144	-2.044652023816027	-41.73758592072433	0.7763292023641126
-60.601625947897475	3.252824166597635	-2.0444262364109296	-41.72469246039987	0.7778591256734997
-60.4016282806778	3.23184653383145	-2.044203141717421	-41.71175475204795	0.7793973589760318
-60.20163061345814	3.210932661951283	-2.0439829698265353	-41.69877251488359	0.7809439775200664
-60.00163294623849	3.1900826187249574	-2.0437658230134463	-41.685745468121794	0.7824990575353898
-59.801635279018825	3.169296475971185	-2.0435516785977415	-41.67267333097756	0.7840626761983169
-59.60163761179917	3.1485743094732106	-2.0433403917892257	-41.6595558226659	0.7856349115967931
-59.401639944579514	3.127916198892459	-2.043131698519261	-41.64639266240183	0.7872158426954946
-59.20164227735985	3.1073222276821877	-2.042925218257796	-41.63318356940035	0.7888055493009305
-59.0016446101402	3.0867924819775943	-2.0427204945141395	-41.61992826221337	0.7904041120284521
-58.80164694292054	3.0663270283500483	-2.0425176088888835	-41.60662644425669	0.7920116123870473
-58.601649275700886	3.0459259182446123	-2.0423170145354184	-41.5932778062732	0.7936281330419828
-58.40165160848121	3.025589207243287	-2.042119036995569	-41.579882038698656	0.79525375785417
-58.20165394126155	3.0053169554467574	-2.041923866064298	-41.566438831968796	0.7968885718431393
-58.00165627404189	2.9851092273789814	-2.041731558847492	-41.55294787651937	0.7985326611496111
-57.80165860682224	2.964966091891718	-2.041542042804258	-41.53940886278612	0.800186112998064
-57.601660939602574	2.9448876220691087	-2.041355118773868	-41.52582148120479	0.8018490156593054
-57.40166327238292	2.9248738951322903	-2.0411704639872927	-41.51218542221112	0.8035214584130413
-57.201665605163264	2.904924992368713	-2.0409876326544256	-41.49850037625785	0.8052035315104134
-57.0016679379436	2.885040992799807	-2.0408060506179693	-41.484766029492434	0.8068953261218864
-56.801670270723946	2.865221947344246	-2.040626105224532	-41.470982045643346	0.8085969345189749
-56.60167260350429	2.8454679031092036	-2.0404484141220016	-41.457148082380364	0.8103084504222341
-56.401674936284614	2.8257789121465557	-2.0402733901282004	-41.44326379737323	0.8120299689871857
-56.20167726906496	2.806155031347119	-2.0401012461324997	-41.429328848291696	0.8137615867404437
-56.0016796018453	2.786596322334827	-2.0399319999698284	-41.41534289280554	0.8155034015158441
-55.80168193462564	2.7671028513609226	-2.0397654792667614	-41.40130558858451	0.8172555123905709
-55.601684267405986	2.7476746891982464	-2.0396013262597323	-41.38721659329837	0.8190180196212851
-55.40168660018632	2.728311911035553	-2.039439002585444	-41.37307556461687	0.8207910245802513
-55.20168893296667	2.709014594640417	-2.0392778922322647	-41.35888215893175	0.8225746296980954
-55.00169126574701	2.6897827961321226	-2.039118282906401	-41.344636013378995	0.8243689386510005
-54.80169359852735	2.670616558921714	-2.0389606631665163	-41.330336751921116	0.8261740567216909
-54.601695931307695	2.6515159316176127	-2.0388053172518212	-41.31598399846056	0.8279900907702767
-54.40169826408802	2.632480967991034	-2.0386523725498154	-41.30157737689976	0.8298171491834215
-54.20170059686836	2.6135117268595494	-2.0385018033314237	-41.28711651114114	0.831655341827421
-54.00170292964871	2.594608271970698	-2.0383534344668948	-41.27260102508717	0.8335047800012862
-53.801705262429046	2.5757706718855635	-2.0382069451222202	-41.258030542640256	0.8353655763898234
-53.60170759520939	2.5569989991108772	-2.0380618808436	-41.24340468711503	0.8372378450165309
-53.401709927989735	2.5382933098602734	-2.037918213592799	-41.22872306536492	0.8391217012986862
-53.20171226077007	2.519653644287991	-2.037776418849481	-41.21398526745118	0.8410172623793255
-53.00171459355042	2.501080047294576	-2.037636815680975	-41.19919088275062	0.8429246472091737
-52.80171692633076	2.482572569281154	-2.0374995387572303	-41.18433950064006	0.8448439764893196
-52.6017192591111	2.464131266022044	-2.0373645429184823	-41.169430710496286	0.8467753726120114
-52.40172159189143	2.445756198537511	-2.0372316077181236	-41.15446410169613	0.8487189596014525
-52.20172392467177	2.4274474329664937	-2.0371003419404796	-41.13943926361638	0.8506748630545964
-52.00172625745211	2.409205039005401	-2.036970217822824	-41.1243557844436	0.8526432100830875
-51.80172859023246	2.3910290662709768	-2.036841312963027	-41.10921323146809	0.8546241294195707
-51.601730923012795	2.3729195504760145	-2.036714177178641	-41.094011155598	0.8566177518208398
-51.40173325579314	2.3548765328832335	-2.036589160155674	-41.078749107364224	0.85862421012723
-51.201735588573484	2.3369000606235413	-2.036466398906282	-41.06342663729767	0.8606436391907714
-51.00173792135382	2.3189901865564493	-2.0363458232289338	-41.04804329592924	0.8626761758025098
-50.80174025413417	2.3011469691304827	-2.036227161137261	-41.03259863378983	0.8647219586198289
-50.60174258691451	2.2833704722438157	-2.0361099442580195	-41.01709220141036	0.8667811280937718
-50.401744919694835	2.2656607626134333	-2.035993552733346	-41.00152354712293	0.8688538263969553
-50.20174725247518	2.2480178830108075	-2.035878174443204	-40.98589219329269	0.8709401975860951
-50.00174958525552	2.2304418649168625	-2.035764479504821	-40.970197646765065	0.873040388106968
-49.80175191803586	2.2129327460520654	-2.035652877916468	-40.954439414225455	0.8751545468343364
-49.60175425081621	2.1954905704055725	-2.0355435166545184	-40.938617002359244	0.877282824974148
-49.401756583596544	2.1781153880818263	-2.0354362867578386	-40.92272991785184	0.8794253759654035
-49.20175891637689	2.1608072551471897	-2.035330830368635	-40.90677766738864	0.8815823553820219
-49.001761249157234	2.143566233476717	-2.0352265477300717	-40.890759757655026	0.8837539208347075
-48.80176358193757	2.1263923866278733	-2.035122779501967	-40.874675691600295	0.8859402318918773
-48.601765914717916	2.109285750428083	-2.0350199308414174	-40.85852494054981	0.8881414503950862
-48.40176824749824	2.092246352242788	-2.0349186845385443	-40.84230696147862	0.8903577409860474
-48.201770580278584	2.0752742262751367	-2.034819442490181	-40.82602121132422	0.8925892710952087
-48.00177291305893	2.058369413436922	-2.034722332007226	-40.80966714702408	0.8948362108366541
-47.801775245839266	2.04153196117951	-2.0346272133526684	-40.793244225515714	0.8970987329029808
-47.60177757861961	2.0247619233247782	-2.0345336872330564	-40.7767519037366	0.899377012460178
-47.401779911399956	2.0080593598963365	-2.0344411022426483	-40.76018963862426	0.9016712270425039
-47.20178224418029	1.9914243309071544	-2.0343485847035265	-40.743556881048185	0.9039815564327026
-47.00178457696064	1.9748568651626894	-2.034256686989	-40.72685304414063	0.9063081830167389
-46.80178690974098	1.9583569861084893	-2.0341663869400732	-40.710077528271206	0.9086512925670516
-46.60178924252132	1.9419247245670455	-2.03407824467982	-40.69322973380953	0.9110110742063399
-46.401791575301665	1.9255601185506286	-2.0339924146977784	-40.676309061125224	0.9133877202283527
-46.20179390808199	1.9092632130743377	-2.033908657851407	-40.65931491058791	0.9157814259186772
-46.00179624086233	1.8930340599692896	-2.0338263532838177	-40.6422466825672	0.918192389375527
-45.80179857364268	1.8768727176468223	-2.0337445152114952	-40.625103777380275	0.920620811330636
-45.601800906423016	1.8607792347067624	-2.0336628443544424	-40.607885577876935	0.923066895180523
-45.40180323920336	1.8447536325991527	-2.033582202228499	-40.590591430091074	0.9255308478444875
-45.201805571983705	1.8287959369430054	-2.0335030962490204	-40.57322067608529	0.9280128800037292
-45.00180790476404	1.8129061810806866	-2.0334257112759784	-40.55577265792219	0.9305132059531682
-44.80181023754439	1.797084405872518	-2.0333499188431805	-40.53824671766436	0.9330320434698686
-44.60181257032473	1.7813306594916263	-2.0332752863298116	-40.520642197374386	0.935569613681461
-44.40181490310507	1.7656449960981626	-2.033201113248557	-40.50295843784567	0.9381261409357217
-44.20181723588539	1.7500274510940177	-2.0331274144012514	-40.48519475050856	0.9407018529318549
-44.00181956866574	1.7344780432741875	-2.0330549388431858	-40.46735041883073	0.9432969814614972
-43.80182190144608	1.7189967988479442	-2.0329840976778786	-40.44942472524718	0.945911762547909
-43.60182423422643	1.7035837521345774	-2.0329149280440384	-40.43141695219288	0.948546436283861
-43.401826567006765	1.688238945339326	-2.0328471043486744	-40.41332638210284	0.9512012466659072
-43.20182889978711	1.6729624283420077	-2.0327799484629616	-40.39515229742688	0.9538764414286353
-43.001831232567454	1.6577542491614456	-2.0327128106628174	-40.37689396939956	0.9565722719380045
-42.80183356534779	1.6426144263126639	-2.032646388378084	-40.35855062414921	0.9592889938176942
-42.60183589812814	1.6275429782742146	-2.032581382581089	-40.34012147708754	0.9620268676017311
-42.40183823090848	1.612539932291552	-2.032518055775705	-40.32160574362622	0.9647861586091379
-42.201840563688805	1.5976053241317965	-2.032456245453729	-40.30300263917696	0.9675671367408365
-42.00184289646914	1.5827391978386376	-2.0323953774581858	-40.284311379151426	0.9703700762765517
-41.80184522924949	1.5679416043990526	-2.032334497446079	-40.265531177573195	0.9731952556709685
-41.60184756202983	1.5532125744589333	-2.032273576020533	-40.246661212205986	0.9760429577065569
-41.40184989481018	1.5385521192620124	-2.032213685153696	-40.22770062436459	0.9789134706248105
-41.201852227590514	1.52396025838105	-2.032155425259402	-40.2086485538878	0.9818070883631841
-41.00185456037086	1.5094370206169678	-2.032098862839738	-40.189504140614396	0.9847241102886358
-40.801856893151204	1.4949824437299053	-2.032043547841105	-40.170266524383166	0.9876648409241544
-40.60185922593154	1.4805965741831173	-2.031988530415338	-40.15093484504978	0.9906295896752767
-40.401861558711886	1.4662794571042117	-2.031932954163372	-40.131508229165604	0.9936186706660702
-40.20186389149221	1.452031104204307	-2.0318777590950488	-40.11198574552292	0.9966324036964733
-40.001866224272554	1.4378515265914564	-2.031823864933663	-40.09236644831135	0.9996711151744505
-39.80186855705289	1.4237407453934505	-2.0317716233634284	-40.072649391720496	1.002735137929663
-39.601870889833236	1.4096987914617094	-2.031720836560071	-40.052833629939954	1.0058248109208705
-39.40187322261358	1.3957257050755856	-2.0316707755848085	-40.03291821715935	1.0089404789433383
-39.201875555393926	1.3818215346392348	-2.031620150147765	-40.01290220611018	1.012082492324366
-39.00187788817426	1.3679863065165623	-2.0315687399347206	-39.992784604339086	1.0152512070034814
-38.80188022095461	1.354220024073768	-2.0315181845464383	-39.97256437093404	1.0184469863349386
-38.60188255373495	1.3405227000673356	-2.031469432384944	-39.952240462813776	1.0216702015720935
-38.40188488651529	1.3268943578314503	-2.031422605671771	-39.931811836897054	1.0249212313860356
-38.201887219295614	1.3133350309514806	-2.0313770298034193	-39.911277450102624	1.0282004613672782
-38.00188955207596	1.299844762921816	-2.031331264837672	-39.89063625932442	1.0315082835274874
-37.8018918848563	1.2864235901776215	-2.0312846087693104	-39.86988719556674	1.0348450961842532
-37.60189421763664	1.2730715175948941	-2.0312383527729727	-39.84902912462444	1.0382113057256903
-37.401896550416986	1.2597885556506039	-2.0311932075636787	-39.8280609031445	1.0416073272977342
-37.20189888319733	1.2465747260737303	-2.031149231043893	-39.80698138777391	1.045033584428267
-37.001901215977675	1.2334300614872733	-2.031105850857561	-39.785789435159664	1.048490508661377
-36.80190354875801	1.220354602619551	-2.0310619943049475	-39.76448389796597	1.0519785392040317
-36.60190588153836	1.2073483662062177	-2.031017931363919	-39.74306357210348	1.0554981233504466
-36.4019082143187	1.194411355893018	-2.0309747548213593	-39.72152721250364	1.059049718090377
-36.201910547099025	1.1815435868991957	-2.0309328187029805	-39.69987357325401	1.0626337901858935
-36.00191287987936	1.1687450861476887	-2.030891727595546	-39.67810140844217	1.0662508157146096
-35.80191521265971	1.156015891756637	-2.0308503651476384	-39.65620947195043	1.0699012796094074
-35.60191754544005	1.1433560322344438	-2.0308081557462057	-39.6341964817494	1.0735856755568498
-35.40191987822039	1.1307655073743035	-2.030766411692481	-39.61206108481052	1.077304507784913
-35.201922211000735	1.1182443252866212	-2.0307258747105297	-39.58980192004961	1.0810582919205443
-35.00192454378108	1.1057925066817627	-2.0306864109054796	-39.56741762638248	1.084847554486739
-34.801926876561424	1.09341008444386	-2.0306470434563817	-39.54490684272495	1.0886728323398627
-34.60192920934176	1.0810970957031103	-2.0306063945323354	-39.52226819412082	1.0925346721827622
-34.40193154212211	1.0688535438209337	-2.0305655027441154	-39.499500220646055	1.0964336318262762
-34.20193387490243	1.0566794291408268	-2.0305256992095413	-39.476601431500505	1.1003702823057888
-34.001936207682775	1.0445747655886628	-2.030487220765652	-39.45357033586235	1.104345207530291
-33.80193854046311	1.0325395802173343	-2.030449250874309	-39.4304054429098	1.1083590035267135
-33.60194087324346	1.020573911387632	-2.0304100822408104	-39.40710525917149	1.1124122776993672
-33.4019432060238	1.008677774554131	-2.0303698116030273	-39.38366822148967	1.1165056492959498
-33.20194553880414	0.996851162965603	-2.0303301612494087	-39.36009269522653	1.1206397523092475
-33.001947871584484	0.9850940829951828	-2.030291803396034	-39.33637704268266	1.1248152358629078
-32.80195020436483	0.9734065552080982	-2.0302542923484643	-39.31251962615868	1.1290327634179373
-32.60195253714517	0.9617886138722308	-2.0302160894315566	-39.28851880800352	1.133293011963602
-32.40195486992551	0.9502402885143735	-2.0301756323515767	-39.264372912896796	1.1375966714198864
-32.201957202705856	0.9387615705528829	-2.0301351116544537	-39.24008015558738	1.1419444474791296
-32.00195953548618	0.9273524580670737	-2.030096160450476	-39.21563873175822	1.1463370641504698
-31.80196186826654	0.9160129645153958	-2.0300587377097554	-39.19104683709226	1.1507752626816887
-31.601964201046865	0.9047431181701301	-2.0300211995138566	-39.166302667272454	1.1552598001851442
-31.401966533827224	0.8935429524063412	-2.0299815334487636	-39.14140439752089	1.1597914485787078
-31.20196886660755	0.8824124644543926	-2.0299413296539193	-39.11635008915375	1.1643709972602452
-31.001971199387874	0.8713516512990416	-2.0299017807125646	-39.091137766008494	1.1689992558930555
-30.801973532168233	0.8603605262652142	-2.0298627379486374	-39.06576545199325	1.1736770536050314
-30.601975864948557	0.8494391180210589	-2.0298227995355265	-39.04023117020211	1.1784052379793464
-30.40197819772892	0.8385874439864648	-2.0297813946258048	-39.01453288095598	1.1831846748809105
-30.201980530509243	0.8278054948185726	-2.0297402406574	-38.98866844174705	1.1880162517897246
-30.001982863289605	0.8170932747602394	-2.0296998533775463	-38.96263570075644	1.1929008789357523
-29.80198519606993	0.8064508049733065	-2.0296592343714264	-38.93643250616523	1.197839488113117
-29.60198752885029	0.7958781145903697	-2.0296166150881385	-38.91005668537397	1.2028330315947189
-29.401989861630614	0.7853751982664439	-2.0295733412215196	-38.883505937301024	1.2078824843341447
-29.201992194410938	0.7749420501176648	-2.0295308134008856	-38.856777913015605	1.2129888475194985
-29.0019945271913	0.7645786825246428	-2.0294886572625703	-38.829870263531994	1.2181531477269203
-28.801996859971624	0.7542851245115342	-2.029444846847308	-38.802780637459875	1.2233764353768086
-28.601999192751983	0.744061387050107	-2.0293990155414563	-38.77550658961741	1.228659784785932
-28.402001525532306	0.7339074556831653	-2.0293535570932786	-38.748045556456255	1.2340042993802216
-28.20200385831267	0.7238233329557969	-2.02930898296674	-38.7203949670856	1.2394111127440566
-28.002006191092992	0.7138090404194845	-2.029263673365185	-38.69255225061744	1.2448813866182056
-27.802008523873354	0.7038646050115647	-2.0292154491893375	-38.664514799776896	1.2504163093381973
-27.602010856653678	0.6939900135056998	-2.0291664783830656	-38.63627983945883	1.2560170999473055
-27.40201318943404	0.6841852572637414	-2.029118330147741	-38.607844547799495	1.2616850126249524
-27.202015522214364	0.6744503482855058	-2.029070298068123	-38.57920610293512	1.2674213351187484
-27.002017854994687	0.6647853163885868	-2.0290195382035647	-38.55036167717929	1.2732273865170691
-26.80202018777505	0.6551901651993989	-2.0289660411285344	-38.52130830505566	1.2791045176934999
-26.602022520555373	0.6456648753368847	-2.0289133224316833	-38.49204288572186	1.2850541196278547
-26.402024853335732	0.636209448053448	-2.028861836178998	-38.46256231290234	1.29107762414259
-26.202027186116055	0.6268239060190501	-2.028808801712544	-38.43286348007804	1.2971765002120113
-26.002029518896418	0.6175082673731179	-2.0287524519470743	-38.402943199641534	1.3033522522495549
-25.80203185167674	0.6082625144531951	-2.028695516615783	-38.37279809718992	1.3096064278827428
-25.602034184457104	0.5990866455620191	-2.028638535942069	-38.34242477321072	1.3159406208304782
-25.402036517237427	0.5899806810713966	-2.028579524180469	-38.31181982539606	1.322356468256624
-25.20203885001775	0.5809446277437046	-2.0285179825666324	-38.28097972936413	1.3288556504211217
-25.002041182798113	0.5719784684447846	-2.028456286332556	-38.24990079686775	1.3354398980265763
-24.802043515578436	0.5630822076827928	-2.028394112570126	-38.21857932835741	1.3421109934890056
-24.6020458483588	0.5542558686789988	-2.0283287457698616	-38.18701160568247	1.3488707677688976
-24.402048181139122	0.5454994435782545	-2.0282613988927602	-38.155193712463635	1.355721102926194
-24.20205051391948	0.5368129181345993	-2.02819411885149	-38.12312161425792	1.3626639406639154
-24.002052846699804	0.5281963038546327	-2.0281254524387493	-38.090791275151766	1.369701280800834
-23.802055179480167	0.5196496206798584	-2.028052626778346	-38.05819859590766	1.3768351779662233
-23.60205751226049	0.5111728485426783	-2.0279786859683404	-38.02533922429662	1.3840677488948938
-23.402059845040853	0.5027659794769936	-2.0279048447915784	-37.99220874611329	1.3914011798513308
-23.202062177821176	0.4944290324079865	-2.0278281077460303	-37.95880274521518	1.3988377222456034
-23.0020645106015	0.48616201536476633	-2.0277472227162785	-37.92511665374398	1.4063796909177713
-22.802066843381862	0.47796490351921006	-2.0276658515884662	-37.89114565308671	1.414029476735865
-22.602069176162185	0.4698376964153131	-2.027583842637991	-37.85688490159769	1.4217895497078796
-22.402071508942548	0.46178041797590785	-2.027496990195062	-37.822329539137925	1.4296624533013318
-22.20207384172287	0.45379305916267837	-2.027406543444163	-37.78747443968394	1.4376508068176967
-22.00207617450323	0.4458755974875305	-2.0273167114711983	-37.752314281934446	1.4457573225700322
-21.802078507283554	0.43802804112420635	-2.027225250267817	-37.71684374029384	1.453984803324475
-21.602080840063916	0.43025040844840123	-2.027128140448404	-37.68105739721559	1.4623361347826755
-21.40208317284424	0.4225426769859201	-2.027029017651657	-37.64494950133551	1.4708142985409898
-21.202085505624563	0.41490484216183	-2.0269280813991863	-37.60851422772165	1.4794223813783214
-21.002087838404925	0.40733692042485603	-2.0268220908832757	-37.57174569517553	1.4881635694588056
-20.80209017118525	0.39983889294366515	-2.02671361200474	-37.53463768878263	1.497041155738378
-20.60209250396561	0.3924107517110308	-2.026603317840615	-37.49718387233406	1.506058552246949
-20.402094836745935	0.3850525138445637	-2.026487391273262	-37.45937786098592	1.5152192843225964
-20.202097169526297	0.37776416123462864	-2.026368354309242	-37.42121290795014	1.5245269975922198
-20.00209950230662	0.3705456822049013	-2.0262474719030923	-37.38268210452003	1.5339854740172054
-19.80210183508698	0.3633970941949818	-2.0261203182873033	-37.343778500380246	1.5435986254003629
-19.602104167867303	0.35631838042572717	-2.0259892991846282	-37.30449475659192	1.5533704993746384
-19.402106500647665	0.3493095253623655	-2.025856540228843	-37.26482332174247	1.5633053005430309
-19.20210883342799	0.3423705464586467	-2.0257169657473	-37.22475660893181	1.573407382969383
-19.002111166208312	0.335501428911527	-2.025572529344513	-37.18428661783512	1.5836812547672576
-18.802113498988675	0.3287021530168893	-2.0254260330030935	-37.14340507250123	1.5941316040644224
-18.602115831768998	0.3219727357358211	-2.025272003561395	-37.1021036658117	1.6047632922622526
-18.40211816454936	0.3153131648940272	-2.025111864029291	-37.06037365587169	1.6155813558027938
-18.202120497329684	0.3087234165744806	-2.024950384431663	-37.01820594884615	1.6265910411413829
-18.002122830110046	0.3022035052547257	-2.024781292968134	-36.975591410252605	1.6377977964732628
-17.80212516289037	0.2957534197504562	-2.024605598430669	-36.93252044727634	1.6492072724338362
-17.60212749567073	0.28937314409827963	-2.0244251867306193	-36.88898312195888	1.6608253556906545
-17.402129828451052	0.2830626872836128	-2.024236179127319	-36.84496934348315	1.672658163930825
-17.20213216123138	0.2768220246825227	-2.024042327964559	-36.80046845102501	1.6847120646165503
-17.002134494011738	0.2706511596740518	-2.023840625752065	-36.75546962638087	1.696993692227148
-16.80213682679206	0.26455008386715156	-2.0236309665734735	-36.70996160081962	1.709509946859162
-16.602139159572424	0.2585187787015292	-2.0234156615875576	-36.66393264092634	1.7222680302234603
-16.402141492352747	0.25255725449394323	-2.023189334400987	-36.617370830086784	1.7352754424708576
-16.20214382513311	0.24666548393772914	-2.02295704053321	-36.57026353815693	1.7485400068653827
-16.002146157913433	0.2408434692475398	-2.02271509838792	-36.522597922360966	1.7620698963326562
-15.802148490693794	0.235091202771294	-2.0224627801902524	-36.47436060035898	1.775873628177949
-15.602150823474117	0.22940866205133773	-2.0222034804172373	-36.42553757527516	1.7899601154146874
-15.40215315625448	0.22379585909060357	-2.0219298564839163	-36.376114635064766	1.804338663057757
-15.202155489034803	0.21825276388968773	-2.0216489555427963	-36.32607666606406	1.8190190004728537
-15.002157821815127	0.21277937611628644	-2.021356574456896	-36.27540825054031	1.8340113236006308
-14.802160154595487	0.20737568743163298	-2.0210513770962875	-36.22409330996262	1.8493262849707988
-14.602162487375812	0.20204168466723632	-2.0207339100312103	-36.17211509655558	1.8649750549306283
-14.402164820156173	0.19677735939058685	-2.020403062628521	-36.11945625151884	1.8809693328231516
-14.202167152936497	0.1915826991359612	-2.020058633359983	-36.06609868520903	1.8973213972648388
-14.002169485716859	0.18645769529583028	-2.0196993146185465	-36.012023618940816	1.914044122593198
-13.802171818497182	0.1814023347871502	-2.019324944706285	-35.957211459298165	1.9311510384496198
-13.602174151277543	0.17641660885368213	-2.018933948273502	-35.90164184860874	1.9486563484495756
-13.402176484057867	0.17150050379473697	-2.018526451391133	-35.845293518556375	1.9665749995824893
-13.202178816838192	0.16665401064617003	-2.0181002440522895	-35.7881443494253	1.9849227061231658
-13.002181149618552	0.1618771153697628	-2.0176556764695963	-35.73017120521625	2.003716022992095
-12.802183482398876	0.15716980869155758	-2.0171902226317955	-35.671349993585096	2.0229723886996167
-12.602185815179237	0.15253207577839253	-2.016702860817362	-35.6116554796825	2.0427101876239426
-12.402188147959562	0.1479639069429584	-2.0161928215825564	-35.55106135500874	2.0629488252838195
-12.202190480739922	0.14346529081990742	-2.0156586989539447	-35.48954008341113	2.083708793281688
-12.002192813520246	0.13903620996920252	-2.0150983915179985	-35.42706275991128	2.105011751743482
-11.802195146300607	0.13467665973741164	-2.014511131524002	-35.363599294980006	2.1268806119093715
-11.602197479080932	0.13038661750563893	-2.0138941344202017	-35.29911788729234	2.149339632378814
-11.402199811861292	0.12616608081617964	-2.01324680646641	-35.23358548719075	2.1724145209961065
-11.202202144641616	0.12201502708205773	-2.0125655146018793	-35.16696708826784	2.196132541728031
-11.002204477421941	0.11793344970250821	-2.0118493404223883	-35.09922617226051	2.2205226474718716
-10.802206810202302	0.11392133256503234	-2.011096046302603	-35.03032418761095	2.2456155971220526
-10.602209142982625	0.10997866076070278	-2.010300007528814	-34.960220584706406	2.2714441293522594
-10.402211475762986	0.1061054267323135	-2.0094598933007677	-34.88887279158986	2.2980430714252673
-10.202213808543311	0.10230160659371752	-2.0085752826037986	-34.816235622862386	2.325449588175464
-10.002216141323672	0.09856719675871295	-2.0076388030800807	-34.74226179146967	2.3537033348051675
-9.802218474103995	0.09490217689248491	-2.0066492456824063	-34.666901021082936	2.3828466835876494
-9.602220806884356	0.09130653310003832	-2.0056025271751556	-34.59010028327748	2.4129249560548547
-9.402223139664681	0.08778025531059389	-2.004490983319139	-34.511803539997935	2.4439867049341815
-9.202225472445004	0.08432332470587854	-2.0033125332172377	-34.431951219454824	2.4760840044009385
-9.002227805225365	0.0809357263521852	-2.0020624921175982	-34.35048021528854	2.509272767247998
-8.80223013800569	0.07761745076149378	-2.000730240353995	-34.267323645789126	2.5436131351676154
-8.602232470786051	0.0743684786381259	-1.9993120971907996	-34.18241014669199	2.5791698816284727
-8.402234803566374	0.07118879382586703	-1.9978033549774292	-34.09566381244645	2.6160128552213058
-8.202237136346735	0.06807838575072411	-1.9961903296963621	-34.00700387822355	2.6542175420374527
-8.00223946912706	0.06503723790958812	-1.9944655258863648	-33.91634395412279	2.693865592484565
-7.802241801907421	0.06206533486027716	-1.9926187274828313	-33.82359170639689	2.7350455168197416
-7.602244134687744	0.05916266112940076	-1.990638529709157	-33.72864826533272	2.7778534188834727
-7.402246467468106	0.05632920124704214	-1.9885124185059257	-33.631407595694704	2.822393840709297
-7.20224880024843	0.05356493984002728	-1.986225224736066	-33.53175579186472	2.868780722883448
-7.002251133028754	0.05086986163709757	-1.9837590813052726	-33.429570281071825	2.9171385020242777
-6.802253465809115	0.04824395183132318	-1.9810962682472675	-33.324718938067384	2.9676033469660594
-6.602255798589439	0.04568719431517463	-1.978215227429541	-33.21705899300318	3.0203246177752945
-6.4022581313698	0.04319957343869356	-1.9750916103294724	-33.106435936126644	3.075466509508432
-6.2022604641501236	0.04078107349934207	-1.9716975889327761	-32.992682173890934	3.1332099651362157
-6.002262796930485	0.03843167875297831	-1.9680012417768298	-32.87561551288826	3.193754891774615
-5.8022651297108085	0.0361513734049954	-1.9639658085265734	-32.75503741716759	3.25732273793974
-5.60226746249117	0.03394014163056272	-1.9595488079741914	-32.63073099991557	3.3241595071512733
-5.4022697952714935	0.03179796751742059	-1.954700850433361	-32.50245869307057	3.3945392852973675
-5.202272128051818	0.029724835219762366	-1.949364452615135	-32.369959549743356	3.468768406344169
-5.002274460832179	0.02772072883150374	-1.943472217178285	-32.23294607444185	3.5471903686727067
-4.802276793612503	0.02578563243420806	-1.9369447916648794	-32.09110051182965	3.630191682271665
-4.602279126392864	0.02391953010407789	-1.9296882474600088	-31.944070463070123	3.718208852822885
-4.402281459173188	0.022122405889680334	-1.9215907718847531	-31.791463679501955	3.811736753256075
-4.202283791953549	0.020394243812962284	-1.9125183849410927	-31.632841846846244	3.911338739245042
-4.002286124733873	0.01873502849211846	-1.9023099716196894	-31.467713179170996	4.017658872439627
-3.8022884575142344	0.01714474263893859	-1.8907690157961008	-31.29552312457223	4.131436907369295
-3.6022907902945582	0.015623371218834002	-1.8776568625526182	-31.115643767353596	4.253526563302611
-3.4022931230749194	0.014170898762654814	-1.8626807397152487	-30.927360042300606	4.38491812060165
-3.2022954558552432	0.01278730784358431	-1.8454669428724058	-30.729852713402597	4.526766295250057
-3.002297788635567	0.011472583776933715	-1.825564153663101	-30.522178023448326	4.680425152611834
-2.802300121415928	0.010226709697148931	-1.8023902844763868	-30.30324049623935	4.847491581097395
-2.602302454196252	0.009049670351063183	-1.7752004600520124	-30.07175966270117	5.029859643827616
-2.402304786976613	0.007941447801977307	-1.7430443973328609	-29.826225476938532	5.229789448270333
-2.202307119756937	0.006902026079752228	-1.7046589431007826	-29.564841876346012	5.449991191171175
-2.002309452537298	0.005931388200474542	-1.6584004164507897	-29.285450056615492	5.693730295100925
-1.8023117853176223	0.005029515794463728	-1.602051392362429	-28.985425487331426	5.964951412936808
-1.6023141180979834	0.0041963899814809694	-1.5326314989804715	-28.661537023218344	6.26841523581705
-1.4023164508783073	0.0034319887869803463	-1.4460781565523135	-28.309748468935407	6.609820742976832
-1.2023187836586313	0.0027362861796852702	-1.3368386777698822	-27.92493570729298	6.99583099358614
-1.0023211164389925	0.0021092492749820208	-1.1974272795047116	-27.50047267020231	7.433779405096999
-0.8023234492193163	0.0015508311358473912	-1.018168972094527	-27.02760895174811	7.930439891405321
-0.6023257819996775	0.0010609567005195287	-0.7882994954346224	-26.494509157401385	8.488119069395546
-0.40232811478000136	0.0006394871985313093	-0.5024805442665388	-25.884717013641428	9.092850823232652
-0.20233044756036253	0.00028611721243015947	-0.18737765709970824	-25.174551383837596	9.677740259127729
-0.002332780340686441	9.58251953125e-18	0.003382864101891867	-24.327803406814166	10.000000000272