0.00002	300.	1.5925426277572212e-17	0.9999999999976462	0.08828278445692384
0.014094365092865874	299.9993455364104	5.573619382887575e-9	0.9999988310195735	0.088282923659188
0.028168730185731745	299.99738586317085	4.4494015758565666e-8	0.9999953307214501	0.08828334047789922
0.042243095278597625	299.99412100438303	1.5006015434045458e-7	0.9999894991342889	0.08828403491579499
0.0563174603714635	299.9895510001968	3.555700143842937e-7	0.9999813363098524	0.08828500697743992
0.07039182546432936	299.98367590677765	6.94320102779816e-7	0.9999708423203364	0.08828625666922356
0.08446619055719523	299.9764957962574	1.199604979424883e-6	0.9999580172579565	0.08828778399936207
0.0985405556500611	299.968010757229	1.9047166612060947e-6	0.9999428612385314	0.08828958897787487
0.11261492074292699	299.9582208936256	2.842944362717909e-6	0.9999253743935388	0.08829167161664349
0.12668928583579286	299.94712632652704	4.04757357945627e-6	0.9999055568828101	0.0882940319293171
0.14076365092865872	299.93472718782226	5.551887470365242e-6	0.9998834088513214	0.08829666993162431
0.15483801602152464	299.92102363668477	7.3891612366159275e-6	0.9998589305432621	0.08829958564056338
0.1689123811143905	299.9060158440413	9.592666384977848e-6	0.9998321221860891	0.08830277907518394
0.18298674620725638	299.88970398404683	0.000012195673464746265	0.9998029839527478	0.08830625025698595
0.19706111130012224	299.8720882616772	0.000015231442021725317	0.9997715161318369	0.08830999920854052
0.21113547639298813	299.8531688986516	0.000018733224562606268	0.9997377190335562	0.08831402595423501
0.225209841485854	299.83294611913624	0.00002273427259852057	0.9997015929036304	0.08831833052095185
0.23928420657871985	299.8114201748265	0.00002726782516861754	0.9996631380840474	0.08832291293680847
0.25335857167158576	299.78859133552646	0.000032367112165219655	0.9996223549475254	0.08832777323165335
0.2674329367644516	299.7644598735049	0.00003806536224446453	0.9995792438019857	0.0883329114378359
0.2815073018573174	299.7390260881229	0.00004439578923200201	0.9995338050495027	0.08833832758898325
0.29558166695018334	299.7122902972913	0.000051391595926639364	0.9994860391258487	0.088344021720412
0.3096560320430492	299.6842528213248	0.000059085983708318505	0.9994359464011142	0.08834999386993826
0.3237303971359151	299.6549140073141	0.00006751213683055446	0.9993835273374172	0.0883562440766665
0.3378047622287809	299.624274221181	0.00007670322657232407	0.999328782433398	0.08836277238138845
0.35187912732164683	299.59233383116685	0.00008669242262028991	0.9992717121212961	0.08836957882740176
0.3659534924145127	299.55909323195	0.00009751287529905874	0.9992123169232576	0.08837666345930856
0.38002785750737855	299.52455283739334	0.00010919771995167992	0.9991505974006132	0.08838402632337389
0.3941022226002444	299.4887130636144	0.00012178009016487039	0.999086554047681	0.08839166746837084
0.4081765876931103	299.4515743528232	0.0001352930979916248	0.9990201874465512	0.08839958694439166
0.42225095278597624	299.4131371667176	0.0001497698384323456	0.9989514982210868	0.08840778480318018
0.43632531787884204	299.373401969185	0.00016524340457403292	0.998880486927619	0.08841626109899213
0.45039968297170796	299.33236924985454	0.00018174686586438626	0.9988071542080907	0.08842501588741641
0.4644740480645738	299.29003951816367	0.00019931327256715624	0.9987315007487306	0.08843404922567555
0.4785484131574397	299.24641328567947	0.00021797567288106987	0.9986535271677938	0.08844336117350743
0.49262277825030554	299.20149108933964	0.00023776708932718478	0.9985732341669639	0.08845295179200022
0.5066971433431714	299.1552734862045	0.00025872052305141055	0.9984906224946659	0.08846282114385824
0.5207715084360373	299.1077610354101	0.0002808689729867583	0.9984056928309782	0.08847296929430436
0.5348458735289032	299.0589543210808	0.0003042454104192486	0.9983184459371987	0.08848339630992987
0.5489202386217691	299.0088539477716	0.00032888278301026173	0.9982288826237705	0.08849410225892403
0.5629946037146348	298.95746052206636	0.00035481403606245295	0.9981370036324807	0.0885050872119976
0.5770689688075008	298.90477467514876	0.00038207208533255755	0.9980428097841002	0.08851635124124745
0.5911433339003667	298.85079705892787	0.000410689820646387	0.9979463019509041	0.08852789442035193
0.6052176989932325	298.7955283273013	0.0004407001293255483	0.9978474809362596	0.08853971682551334
0.6192920640860985	298.7389691583735	0.00047213586731840735	0.9977463476202575	0.08855181853433747
0.6333664291789642	298.6811202512587	0.0005050298622810278	0.9976429029368076	0.0885641996259955
0.6474407942718302	298.62198230702467	0.0005394149392184835	0.9975371477507164	0.088576860182185
0.6615151593646961	298.56155605054613	0.0005753238900080421	0.9974290830012288	0.08858980028602431
0.6755895244575619	298.49984222798406	0.0006127894758198728	0.9973187096836815	0.08860302002218157
0.6896638895504278	298.4368415830163	0.0006518444620957028	0.9972060286938531	0.088616519478076
0.7037382546432936	298.3725548729684	0.0006925215951708661	0.9970910409361186	0.08863029874305693
0.7178126197361595	298.306982910032	0.0007348535348238889	0.9969737476003794	0.08864435790631903
0.7318869848290255	298.2401265114668	0.0007788729326787061	0.9968541498179448	0.08865869705942644
0.7459613499218913	298.17198649453263	0.0008246124403592515	0.9967322486347446	0.08867331629657016
0.7600357150147571	298.102563676489	0.0008721047094894603	0.9966080450192344	0.08868821571456866
0.774110080107623	298.0318588776624	0.0009213823872852082	0.9964815398862712	0.08870339541271287
0.7881844452004889	297.95987296667107	0.0009724780426649845	0.99635273437902	0.08871885549046096
0.8022588102933548	297.88660684862845	0.0010254241785137806	0.9962216298037391	0.08873459604803634
0.8163331753862206	297.8120614293538	0.0010802532957624915	0.9960882273836779	0.08875061718825421
0.8304075404790865	297.73623761466627	0.001136997895342012	0.9959525282591557	0.08876691901655864
0.8444819055719525	297.65913631039314	0.001195690478189599	0.9958145334944501	0.08878350164102303
0.8585562706648183	297.58075843994925	0.0012563635152023046	0.9956742441874825	0.088800365171437
0.8726306357576841	297.50110498163036	0.0013190493728367416	0.9955316617191388	0.08881750971740685
0.88670500085055	297.4201769244047	0.0013837803951516508	0.9953867874573007	0.08883493539062898
0.9007793659434159	297.33797525724043	0.0014505889262057719	0.9952396226843598	0.08885264230543037
0.9148537310362818	297.25450096910566	0.0015195073100578462	0.9950901686037927	0.08887063057876933
0.9289280961291477	297.16975505300945	0.001590567883679412	0.9949384263686929	0.08888890033002143
0.9430024612220135	297.0837385492254	0.0016638028891681658	0.9947843973607192	0.0889074516787346
0.9570768263148793	296.9964525286566	0.0017392445015190375	0.9946280830875155	0.08892628474552129
0.9711511914077453	296.90789806272284	0.001816924894345966	0.994469484973531	0.08894539965360068
0.9852255565006112	296.8180762228438	0.001896876241262888	0.9943086043618199	0.08896479652882534
0.999299921593477	296.7269880806311	0.0019791307156166206	0.9941454425205625	0.08898447549967192
1.0133742866863429	296.634634732992	0.0020637204373440865	0.9939800008032865	0.08900443669592917
1.0274486517792087	296.5410173271018	0.002150677411044565	0.993812280821193	0.08902468024740011
1.0415230168720746	296.446137016072	0.00224003362642462	0.993642284140662	0.08904520628621383
1.0555973819649405	296.34999495301406	0.002331821073190821	0.9934700122445345	0.08906601494713436
1.0696717470578065	296.2525922910395	0.002426071741049732	0.9932954665376087	0.08908710636756205
1.0837461121506722	296.1539301907726	0.0025228176033189804	0.9931186483964112	0.08910848068713569
1.097820477243538	296.05400986441623	0.0026220905092100484	0.992939559461056	0.08913013804541671
1.1118948423364041	295.9528325458304	0.0027239222515417984	0.9927582014385401	0.08915207858347189
1.1259692074292698	295.85039946894966	0.0028283446228662763	0.9925745759512126	0.08917430244500123
1.1400435725221358	295.7467118677085	0.0029353894157355337	0.9923886845413078	0.08919680977634306
1.1541179376150017	295.6417709769044	0.00304508842088871	0.9922005286804741	0.08921960072642937
1.1681923027078673	295.5355780645784	0.0031574733452915814	0.992010109981424	0.08924267544506914
1.1822666678007334	295.428134441771	0.0032725757796932117	0.9918174302706577	0.08926603408242988
1.1963410328935993	295.3194414223779	0.0033904273063564264	0.9916224913096925	0.08928967679116692
1.210415397986465	295.2095003202945	0.0035110595075440506	0.991425294778116	0.08931360372657604
1.224489763079331	295.0983124494163	0.003634503965518914	0.9912258422782949	0.08933781504659492
1.2385641281721969	294.9858791361194	0.003760792230122744	0.9910241354171413	0.08936231091112962
1.2526384932650627	294.8722017594206	0.0038899557026399675	0.9908201760799249	0.08938709147991052
1.2667128583579286	294.757281712212	0.0040220257421425725	0.9906139661666366	0.0894121569145737
1.2807872234507944	294.6411203873857	0.004157033707701718	0.9904055074937539	0.08943750737939801
1.2948615885436605	294.5237191778338	0.004295010958388567	0.990194801798779	0.08946314304130636
1.3089359536365262	294.4050794787534	0.00443598884724277	0.9899818507581047	0.089489064069741
1.3230103187293922	294.28520272565305	0.00457999860885937	0.9897666562414369	0.08951527063460268
1.337084683822258	294.1640903883496	0.0047270713702634685	0.9895492202775773	0.08954176290658633
1.3511590489151237	294.04174393775446	0.004877238254613652	0.9893295448192548	0.08956854105897367
1.3652334140079898	293.9181648447787	0.005030530385068518	0.9891076317386747	0.08959560526769303
1.3793077791008557	293.79335458037013	0.005186978884731475	0.9888834828317448	0.08962295571131884
1.3933821441937213	293.6673146344144	0.005346614819256488	0.9886570999436919	0.08965059257003286
1.4074565092865874	293.5400465466729	0.005509469091768616	0.9884284851872935	0.08967851602393857
1.4215308743794532	293.41155186502004	0.005675572577006127	0.9881976406506842	0.08970672625534681
1.435605239472319	293.28183213733047	0.005844956149707296	0.9879645683401121	0.08973522344921751
1.449679604565185	293.15088891147866	0.0060176506846104025	0.9877292701839141	0.08976400779316134
1.4637539696580508	293.018723740079	0.006193687041742621	0.9874917480659701	0.08979307947717784
1.4778283347509167	292.88533822124236	0.0063730959274228855	0.9872520041058545	0.08982243869139798
1.4919026998437825	292.7507339784339	0.006555907956849861	0.9870100405237056	0.08985208562720282
1.5059770649366486	292.6149126353931	0.006742153744048544	0.9867658594589708	0.08988202047860999
1.5200514300295143	292.47787581585936	0.006931863903043921	0.9865194629718597	0.08991224344229087
1.5341257951223801	292.3396251439111	0.007125069046905013	0.9862708530488209	0.08994275471755278
1.5482001602152462	292.20016226968	0.007321799697666007	0.9860200317778879	0.08997355450489662
1.5622745253081118	292.059488887358	0.0075220862136072915	0.9857670014816994	0.09000464300501022
1.576348890400978	291.91760669539235	0.0077259589359779815	0.9855117644318818	0.09003602042099837
1.5904232554938438	291.7745173922303	0.00793344820602718	0.9852543228196511	0.0900676869586223
1.6044976205867094	291.63022267631897	0.008144584365003996	0.9849946787593393	0.09009964282630135
1.6185719856795755	291.4847242544722	0.008359397724202978	0.9847328343464451	0.09013188823463839
1.6326463507724414	291.33802388152355	0.008577918410345359	0.9844687919383982	0.09016442339416751
1.6467207158653072	291.1901233294069	0.008800176480204359	0.9842025539375993	0.09019724851711113
1.660795080958173	291.04102437007674	0.009026201990429	0.9839341226652336	0.09023036381834973
1.674869446051039	290.8907287754878	0.009256024997668314	0.9836635003644645	0.09026376951542522
1.688943811143905	290.73923831877033	0.009489675554434395	0.9833906892109245	0.09029746582847425
1.7030181762367707	290.58655480586674	0.009727183582860895	0.9831156915346346	0.090331452978406
1.7170925413296365	290.4326800790979	0.00996857885210336	0.9828385098525831	0.09036573118669759
1.7311669064225026	290.2776159826762	0.010213891122635514	0.9825591466147309	0.09040030067737995
1.7452412715153682	290.12136436081386	0.010463150154931076	0.9822776041920084	0.09043516167714843
1.7593156366082343	289.963927057724	0.010716385709465894	0.981993884879474	0.09047031441536452
1.7733900017011002	289.80530593092925	0.010973627492557805	0.9817079909896039	0.09050575912327911
1.7874643667939658	289.64550288514835	0.011234905005499606	0.9814199251011081	0.09054149603205074
1.801538731886832	289.4845198355563	0.01150024770127177	0.9811296897913864	0.09057752537489305
1.8156130969796977	289.3223586973281	0.011769685032854756	0.9808372875579201	0.09061384738768713
1.8296874620725634	289.159021385639	0.012043246453229023	0.9805427208213459	0.09065046230898369
1.8437618271654295	288.99450981842955	0.012320961404001733	0.9802459919466233	0.09068737037984098
1.8578361922582953	288.82882595191177	0.01260285915528943	0.9799471034999125	0.09072457184171707
1.8719105573511612	288.6619717702453	0.012888968844920719	0.9796460581791027	0.09076206693707993
1.885984922444027	288.4939492582265	0.013179319607331161	0.979342858606868	0.09079985591103054
1.900059287536893	288.32476040065154	0.013473940576956308	0.9790375073281745	0.09083793901134296
1.9141336526297588	288.15440718240745	0.01377286088792917	0.9787300068136046	0.09087631648846088
1.9282080177226246	287.98289160766103	0.014076109585681645	0.9784203595975922	0.09091498859434255
1.9422823828154907	287.81021572361783	0.014383715505626065	0.9781085684607516	0.09095395558102236
1.9563567479083563	287.6363815833102	0.014695707452876182	0.9777946361494617	0.09099321770285669
1.9704311130012222	287.4613912397708	0.015012114232545766	0.977478565331634	0.09103277521687843
1.9845054780940883	287.28524674603204	0.015332964649748567	0.9771603585994956	0.09107262838279923
1.9985798431869541	287.10795016040345	0.0156582874848657	0.9768400185088355	0.09111277746268867
2.01265420827982	286.92950358284753	0.015988111308978616	0.9765175478513605	0.09115322271874023
2.0267285733726856	286.74990913308676	0.016322464588161237	0.9761929494943888	0.09119396441460989
2.0408029384655517	286.5691689309628	0.01666137578771177	0.9758662262272652	0.09123500281662646
2.054877303558418	286.3872850963171	0.01700487337292843	0.9755373807629141	0.09127633819380121
2.0689516686512834	286.2042597494974	0.017352985806855407	0.9752064157436604	0.09131797081779881
2.083026033744149	286.0200950361919	0.01770574142152996	0.9748733339263307	0.09135990096138853
2.097100398837015	285.83479313872283	0.018063168349023745	0.9745381382756152	0.09140212889772945
2.1111747639298812	285.64835624227374	0.018425294704616606	0.9742008317006585	0.09144465490248455
2.125249129022747	285.460786532028	0.018792148603588407	0.9738614170335426	0.09148747925400322
2.139323494115613	285.2720861931691	0.019163758161219024	0.9735198970318212	0.09153060223332321
2.1533978592084786	285.0822574197002	0.019540151446264357	0.973176274444822	0.09157402412361398
2.1674722243013442	284.8913024479547	0.019921356289678817	0.9728305522747843	0.09161774520803684
2.1815465893942108	284.6992235269493	0.020307400446846934	0.9724827335488706	0.091661765771629
2.1956209544870764	284.50602290570345	0.02069831167312573	0.9721328212166618	0.09170608610211758
2.209695319579942	284.31170283323644	0.02109411772387224	0.9717808181525907	0.0917507064899223
2.223769684672808	284.11626556002125	0.02149484634681831	0.9714267271684568	0.09179562722806454
2.2378440497656737	283.9197133671246	0.021900525112815407	0.9710705512389728	0.09184084861027692
2.25191841485854	283.722048564705	0.02231118141541075	0.9707122934972299	0.09188637093108744
2.265992779951406	283.52327346407446	0.022726842640439452	0.97035195700854	0.09193219448764249
2.2800671450442715	283.3233903765448	0.02314753617373659	0.9699895447625294	0.09197831957978506
2.294141510137137	283.1224016134377	0.023573289401111377	0.9696250596754928	0.09202474651005674
2.3082158752300033	282.9203094994745	0.02400412962923388	0.9692585046939481	0.09207147558281639
2.322290240322869	282.7171163992847	0.024440083914404796	0.9688898830116818	0.09211850710246923
2.336364605415735	282.5128246848938	0.024881179263650195	0.9685191978078665	0.09216584137562352
2.350438970508601	282.30743672832733	0.025327442683996157	0.9681464521855281	0.09221347871158837
2.3645133356014667	282.10095490161086	0.02577890118246871	0.9677716491738111	0.09226141942237642
2.3785877006943323	281.8933815798553	0.02623558174764707	0.9673947917530907	0.09230966382249944
2.3926620657871984	281.6847191724649	0.02669751114696817	0.967015883106832	0.09235821222685242
2.4067364308800645	281.47497011024086	0.027164716002227963	0.9666349265229169	0.0924070649515724
2.42081079597293	281.26413682430973	0.027637222932674718	0.9662519252158771	0.09245622231547888
2.434885161065796	281.0522217457981	0.028115058557556687	0.9658668823259203	0.09250568464009927
2.448959526158662	280.83922730599886	0.028598249495236722	0.9654798009221346	0.09255545224966029
2.4630338912515275	280.62515595465493	0.029086822242107544	0.9650906841498441	0.09260552546982792
2.477108256344394	280.4100101764555	0.02958080305010636	0.9646995353746115	0.09265590462654269
2.4911826214372597	280.1937924599834	0.030080218142059002	0.964306357920486	0.0927065900481802
2.5052569865301253	279.97650529382145	0.030585093740791342	0.9639111550368198	0.09275758206582847
2.5193313516229914	279.7581511665524	0.03109545606912926	0.9635139299003544	0.0928088810132905
2.533405716715857	279.53873257225234	0.03161133131294536	0.9631146856603562	0.09286048722670133
2.5474800818087235	279.3182520408587	0.032132745400328004	0.9627134256956257	0.09291240104236319
2.561554446901589	279.09671211669695	0.03265972414976	0.9623101534371911	0.09296462279825797
2.575628811994455	278.8741153441315	0.03319229337932993	0.9619048722415386	0.09301715283508138
2.589703177087321	278.65046426752656	0.033730478907126424	0.9614975853921881	0.09306999149624906
2.6037775421801865	278.42576143191	0.03427430654690956	0.9610882961065788	0.09312313912785201
2.6178519072730526	278.20000940541735	0.03482380194173267	0.9606770077257201	0.09317659607702869
2.6319262723659187	277.97321078472544	0.0353789905119171	0.9602637237693203	0.09323036269154196
2.6460006374587843	277.74536816827657	0.03593989766283396	0.9598484476989032	0.09328443932174417
2.66007500255165	277.5164841545129	0.03650654879985442	0.9594311829027331	0.09333882632071216
2.674149367644516	277.28656134187673	0.03707896932834967	0.9590119326977431	0.09339352404425008
2.6882237327373817	277.0556023375153	0.03765718458816596	0.9585907004034557	0.09344853285024866
2.7022980978302478	276.8236097834765	0.0382412196390155	0.9581674895766796	0.09350385309670708
2.716372462923114	276.5905863305504	0.038831099465911456	0.9577423037817979	0.0935594851436844
2.7304468280159795	276.3565346295272	0.03942684905386678	0.9573151465097026	0.09361542935396892
2.744521193108845	276.12145733119695	0.040028493387894444	0.9568860211796778	0.09367168609308134
2.758595558201711	275.8853570879894	0.04063605744065201	0.9564549311544669	0.09372825572915461
2.7726699232945773	275.64823657899655	0.04124956596475394	0.9560218799631329	0.09378513863101216
2.786744288387443	275.41009850497454	0.04186904352369434	0.9555868712640572	0.09384233516852172
2.800818653480309	275.1709455673065	0.0424945146748309	0.955149908648563	0.09389984571423496
2.8148930185731746	274.9307804673755	0.043126003975521236	0.9547109956361474	0.09395767064344084
2.8289673836660403	274.6896059065974	0.04376353598294017	0.9542701356764594	0.09401581033416626
2.843041748758907	274.4474245989412	0.04440713514836486	0.9538273322609465	0.0940742651661981
2.8571161138517724	274.2042392897771	0.045056825640945916	0.9533825891041581	0.09413303551955826
2.871190478944638	273.9600527293031	0.045712631583436074	0.9529359098955791	0.09419212177661475
2.885264844037504	273.7148676677172	0.04637457709858805	0.9524872982527053	0.09425152432247808
2.89933920913037	273.4686868552175	0.04704268630915453	0.9520367577227902	0.09431124354500435
2.913413574223236	273.221513045174	0.047716983310755426	0.9515842918120717	0.09437127983454528
2.927487939316102	272.9733490195342	0.04839749193505963	0.9511299042258895	0.09443163358186762
2.9415623044089676	272.7241975753745	0.04908423586526216	0.9506735987478742	0.0944923051792227
2.9556366695018332	272.4740615099086	0.04977723878291203	0.950215379091234	0.09455329502159732
2.9697110345946993	272.22294362035046	0.05047652436955821	0.9497552488987852	0.09461460350672918
2.9837853996875654	271.97084670416035	0.05118211630480281	0.949293211746541	0.09467623103509056
2.997859764780431	271.7177735751406	0.051894038113275434	0.9488292712961721	0.09473817800854424
3.011934129873297	271.46372707333654	0.05261231305492778	0.9483634314006767	0.09480044482946462
3.0260084949661628	271.2087100411593	0.05333696436386009	0.9478956958666236	0.09486303190277101
3.0400828600590284	270.95272532102007	0.05406801527417272	0.9474260684300898	0.094925939636139
3.054157225151895	270.6957757553301	0.05480548901996602	0.9469545527582854	0.09498916844000369
3.0682315902447606	270.4378641917754	0.0555494087844055	0.9464811525002055	0.09505271872711293
3.082305955337626	270.17899350654596	0.05629979745480286	0.9460058715219345	0.09511659091047957
3.0963803204304923	269.9191665854074	0.05705667781205748	0.9455287137208558	0.0951807854050139
3.110454685523358	269.65838631413243	0.05782007263693249	0.9450496829239415	0.09524530262838728
3.1245290506162235	269.39665557849344	0.058590004710191136	0.9445687828892101	0.09531014300103602
3.13860341570909	269.13397726503143	0.05936649680532557	0.9440860173141197	0.09537530694609904
3.1526777808019557	268.87035427968044	0.060149571488535204	0.9436013900244692	0.09544079488774238
3.1667521458948213	268.60578954875683	0.06093925109395698	0.9431149049946671	0.09550660725101812
3.1808265109876874	268.340285999543	0.061735557943487125	0.9426265661401549	0.09557274446365271
3.194900876080553	268.07384655932145	0.06253851435902179	0.9421363773073803	0.09563920695614311
3.208975241173419	267.80647415537595	0.06334814266245498	0.9416443422753112	0.0957059951617605
3.2230496062662852	267.53817172288376	0.06416446508960555	0.9411504648358536	0.09577310951582796
3.237123971359151	267.2689422233127	0.06498750356747644	0.9406547489969719	0.09584055045394997
3.251198336452017	266.9987886235898	0.06581727995392736	0.9401571987600956	0.09590831841396855
3.2652727015448826	266.72771389064195	0.06665381610681789	0.9396578180576648	0.09597641383650231
3.2793470666377487	266.45572099139633	0.06749713388400772	0.9391566107546101	0.0960448371649499
3.2934214317306147	266.1828128944439	0.06834725512509228	0.9386535806661888	0.09611358884533797
3.3074957968234804	265.9089925895854	0.06920420141287777	0.9381487317722235	0.09618266932440893
3.321570161916346	265.63426308122814	0.07006799414078382	0.9376420681536295	0.09625207905021427
3.335644527009212	265.3586273740665	0.07093865469782572	0.9371335938263496	0.09632181847355656
3.349718892102078	265.08208847279474	0.07181620447301862	0.9366233127388324	0.09639188804802436
3.363793257194944	264.8046493812006	0.07270066486849432	0.9361112287619169	0.09646228823009363
3.37786762228781	264.5263130888649	0.07359205750498962	0.935597345510621	0.09653301948062368
3.3919419873806755	264.2470826347078	0.07449040332483206	0.9350816671311956	0.09660408225806065
3.406016352473541	263.9669610764292	0.07539572300436938	0.9345641979322022	0.09667547702162381
3.4200907175664077	263.68595147172897	0.07630803721994932	0.9340449421512803	0.09674720423331899
3.4341650826592733	263.40405687830724	0.07722736664791952	0.9335239039566	0.09681926435794214
3.448239447752139	263.1212803538639	0.0781537319646277	0.93300108744828	0.09689165786308251
3.462313812845005	262.8376249560989	0.0790871538464216	0.932476496659771	0.09696438521912629
3.4763881779378707	262.55309374271224	0.08002765296964892	0.9319501355592049	0.09703744689925982
3.4904625430307363	262.26768977140387	0.08097525001065732	0.9314220080507118	0.09711084337947329
3.504536908123603	261.9814160998738	0.08192996564579458	0.9308921179757054	0.09718457513856418
3.5186112732164685	261.6942757873122	0.08289182053535799	0.9303604691276213	0.09725864265800065
3.532685638309334	261.4062719267384	0.08386083489549911	0.9298270656110937	0.09733304641851977
3.5467600034022	261.1174076374459	0.08483702849981267	0.9292919118344571	0.09740778690046675
3.560834368495066	260.8276860383636	0.08582042110864387	0.9287550121473487	0.0974828645869435
3.574908733587932	260.53711024842033	0.08681103248233801	0.9282163708309071	0.09755827996385569
3.588983098680798	260.24568338654495	0.08780888238124043	0.9276759920991171	0.09763403351991612
3.6030574637736636	259.9534085716663	0.08881399056569633	0.9271338801001197	0.09771012574664839
3.6171318288665293	259.66028892271316	0.08982637679605103	0.9265900389174938	0.0977865571383902
3.6312061939593954	259.36632755861444	0.0908460608326498	0.9260444725715077	0.09786332819229723
3.6452805590522614	259.071527598299	0.09187306243583793	0.9254971850203407	0.0979404394083465
3.659354924145127	258.77589216321905	0.09290740134223974	0.9249481801804396	0.09801789128909183
3.673429289237993	258.47942440457706	0.09394909683952934	0.9243974622695075	0.09809568433639437
3.687503654330859	258.18212749254917	0.09499816782398533	0.9238450357546165	0.09817381905232114
3.7015780194237244	257.88400459758424	0.09605463317932982	0.9232909050449265	0.09825229594169314
3.715652384516591	257.58505889013105	0.09711851178928489	0.9227350744827921	0.09833111551215046
3.7297267496094566	257.28529354063846	0.09818982253757257	0.9221775483450234	0.09841027827415569
3.7438011147023222	256.9847117195553	0.09926858430791496	0.921618330844118	0.09848978474099776
3.7578754797951883	256.68331659733036	0.10035481598403419	0.921057426129465	0.09856963542879554
3.771949844888054	256.3811113444125	0.10144853644965224	0.9204948382885229	0.09864983085650142
3.78602420998092	256.07809913125055	0.10254976458849123	0.9199305713479704	0.09873037154590504
3.800098575073786	255.7742831343223	0.10365851920874444	0.9193646293335853	0.09881125802095853
3.8141729401666518	255.4696665604125	0.1047748185583126	0.9187970166459649	0.09889249080433425
3.8282473052595174	255.164252625355	0.10589868063751433	0.9182277378121686	0.09897407041999073
3.8423216703523835	254.85804454496736	0.1070301234457182	0.9176567972936568	0.09905599739471493
3.856396035445249	254.55104553506717	0.10816916498229268	0.9170841994867592	0.09913827225812884
3.870470400538115	254.24325881147195	0.1093158232466063	0.9165099487238594	0.09922089554269299
3.8845447656309813	253.93468758999927	0.11047011623802766	0.9159340492745529	0.09930386778371036
3.898619130723847	253.62533508646672	0.11163206195592522	0.9153565053467809	0.09938718951932984
3.9126934958167126	253.31520451669178	0.11280167839966751	0.9147773210879391	0.09947086129055023
3.9267678609095786	253.00429909651402	0.11397898356870985	0.914196500585897	0.09955488364122309
3.9408422260024447	252.69262205244647	0.11516399529576463	0.9136140479952023	0.09963925711670422
3.9549165910953104	252.38017663615778	0.11635673081885115	0.913029967855763	0.09972398226109905
3.9689909561881764	252.06696610266658	0.11755720724639723	0.9124442647396102	0.09980905962058333
3.983065321281042	251.7529937069916	0.1187654416868306	0.9118569431541528	0.09989448974418039
3.997139686373908	251.43826270415144	0.1199814512485791	0.9112680075433156	0.09998027318376503
4.011214051466774	251.12277634916484	0.12120525304007045	0.910677462288653	0.1000664104940671
4.02528841655964	250.8065378970504	0.12243686416973246	0.9100853117104387	0.10015290223267545
4.039362781652506	250.4895506028268	0.12367630174599295	0.9094915600687343	0.10023974896004172
4.053437146745372	250.17181772151272	0.12492358287727963	0.9088962115644341	0.10032695123948408
4.067511511838237	249.85334250857562	0.12617872466860428	0.9082992703427711	0.10041450963715169
4.081585876931103	249.53412823457782	0.1274417439182804	0.9077007407139287	0.10050242471978323
4.095660242023969	249.21417818686646	0.12871265689250508	0.9071006273129028	0.1005906970534958
4.109734607116836	248.8934956534755	0.12999147980521536	0.9064989347487864	0.10067932720697373
4.1238089722097016	248.5720839224389	0.13127822887034787	0.9058956675677509	0.10076831575176591
4.137883337302568	248.2499462817906	0.13257292030183968	0.9052908302541144	0.10085766326228966
4.151957702395434	247.92708601956454	0.1338755703136275	0.9046844272313915	0.10094737031583455
4.166032067488299	247.60350642379467	0.13518619511964816	0.90407646286332	0.10103743749256629
4.180106432581165	247.2792107825149	0.13650481093383868	0.9034669414548664	0.10112786537553062
4.194180797674031	246.9542023837592	0.1378314339701358	0.9028558672532134	0.10121865455065732
4.208255162766896	246.62848451717204	0.13916608042008458	0.9022432444644544	0.1013098056065703
4.222329527859762	246.30206048910554	0.14050876602526172	0.9016290775536265	0.10140131913163185
4.236403892952628	245.97493361457333	0.14185950611697873	0.9010133712127063	0.10149319571452312
4.250478258045494	245.6471072085377	0.14321831601192345	0.9003961300816952	0.10158543594672922
4.264552623138361	245.3185845859609	0.14458521102678415	0.8997773587393404	0.10167804042261762
4.278626988231227	244.98936906180526	0.14596020647824864	0.8991570617041433	0.10177100973944156
4.292701353324092	244.65946395103308	0.14734331768300493	0.8985352434353462	0.10186434449734431
4.306775718416958	244.32887256860656	0.14873455995774118	0.897911908333901	0.10195804529936305
4.320850083509824	243.99759822948806	0.15013394861914528	0.8972870607434185	0.10205211275143278
4.334924448602689	243.66564424863986	0.1515414989839052	0.8966607049510991	0.10214654746239045
4.348998813695555	243.33301394460466	0.15295722629852956	0.8960328452363477	0.10224135004341883
4.363073178788421	242.9997106507312	0.154381145249007	0.8954034862031158	0.10233652110485833
4.377147543881287	242.66573770291564	0.15581327025639832	0.8947726325750571	0.1024320612584085
4.391221908974153	242.3310984369977	0.15725361574032956	0.8941402890162318	0.10252797111866044
4.40529627406702	241.99579618881722	0.1587021961204264	0.8935064601310962	0.10262425130310557
4.419370639159885	241.65983429421408	0.16015902581631455	0.8928711504654512	0.10272090243213935
4.433445004252751	241.32321608902805	0.16162411924762005	0.8922343645073734	0.10281792512906548
4.447519369345617	240.98594490909892	0.16309749083396852	0.8915961066881287	0.10291532002009984
4.461593734438482	240.64802409026655	0.16457915499498568	0.8909563813830682	0.10301308773437458
4.475668099531348	240.30945696838253	0.16606912615033684	0.8903151929124814	0.10311122890394196
4.489742464624214	239.97024688514463	0.1675674185601047	0.8896725456475552	0.10320974416259864
4.5038168297170795	239.6303971915136	0.1690740458866022	0.8890284442971821	0.10330863414327907
4.517891194809946	239.28991123827302	0.1705890216542207	0.8883828936018204	0.10340789948107412
4.531965559902812	238.94879237620657	0.17211235938735153	0.8877358982430406	0.10350754081398947
4.546039924995677	238.6070439560979	0.17364407261038578	0.8870874628444373	0.10360755878294949
4.560114290088544	238.26466932873058	0.17518417484771498	0.886437591972524	0.10370795403180165
4.57418865518141	237.9216718448883	0.17673267962373027	0.8857862901376116	0.10380872720732028
4.588263020274275	237.5780548553547	0.17828960046282288	0.8851335617946693	0.10390987895921071
4.602337385367141	237.2338217109134	0.1798549508893843	0.884479411344172	0.10401140994011368
4.616411750460007	236.8889757626464	0.18142874442510956	0.8838238431346568	0.10411332080557943
4.6304861155528725	236.54352036838768	0.18301099429952516	0.8831668616483099	0.10421561221209252
4.644560480645739	236.19745888876656	0.1846017132030844	0.8825084716560869	0.1043182848158298
4.658634845738605	235.85079468364322	0.18620091376878928	0.881848677907743	0.1044213392756038
4.67270921083147	235.50353111287774	0.18780860862964174	0.8811874850958082	0.10452477625316096
4.686783575924336	235.1556715363302	0.18942481041864406	0.8805248978564456	0.10462859641318593
4.700857941017203	234.8072193138607	0.19104953176879821	0.8798609207702958	0.10473280042330539
4.714932306110068	234.45817780532943	0.19268278531310612	0.8791955583633053	0.10483738895409257
4.729006671202934	234.10855037059636	0.19432458368457006	0.8785288151075407	0.10494236267907102
4.7430810362958	233.7583403695217	0.19597493951619202	0.8778606954219876	0.10504772227471913
4.757155401388665	233.40755116289475	0.19763386542120193	0.8771912036856229	0.10515346842031609
4.7712297664815315	233.05618611647063	0.1993013735800272	0.8765203444939023	0.10525960179530461
4.785304131574398	232.70424859393793	0.20097747575648656	0.8758481226455733	0.1053661230796833
4.799378496667263	232.351741958484	0.2026621836977889	0.8751745428933243	0.105473032956323
4.813452861760129	231.9986695732961	0.20435550915114356	0.8744996099342562	0.10558033211104832
4.827527226852995	231.64503480156154	0.20605746386375948	0.8738233284106942	0.10568802123264188
4.84160159194586	231.29084100646764	0.20776805958284558	0.8731457029109826	0.10579610101284821
4.855675957038727	230.9360915512017	0.20948730805561117	0.8724667379702677	0.1059045721463783
4.869750322131593	230.58078979895103	0.21121522102926518	0.8717864380712673	0.10601343533091352
4.883824687224458	230.22493911290297	0.21295181025101662	0.8711048076450246	0.10612269126711003
4.8978990523173245	229.8685428578558	0.21469708740433066	0.870421851110124	0.1062323406581467
4.911973417410191	229.51160439914165	0.2164510636310119	0.8697375731604837	0.10634238420684786
4.926047782503056	229.1541270977657	0.21821374980180996	0.8690519785990352	0.10645282261752989
4.940122147595922	228.79611431460935	0.21998515678555902	0.8683650721751218	0.10656365659747273
4.954196512688788	228.43756941055412	0.22176529545109291	0.8676768585841177	0.1066748868569303
4.968270877781653	228.07849574648154	0.22355417666724547	0.8669873424681918	0.1067865141091349
4.982345242874519	227.71889668327296	0.22535181130285087	0.866296528417059	0.10689853907030142
4.996419607967386	227.35877558180997	0.22715821022674296	0.8656044209687197	0.10701096245963161
5.010493973060251	226.998135802974	0.2289733843077555	0.8649110246101859	0.10712378499931828
5.024568338153117	226.63698070765062	0.23079734441473532	0.8642163437781871	0.10723700741454956
5.0386427032459835	226.27531365843657	0.23263010127008366	0.8635203829457977	0.1073506304325305
5.05271706833885	225.91313801231283	0.23447166501582486	0.8628231468758005	0.10746465478006433
5.066791433431715	225.55045712236816	0.23632204565156295	0.8621246403611497	0.10757908118620983
5.080865798524581	225.18727434169128	0.2381812531769022	0.8614248681416921	0.10769391038301657
5.094940163617447	224.82359302337102	0.24004929759144666	0.8607238349049007	0.10780914310552922
5.109014528710312	224.45941652049612	0.24192618889480025	0.8600215452865966	0.10792478009179192
5.123088893803178	224.09474818615536	0.2438119370865673	0.8593180038716572	0.10804082208285241
5.137163258896045	223.7295913734375	0.2457065521663518	0.8586132151947157	0.10815726982276655
5.15123762398891	223.36394943543135	0.24761004413375767	0.857907183740846	0.10827412405860223
5.1653119890817765	222.9978257254164	0.24952242298627322	0.8571999139474497	0.10839138554042343
5.1793863541746425	222.63122359629705	0.25144369845117326	0.8564914103579173	0.1085090550196107
5.193460719267508	222.26414639041994	0.2533738797298039	0.8557816777657425	0.10862713324762516
5.207535084360374	221.89659744774298	0.2553129759633689	0.8550707209467383	0.10874562097864712
5.22160944945324	221.5285801082242	0.2572609962930713	0.8543585446252263	0.1088645189698694
5.235683814546105	221.16009771182152	0.2592179498601144	0.8536451534747296	0.10898382798150157
5.249758179638971	220.79115359849294	0.261183845805702	0.8529305521186528	0.10910354877677426
5.263832544731837	220.4217511081964	0.2631586932710371	0.8522147451309526	0.10922368212194347
5.2779069098247025	220.0518935808899	0.2651425013973229	0.8514977370367975	0.10934422878629498
5.291981274917569	219.68158435653137	0.26713527932576325	0.8507795323132156	0.10946518954214864
5.3060556400104355	219.3108267754914	0.2691370361806576	0.8500601353991507	0.10958656516473879
5.320130005103301	218.9396241729064	0.27114778068350803	0.8493395509103846	0.10970835642993927
5.334204370196167	218.5679798714636	0.27316752114754767	0.8486177836402357	0.10983056411448502
5.348278735289033	218.19589719281453	0.27519626586799567	0.8478948383415227	0.10995318899806361
5.362353100381898	217.82337945861082	0.2772340231400713	0.8471707197171665	0.11007623186339734
5.376427465474764	217.45042999050398	0.2792808012589943	0.8464454324208428	0.11019969349624756
5.39050183056763	217.07705211014556	0.2813366085199839	0.8457189810576251	0.11032357468541891
5.404576195660495	216.7032491391872	0.2834014532182593	0.8449913701846176	0.11044787622276382
5.4186505607533615	216.32902439928037	0.2854753436490403	0.8442626043115778	0.11057259890318692
5.4327249258462285	215.95438121207667	0.2875582881075461	0.8435326879015309	0.11069774352464927
5.446799290939094	215.57932289933302	0.28965029483300603	0.8428016254017588	0.11082331088780595
5.46087365603196	215.20385277082485	0.2917513715585048	0.8420694214876815	0.11094930179350221
5.474948021124826	214.82797412511363	0.2938615257495742	0.8413360809311021	0.111075717044287
5.489022386217691	214.45169026053847	0.2959807648693787	0.8406016084561567	0.11120255744575477
5.503096751310557	214.07500447543848	0.2981090963810832	0.8398660087386532	0.11132982380655772
5.517171116403423	213.69792006815288	0.30024652774785215	0.8391292864066874	0.11145751693841
5.531245481496288	213.32044033702078	0.30239306643285013	0.8383914460412496	0.11158563765609207
5.5453198465891544	212.9425685803813	0.3045487198992419	0.837652492176823	0.11171418677745511
5.5593942116820205	212.56430809657365	0.3067134956101921	0.8369124293019722	0.1118431651234256
5.573468576774887	212.1856621839372	0.3088874010288658	0.8361712618599223	0.11197257351800957
5.587542941867753	211.80663413924947	0.31107044348843965	0.8354289943179012	0.11210241278750056
5.601617306960619	211.42722724041795	0.3132626297773473	0.8346856313857104	0.11223268375833709
5.615691672053484	211.04744475764522	0.31546396654205944	0.8339411778006646	0.11236338725935736
5.62976603714635	210.66728996113378	0.31767446042904723	0.8331956382527049	0.11249452412247649
5.643840402239216	210.28676612108612	0.31989411808478146	0.8324490173849907	0.11262609518269087
5.657914767332081	209.90587650770485	0.3221229461557329	0.8317013197944806	0.11275810127808239
5.671989132424947	209.5246243911924	0.3243609512883727	0.8309525500325059	0.1128905432498231
5.6860634975178135	209.14301304175135	0.3266081401291717	0.830202712605336	0.11302342194217942
5.700137862610679	208.76104572958423	0.3288645193246006	0.8294518119747332	0.1131567382025167
5.714212227703545	208.37872572501132	0.3311300955195381	0.8286998525593262	0.11329049288128971
5.728286592796412	207.99605629223183	0.3334048751169406	0.8279468388591608	0.11342468683066895
5.742360957889277	207.6130406727739	0.3356888640238768	0.8271927755854397	0.1135593209033885
5.756435322982143	207.2296821040697	0.3379820680868418	0.8264376674343971	0.11369439595501094
5.770509688075009	206.8459838235514	0.34028449315233	0.82568151905645	0.1138299128441998
5.784584053167874	206.4619490686511	0.342596145066836	0.8249243350567567	0.11396587243272445
5.79865841826074	206.077581076801	0.3449170296768547	0.8241661199957646	0.11410227558546399
5.812732783353606	205.69288308543327	0.3472471528288808	0.8234068783897529	0.1142391231704122
5.826807148446472	205.30785833198001	0.3495865203694087	0.822646614711365	0.11437641605868147
5.840881513539338	204.92251005387342	0.35193513814493343	0.8218853333901348	0.11451415512450784
5.854955878632204	204.5368414885911	0.35429301198795365	0.821123038820071	0.11465234124516227
5.86903024372507	204.1508558599902	0.3566601473680062	0.8203597355358478	0.11479097529907703
5.883104608817936	203.764556369928	0.3590365493682755	0.8195954282228759	0.11493005816593263
5.897178973910802	203.3779462186312	0.3614222230532707	0.8188301215311975	0.11506959072845778
5.911253339003667	202.99102860632658	0.3638171734875012	0.8180638200665692	0.1152095738725074
5.925327704096533	202.60380673324087	0.36622140573547657	0.8172965283909871	0.11535000848706708
5.939402069189399	202.2162837996008	0.3686349248617061	0.8165282510232061	0.11549089546425752
5.953476434282265	201.82846300563313	0.3710577359306991	0.8157589924392508	0.11563223569933911
5.967550799375131	201.44034755156457	0.3734898440069651	0.814988757072919	0.11577403009071612
5.981625164467997	201.05194063762187	0.37593125415501344	0.8142175493162789	0.11591627953994153
5.995699529560862	200.66324546303582	0.37838197139166463	0.8134453735436709	0.116058984951439
6.009773894653729	200.2742652046433	0.3808420002759925	0.8126722343136138	0.11620214723043547
6.023848259746595	199.88500302158488	0.3833113451124179	0.8118981362669888	0.1163457672841434
6.03792262483946	199.4954620726515	0.3857900102026428	0.8111230840027368	0.11648984602291511
6.051996989932326	199.10564551663404	0.3882779998483699	0.810347082077018	0.11663438436025496
6.066071355025192	198.71555651232356	0.3907753183513014	0.8095701350037077	0.11677938321282406
6.0801457201180575	198.325198218511	0.39328197001313947	0.808792247254887	0.11692484350044441
6.094220085210924	197.93457379398728	0.3957979591355867	0.8080134232613237	0.11707076614610364
6.10829445030379	197.5436863975434	0.3983232900203452	0.8072336674129501	0.11721715207595929
6.122368815396655	197.15253918797038	0.4008579669691173	0.8064529840593306	0.11736400221934351
6.136443180489521	196.7611353200531	0.40340199417171896	0.8056713775640246	0.11751131750815197
6.150517545582387	196.36947791854146	0.4059553753236077	0.8048888524882497	0.11765909887506472
6.164591910675253	195.97757009677198	0.40851811398395815	0.8041054134169199	0.11780734725535696
6.178666275768119	195.58541496807985	0.4110902137119428	0.8033210648931741	0.11795606358747827
6.192740640860985	195.19301564580027	0.41367167806673344	0.802535811418851	0.11810524881305702
6.2068150059538505	194.80037524326846	0.4162625106075019	0.8017496574549559	0.11825490387690506
6.220889371046717	194.40749687381958	0.41886271489342064	0.8009626074221229	0.11840502972702208
6.234963736139583	194.01438365078886	0.4214722944836615	0.8001746657010713	0.11855562731459986
6.249038101232448	193.62103868751154	0.42409125293739636	0.7993858366330544	0.11870669759402709
6.263112466325314	193.22746509739326	0.4267195938126475	0.7985961245208458	0.1188582415228848
6.27718683141818	192.83366598338776	0.42935732045763714	0.7978055337274291	0.11901026006088447
6.291261196511045	192.4396444153757	0.43200443576889713	0.7970140687889813	0.11916275416889087
6.305335561603912	192.04540345743175	0.4346609425843568	0.7962217342286523	0.11931572481073954
6.319409926696778	191.65094617363056	0.4373268437419448	0.7954285345292967	0.11946917295346791
6.3334842917896434	191.25627562804678	0.44000214207959004	0.7946344741339222	0.11962309956731995
6.3475586568825095	190.86139488475504	0.4426868404352217	0.7938395574461299	0.11977750562575074
6.361633021975376	190.46630700783	0.44538094164676867	0.7930437888305517	0.1199323921054306
6.375707387068241	190.0710150613464	0.4480844485521596	0.7922471726132798	0.12008775998625001
6.389781752161107	189.67552210937882	0.4507973639893239	0.791449713082291	0.12024361025132384
6.403856117253973	189.27983121581036	0.45351969078496146	0.790651414493049	0.12039994388692996
6.417930482346838	188.88394542446272	0.4562514314491671	0.7898522812095163	0.12055676188106955
6.432004847439704	188.4878677488236	0.4589925881393131	0.7890523177195663	0.12071406522348124
6.446079212532571	188.09160120012163	0.4617431629942946	0.7882515284803503	0.12087185490706817
6.460153577625436	187.6951487895856	0.46450315815300675	0.7874499179101772	0.12103013192796391
6.4742279427183025	187.29851352844412	0.46727257575434533	0.786647490388936	0.12118889728553739
6.488302307811169	186.9016984279259	0.47005141793720545	0.7858442502585126	0.12134815198239683
6.502376672904035	186.5047064992597	0.4728396868404826	0.7850402018232007	0.12150789702439477
6.5164510379969	186.10754075367416	0.4756373846030718	0.7842353493501083	0.12166813342063207
6.530525403089766	185.71020420239796	0.47844451336386895	0.7834296970695578	0.1218288621834628
6.544599768182632	185.31269985492523	0.481261075222376	0.7826232491932752	0.12199008432829506
6.558674133275497	184.91503069024878	0.4840870718777266	0.7818160100772853	0.12215180087202372
6.572748498368363	184.51719966388941	0.48692250479573107	0.7810079841452391	0.12231401283389594
6.586822863461229	184.11920973086688	0.4897673754392945	0.7801991757842823	0.12247672123640814
6.600897228554095	183.72106384620093	0.4926216852713221	0.7793895893441436	0.12263992710531707
6.6149715936469615	183.32276496491127	0.4954854357547197	0.7785792291375329	0.1228036314696441
6.629045958739828	182.9243160420176	0.49835862835239225	0.7777680994405343	0.12296783536167974
6.643120323832693	182.5257200325397	0.5012412645272452	0.7769562044929939	0.12313253981698828
6.657194688925559	182.12697989149726	0.5041333457421839	0.7761435484989029	0.12329774587441197
6.671269054018425	181.72809857391	0.5070348734601139	0.775330135626776	0.12346345457607583
6.68534341911129	181.3290790291204	0.5099458490505774	0.7745159700513073	0.1236296669669524
6.699417784204156	180.92992416762465	0.5128662734498698	0.7737010561032772	0.12379638409353902
6.713492149297022	180.53063688510343	0.5157961474687084	0.7728853981324432	0.12396360700518415
6.7275665143898875	180.131220077229	0.5187354719177973	0.7720690004521693	0.12413133675452302
6.7416408794827545	179.7316766396735	0.5216842476078414	0.7712518673397999	0.12429957439748149
6.755715244575621	179.33200946810922	0.5246424753495448	0.7704340030370347	0.1244683209932809
6.769789609668486	178.93222145820837	0.5276101559536115	0.7696154117502999	0.12463757760444248
6.783863974761352	178.53231550564317	0.5305872902307462	0.7687960976511135	0.12480734529679152
6.797938339854218	178.13229450608583	0.5335738789916532	0.7679760648764467	0.12497762513946242
6.812012704947083	177.73216135524945	0.5365699230462398	0.7671553175294269	0.12514841820489703
6.826087070039949	177.33191893540956	0.539575423028269	0.766333859755622	0.12531972556810184
6.840161435132815	176.9315700874056	0.5425903791749104	0.7655116958378733	0.12549154830594472
6.8542358002256805	176.53111764464936	0.5456147916691133	0.7646888300472288	0.12566388749844679
6.8683101653185465	176.1305644405526	0.548648660693827	0.7638652666197283	0.12583674422894722
6.882384530411413	175.72991330852716	0.5516919864320011	0.763041009756761	0.12601011958410824
6.896458895504279	175.32916708198485	0.5547447690665842	0.7622160636254189	0.1261840146539188
6.910533260597145	174.92832859433742	0.5578070087805262	0.7613904323588467	0.12635843053169982
6.924607625690011	174.52740067899666	0.5608787057567765	0.760564120056586	0.12653336831410814
6.938681990782876	174.12638616937446	0.5639598601782836	0.7597371307849168	0.12670882910114123
6.952756355875742	173.7252878985571	0.5670504722192605	0.7589094685809082	0.1268848139960982
6.966830720968608	173.32410867505058	0.5701505417869608	0.7580811375622796	0.12706132410460644
6.980905086061473	172.92285127020597	0.5732600684789364	0.7572521419446858	0.1272383605346374
6.9949794511543395	172.52151845248764	0.5763790518753976	0.7564224859171824	0.1274159243974708
7.009053816247206	172.1201129903601	0.5795074915565539	0.755592173635178	0.12759401680773716
7.023128181340071	171.71863765228778	0.5826453871026146	0.7547612092207715	0.127772638883423
7.037202546432938	171.3170952067351	0.5857927380937901	0.7539295967630847	0.1279517917458749
7.051276911525804	170.9154884221665	0.5889495441102897	0.7530973403185921	0.12813147651980417
7.065351276618669	170.51382006704645	0.592115804732323	0.752264443911446	0.1283116943332912
7.079425641711535	170.1120929098394	0.5952915195401	0.751430911533797	0.12849244631778994
7.093500006804401	169.71030971684505	0.5984766880822862	0.750596747159258	0.12867373360800125
7.107574371897266	169.30847321809418	0.6016713095696561	0.7497619548704979	0.128855557340871
7.1216487369901325	168.90658611531242	0.6048753830080459	0.7489265388029784	0.12903791865616654
7.1357231020829985	168.5046511095555	0.6080889074004244	0.7480905030607224	0.1292208186970343
7.149797467175864	168.10267090187924	0.6113118817497605	0.7472538517154371	0.12940425861000623
7.16387183226873	167.7006481933393	0.6145443050590231	0.7464165888068326	0.12958823954500442
7.177946197361597	167.29858568499154	0.6177861763311814	0.7455787183429345	0.1297727626553456
7.192020562454462	166.89648607789164	0.6210374945692038	0.7447402443003954	0.12995782909774528
7.206094927547328	166.4943520730953	0.6242982587760597	0.7439011706247995	0.13014344003232264
7.220169292640194	166.0921863716584	0.6275684679547178	0.7430615012309669	0.13032959662260457
7.234243657733059	165.68999166796738	0.6308481210327301	0.7422212400340693	0.13051630003526082
7.248318022825925	165.28777061120954	0.6341372165721578	0.7413803910679265	0.13070355143933535
7.2623923879187915	164.88552583281728	0.6374357530246462	0.7405389583800328	0.13089135200705673
7.276466753011657	164.48325996420087	0.6407437288418206	0.739696945986575	0.13107970291407087
7.290541118104523	164.08097563677032	0.644061142475307	0.7388543578727269	0.13126860533944498
7.304615483197389	163.67867548193584	0.6473879923767307	0.7380111979929485	0.13145806046567224
7.318689848290254	163.27636213110762	0.6507242769977171	0.7371674702712805	0.131648069478676
7.332764213383121	162.87403821569575	0.654069994789892	0.7363231786016369	0.1318386335678145
7.346838578475987	162.47170636711036	0.6574251442048809	0.7354783268480934	0.1320297539258851
7.360912943568852	162.0693692167845	0.6607897236937821	0.7346329188453844	0.13222143174912554
7.374987308661718	161.6670293809427	0.6641637315648257	0.7337869584562364	0.13241366823679443
7.3890616737545844	161.2646894282147	0.6675471657920895	0.7329404496476272	0.13260646459085274
7.40313603884745	160.86235191835064	0.6709400243020691	0.7320933963753671	0.13279982201664942
7.417210403940316	160.46001941110057	0.6743423050212597	0.7312458025652415	0.13299374172298772
7.431284769033182	160.05769446621463	0.6777540058761565	0.7303976721132952	0.13318822492212967
7.445359134126047	159.65537964344293	0.6811751247932545	0.7295490088861132	0.13338327282980028
7.459433499218913	159.25307750253558	0.6846056596990492	0.7286998167210988	0.13357888666519233
7.47350786431178	158.85079060324267	0.6880456085200356	0.7278500994267485	0.13377506765097044
7.487582229404645	158.44852150531437	0.6914949691827088	0.7269998607829236	0.13397181701327582
7.501656594497511	158.0462727681185	0.694953739606971	0.7261491045437167	0.13416913598170574
7.515730959590377	157.64404692371156	0.6984219174958428	0.7252978345204034	0.13436702578883805
7.529805324683243	157.24184646186714	0.7018995002923988	0.7244460545978144	0.1345654876703382
7.543879689776109	156.83967386888068	0.7053864854244523	0.7235937686377694	0.13476452286535845
7.557954054868975	156.43753163104765	0.7088828703198153	0.7227409804733226	0.13496413261654425
7.57202841996184	156.0354222346635	0.7123886524063004	0.7218876939090295	0.13516431817003868
7.586102785054706	155.63334816602367	0.7159038291117206	0.7210339127212119	0.13536508077548698
7.600177150147572	155.23131191142357	0.7194283978638879	0.7201796406582183	0.13556642168604077
7.614251515240437	154.82931595715874	0.7229623560906149	0.7193248814406836	0.13576834215836273
7.628325880333304	154.4273627895245	0.7265057012197145	0.7184696387617839	0.13597084345263086
7.64240024542617	154.02545489246918	0.7300584306545487	0.7176139162969474	0.13617392683247725
7.6564746105190356	153.62359471013485	0.7336205415245829	0.7167577178003248	0.13637759356462065
7.670548975611902	153.2217846546303	0.7371920307881126	0.7159010470644795	0.13658184491919229
7.684623340704768	152.82002713721832	0.7407728954008709	0.7150439078551765	0.1367866821698593
7.698697705797633	152.41832456916148	0.7443631323185907	0.7141863039106426	0.1369921065938227
7.712772070890499	152.01667936172242	0.7479627384970057	0.7133282389418187	0.137198119471822
7.726846435983365	151.61509392616384	0.7515717108918489	0.7124697166326077	0.13740472208813934
7.74092080107623	151.21357067374836	0.7551900464588532	0.7116107406401212	0.13761191573060416
7.754995166169096	150.81211201573862	0.7588177421537522	0.7107513145949211	0.13781970169059757
7.769069531261963	150.4107203633973	0.7624547949322791	0.7098914421012614	0.13802808126305663
7.7831438963548285	150.0093981208912	0.7661012016913643	0.7090311267596594	0.1382370557463725
7.797218261447695	149.6081476432383	0.769756959032954	0.7081703722564694	0.13844662644228264
7.811292626540561	149.2069712653458	0.7734220634673932	0.7073091822861435	0.13865679465613792
7.825366991633426	148.80587132207802	0.7770965115050181	0.7064475605165579	0.13886756169686232
7.839441356726292	148.40485014829915	0.7807802996561659	0.7055855105892486	0.13907892887695636
7.853515721819158	148.00391007887356	0.7844734244311728	0.7047230361196472	0.13929089751250145
7.867590086912023	147.60305344866552	0.7881758823403755	0.7038601406973151	0.1395034689231645
7.881664452004889	147.2022825925393	0.7918876698941106	0.702996827886174	0.13971664443220227
7.895738817097755	146.80159984535916	0.7956087836027147	0.7021331012247343	0.13993042536646563
7.9098131821906215	146.40100754200168	0.7993392199761953	0.701268964226444	0.14014481305640253
7.9238875472834875	146.00050800140332	0.8030789754130813	0.7004044204213777	0.14035980883596483
7.937961912376354	145.60010349096737	0.8068280460439791	0.6995394734143472	0.1405754140428011
7.95203627746922	145.1997962680023	0.8105864279605169	0.698674126799133	0.14079163001824943
7.966110642562085	144.79958858981652	0.8143541172543229	0.6978083841441184	0.14100845810726476
7.980185007654951	144.3994827137184	0.8181311100170258	0.6969422489925126	0.14122589965842328
7.994259372747817	143.9994808970164	0.8219174023402535	0.6960757248625727	0.1414439560239267
8.008333737840683	143.59958539701898	0.8257129903156339	0.6952088152478235	0.14166262855960698
8.022408102933548	143.19979847103448	0.829517870034796	0.6943415236172733	0.14188191862493052
8.036482468026415	142.80012237637135	0.8333320375893678	0.6934738534156293	0.1421018275830026
8.05055683311928	142.40055936995273	0.8371554890661539	0.6926058080652812	0.14232235680056174
8.064631198212146	142.00111168023597	0.8409882203832174	0.6917373910265794	0.14254350764803475
8.078705563305013	141.60178149002041	0.8448302272523917	0.6908686058112223	0.14276528149983914
8.092779928397878	141.20257097810423	0.8486815053732194	0.6899994559109681	0.14298767973410556
8.106854293490743	140.80348232328538	0.8525420504452439	0.6891299447933268	0.14321070373262848
8.12092865858361	140.40451770436198	0.8564118581680078	0.6882600759017703	0.1434343548808704
8.135003023676475	140.00567930013213	0.8602909242410539	0.6873898526559404	0.14365863456796635
8.149077388769342	139.60696928939385	0.8641792443639256	0.6865192784518545	0.14388354418672855
8.163151753862207	139.20838985094522	0.8680768142361656	0.685648356662109	0.14410908513365045
8.177226118955073	138.80994316358434	0.8719836295573162	0.6847770906360814	0.1443352588089115
8.19130048404794	138.41163140376665	0.8758996860086282	0.6839054837067308	0.14456206661637447
8.205374849140805	138.0134567066169	0.8798249790598801	0.6830335392603336	0.1447895099639253
8.219449214233672	137.61542117268493	0.8837595040469843	0.6821612607081169	0.14501759026360042
8.233523579326537	137.21752690150157	0.887703256303887	0.6812886514386891	0.14524630893116583
8.247597944419402	136.81977599259753	0.8916562311645362	0.6804157148175273	0.14547566738610063
8.261672309512269	136.4221705455034	0.8956184239628794	0.6795424541871758	0.14570566705160137
8.275746674605134	136.0247126597501	0.8995898300328632	0.6786688728674408	0.14593630935458646
8.289821039698	135.62740443486825	0.9035704447084353	0.6777949741555829	0.14616759572570068
8.303895404790866	135.23024797038855	0.9075602633235434	0.6769207613265078	0.14639952759931954
8.317969769883732	134.83324536584178	0.911559281212134	0.6760462376329573	0.1466321064135538
8.332044134976597	134.43639871368097	0.91556749366413	0.6751714063213139	0.14686533361030413
8.346118500069464	134.03971005547916	0.9195848957442488	0.6742962706958264	0.14709921063592943
8.360192865162329	133.6431814110037	0.9236114824470946	0.6734208340632843	0.1473337389409502
8.374267230255194	133.2468147999524	0.9276472487673109	0.6725450997082327	0.14756891997964983
8.388341595348061	132.85061224202315	0.9316921896995416	0.6716690708931731	0.1478047552100764
8.402415960440926	132.45457575691387	0.9357463002384291	0.6707927508587475	0.14804124609404748
8.416490325533792	132.05870736432246	0.9398095753786171	0.6699161428239212	0.14827839409715443
8.43056469062666	131.6630090839467	0.9438820101147496	0.6690392499861646	0.148516200688767
8.444639055719525	131.26748293548462	0.9479635994414687	0.6681620755216312	0.14875466734203746
8.45871342081239	130.87213093864014	0.9520543383532288	0.6672846225854019	0.1489937955339046
8.472787785905258	130.47695509728564	0.9561542217614262	0.6664068943405715	0.14923358674533044
8.486862150998123	130.0819573619294	0.9602632443762266	0.6655288939993433	0.14947404246214613
8.500936516090988	129.68713967205608	0.9643814008790017	0.6646506247626609	0.14971516417426065
8.515010881183855	129.29250396715028	0.9685086859511232	0.6637720898103043	0.14995695337539794
8.52908524627672	128.89805218669682	0.9726450942739613	0.6628932923010658	0.15019941156310168
8.543159611369585	128.5037862701803	0.9767906205288873	0.6620142353729208	0.15044254023873957
8.557233976462452	128.10970815708538	0.9809452593972732	0.661134922143201	0.150686340907508
8.571308341555318	127.71581978689686	0.985109005560489	0.6602553557087633	0.1509308150784363
8.585382706648183	127.32212309909934	0.9892818536999062	0.6593755391461564	0.15117596426439145
8.59945707174105	126.92862003282328	0.9934637984934795	0.6584954755129633	0.15142178998208364
8.613531436833915	126.53531249889487	0.9976548344947977	0.6576151678894635	0.15166829375268515
8.62760580192678	126.14220236081229	1.0018549561062104	0.6567346193876558	0.15191547710245354
8.641680167019647	125.74929147764503	1.0060641577215308	0.6558538331021859	0.15216334156164904
8.655754532112512	125.35658170846271	1.0102824337345702	0.6549728121075721	0.15241188866440453
8.669828897205377	124.96407491233478	1.014509778539142	0.6540915594583675	0.15266111994873036
8.683903262298244	124.57177294833073	1.018746186529059	0.6532100781893234	0.1529110369565189
8.69797762739111	124.17967767552015	1.0229916520981335	0.6523283713155483	0.1531616412335487
8.712051992483977	123.78779095297253	1.027246169640178	0.6514464418326674	0.1534129343294894
8.726126357576844	123.39611463975733	1.031509733549006	0.6505642927169788	0.15366491779790606
8.740200722669709	123.00465059273775	1.0357823382052809	0.649681926930057	0.1539175931963095
8.754275087762574	122.61340062764106	1.0400639778365761	0.6487993474661256	0.15417096208728212
8.76834945285544	122.22236652426864	1.0443546465755582	0.6479165573321797	0.15442502603847452
8.782423817948306	121.83155006124436	1.048654338553821	0.6470335595162994	0.15467978662151075
8.796498183041171	121.44095301719184	1.052963047902959	0.6461503569874413	0.15493524541194895
8.810572548134038	121.05057717073481	1.0572807687545687	0.6452669526955908	0.1551914039892856
8.824646913226903	120.66042430049706	1.061607495240243	0.6443833495719138	0.15544826393696015
8.838721278319769	120.27049618510226	1.0659432214915774	0.6434995505289067	0.15570582684235973
8.852795643412636	119.88079460317411	1.070287941640167	0.6426155584605437	0.15596409429682345
8.8668700085055	119.4913213333364	1.0746416498176052	0.6417313762424257	0.15622306789564716
8.880944373598366	119.10207814748094	1.0790043401241252	0.6408470067423631	0.1564827492382892
8.895018738691233	118.71306676682666	1.0833760065009002	0.6399624528628758	0.15674313992994318
8.909093103784098	118.32428888978501	1.0877566428420853	0.6390777175037433	0.15700424158066245
8.923167468876963	117.93574621466728	1.0921462430419742	0.6381928035464042	0.15726605580449918
8.93724183396983	117.54744043978475	1.09654480099486	0.6373077138541463	0.1575285842195041
8.951316199062695	117.15937326344886	1.1009523105950338	0.6364224512722502	0.1577918284477308
8.96539056415556	116.77154638397087	1.1053687657367892	0.6355370186281287	0.15805579011524074
8.979464929248428	116.38396149966209	1.1097941603144195	0.6346514187314687	0.15832047085210763
8.993539294341293	115.99662030883394	1.1142284882222162	0.6337656543743686	0.15858587229242194
9.00761365943416	115.60952450980042	1.1186717433543771	0.6328797283315077	0.15885199607429534
9.021688024527027	115.22267578578855	1.1231239195468148	0.6319936433793489	0.15911884384043193
9.035762389619892	114.83607576672243	1.1275850104984595	0.6311074023218696	0.15938641723979013
9.049836754712757	114.4497260708908	1.132055009890746	0.6302210079513194	0.1596547179259069
9.063911119805624	114.06362831658247	1.1365339114051083	0.629334463042605	0.15992374755638117
9.07798548489849	113.67778412208635	1.1410217087229784	0.628447770353425	0.16019350779287886
9.092059849991355	113.29219510569123	1.1455183955257913	0.6275609326244016	0.16046400030113742
9.106134215084221	112.9068628856859	1.1500239654949809	0.6266739525792138	0.1607352267509706
9.120208580177087	112.52178908035926	1.1545384123119795	0.6257868329247283	0.16100718881627288
9.134282945269952	112.13697530800009	1.159061729658222	0.6248995763511276	0.16127988817502462
9.148357310362819	111.75242318659264	1.1635939112128006	0.6240121855327967	0.16155332650930576
9.162431675455684	111.36813430701112	1.1681349505697949	0.6231246631551148	0.16182750550651667
9.17650604054855	110.9841102127005	1.1726848412258624	0.6222370119183709	0.16210242686047044
9.190580405641416	110.60035244236568	1.177243576673504	0.6213492345076486	0.16237809226935587
9.204654770734281	110.21686253471172	1.1818111504052191	0.6204613335916107	0.16265450343549664
9.218729135827147	109.83364202844353	1.1863875559135082	0.6195733118226221	0.1629316620653558
9.232803500920014	109.450692462266	1.190972786690872	0.6186851718368744	0.16320956986954083
9.246877866012879	109.0680153748842	1.19556683622981	0.6177969162545104	0.16348822856280804
9.260952231105744	108.68561230500303	1.2001696980228223	0.6169085476797442	0.16376763986406753
9.275026596198611	108.30348479132739	1.2047813655624102	0.6160200687009827	0.1640478054963881
9.289100961291476	107.92163437057515	1.2094018323320659	0.6151314818938127	0.16432872718709443
9.303175326384343	107.54006253990896	1.2140310917146937	0.6142427898501963	0.1646104066697697
9.31724969147721	107.15877076034097	1.2186691370371314	0.6133539951642231	0.16489284568420542
9.331324056570075	106.77776049157188	1.2233159616263116	0.6124651004143014	0.16517604597447927
9.34539842166294	106.3970331933022	1.2279715588091682	0.6115761081633067	0.16546000928888074
9.359472786755807	106.01659032523249	1.2326359219126355	0.6106870209586988	0.16574473737991596
9.373547151848673	105.6364333470634	1.2373090442636456	0.6097978413326379	0.16603023200431247
9.387621516941538	105.25656371849549	1.2419909191891334	0.6089085718020986	0.1663164949230242
9.401695882034405	104.87698289922926	1.2466815400160323	0.6080192148689834	0.16660352790123628
9.41577024712727	104.49769234896542	1.251380900071275	0.6071297730202365	0.1668913327083699
9.429844612220135	104.1186935212392	1.2560889926608898	0.6062402487345081	0.1671799111184352
9.443918977313002	103.73998782071875	1.260805810992111	0.6053506445065959	0.16746926491265593
9.457993342405867	103.36157662894516	1.2655313482487758	0.6044609628237606	0.16775939587800487
9.472067707498733	102.98346132732694	1.2702655976150228	0.6035712061583857	0.1680503058057532
9.4861420725916	102.60564329727265	1.2750085522749899	0.602681376968182	0.16834199649146575
9.500216437684465	102.22812392019095	1.2797602054128128	0.601791477696297	0.16863446973500604
9.51429080277733	101.85090457749038	1.2845205502126296	0.6009015107714208	0.16892772734054123
9.528365167870197	101.47398665057948	1.2892895798585777	0.6000114786078942	0.16922177111654713
9.542439532963062	101.09737152086691	1.2940672875347938	0.599121383605814	0.16951660287581305
9.556513898055927	100.72106056976216	1.2988536664253778	0.5982312281511498	0.1698122244354467
9.570588263148794	100.34505516477536	1.3036487096769562	0.5973410146274105	0.1701086376177875
9.58466262824166	99.96935662178021	1.3084524103585895	0.5964507454280272	0.17040584425307567
9.598736993334526	99.59396624473041	1.3132647615337594	0.5955604229341123	0.170703846176778
9.612811358427393	99.21888533757968	1.3180857562659463	0.5946700495128325	0.17100264522873693
9.626885723520259	98.84411520428189	1.3229153876186286	0.5937796275175129	0.1713022432531757
9.640960088613124	98.46965714879076	1.327753648655288	0.5928891592877351	0.17160264209870377
9.65503445370599	98.09551247505999	1.3326005324394052	0.5919986471494398	0.1719038436183217
9.669108818798856	97.72168248704347	1.3374560320344586	0.5911080934150248	0.17220584966942606
9.683183183891721	97.34816848869487	1.3423201405039296	0.5902175003834438	0.1725086621138152
9.697257548984588	96.97497178372008	1.3471928509097493	0.589326870340776	0.17281228281770877
9.711331914077453	96.60209365066049	1.3520741562624203	0.5884362055755026	0.17311671365361714
9.725406279170318	96.22953532189197	1.3569640495255872	0.5875455083771004	0.17342195650207978
9.739480644263185	95.85729802486729	1.3618625236635507	0.5866547810216128	0.1737280132484987
9.75355500935605	95.48538298703939	1.3667695716406099	0.5857640257719465	0.17403488578274434
9.767629374448916	95.11379143586106	1.371685186421066	0.584873244877965	0.17434257599916103
9.781703739541783	94.74252459878507	1.37660936096922	0.5839824405765828	0.17465108579657226
9.795778104634648	94.37158370326436	1.3815420882493716	0.5830916150918591	0.17496041707828594
9.809852469727513	94.00096997675173	1.3864833612258214	0.5822007706350896	0.17527057175209965
9.82392683482038	93.63068464669995	1.3914331728628706	0.581309909404897	0.17558155173030604
9.838001199913245	93.26072893883736	1.3963915161190168	0.5804190335890667	0.1758933589298326
9.85207556500611	92.89110404195795	1.4013583838976085	0.5795281453794298	0.17620599527522934
9.866149930098977	92.52181110948862	1.4063337690830533	0.5786372469609855	0.17651946269867683
9.880224295191844	92.15285129344389	1.4113176645612582	0.5777463405058343	0.17683376313704785
9.89429866028471	91.78422574583804	1.416310063218132	0.576855428173717	0.17714889853178298
9.908373025377577	91.41593561868545	1.4213109579395837	0.5759645121121033	0.17746487082889556
9.922447390470442	91.04798206400058	1.42632034161152	0.5750735944562797	0.1777816819789776
9.936521755563307	90.68036623379776	1.4313382071198497	0.574182677329433	0.17809933393720515
9.950596120656174	90.31308928009132	1.4363645473504818	0.5732917628427391	0.17841782866334363
9.96467048574904	89.94615235489576	1.4413993551893232	0.5724008530954459	0.17873716812175322
9.978744850841904	89.57955660475572	1.4464426235096863	0.5715099501786893	0.17905735428188768
9.992819215934771	89.21330313038644	1.4514943451388955	0.5706190561854283	0.17937838912214793
10.006893581027636	88.84739300969079	1.4565545129040092	0.5697281731969257	0.17970027462781954
10.020967946120502	88.48182732040765	1.4616231196326168	0.5688373032825955	0.1800230127888736
10.035042311213369	88.11660714027585	1.4667001581523076	0.5679464485002415	0.18034660559995444
10.049116676306234	87.7517335470344	1.4717856212906695	0.56705561089614	0.18067105506038525
10.063191041399099	87.38720761842218	1.4768795018752918	0.5661647925051194	0.18099636317417414
10.077265406491966	87.02303043217802	1.481981792733764	0.56527399535064	0.18132253195001943
10.091339771584831	86.65920306604094	1.4870924866936739	0.5643832214448744	0.18164956340131536
10.105414136677698	86.29572659774989	1.4922115765826043	0.5634924727887867	0.181977459546158
10.119488501770563	85.93260209260342	1.4973390552074861	0.5626017513782414	0.18230622240861452
10.133562866863429	85.56983056720672	1.5024749153504802	0.5617110592052413	0.18263585402262975
10.147637231956296	85.20741302627864	1.5076191498001934	0.5608203982488602	0.18296635642821857
10.16171159704916	84.84535047453812	1.5127717513452308	0.559929770477207	0.18329773167017624
10.175785962142028	84.48364391670398	1.5179327127742	0.5590391778475023	0.18362998179808443
10.189860327234895	84.12229435749505	1.5231020268757074	0.5581486223061537	0.18396310886631703
10.20393469232776	83.76130280163028	1.5282796864383583	0.5572581057888295	0.184297114934046
10.218009057420625	83.40067025382847	1.5334656842507601	0.5563676302205334	0.1846320020652476
10.232083422513492	83.04039771880845	1.53866001310152	0.5554771975156776	0.18496777232870798
10.246157787606357	82.68048620109714	1.5438626657782535	0.554586809578441	0.1853044277980481
10.260232152699222	82.32093668249138	1.5490736350446865	0.5536964683094379	0.18564197055430146
10.27430651779209	81.96175010100383	1.55429291366333	0.552806175599218	0.18598040268851876
10.288380882884955	81.6029273896733	1.5595204944023888	0.5519159333263488	0.18631972629725166
10.30245524797782	81.24446948153852	1.5647563700300706	0.551025743359133	0.186659943481953
10.316529613070687	80.88637730963818	1.5700005333145821	0.5501356075556778	0.18700105634898265
10.330603978163552	80.52865180701113	1.5752529770241281	0.5492455277639647	0.1873430670096142
10.344678343256417	80.17129390669609	1.5805136939269164	0.5483555058219176	0.1876859775800407
10.358752708349284	79.81430454173176	1.5857826767911536	0.547465543557472	0.18802979018138125
10.37282707344215	79.45768464515697	1.5910599183850451	0.5465756427886427	0.18837450693968683
10.386901438535014	79.10143514856122	1.5963454114733733	0.5456858053245652	0.18872012998611987
10.400975803627881	78.74555694992777	1.6016391488035329	0.5447960329695243	0.18906666146106466
10.415050168720747	78.39005091350664	1.6069411231380566	0.5439063275137551	0.1894141035143237
10.429124533813612	78.03491790207299	1.6122513272425631	0.5430166907369547	0.18976245830092614
10.443198898906479	77.68015877840199	1.617569753882672	0.5421271244092256	0.1901117279809313
10.457273263999344	77.32577440526894	1.6228963958240004	0.5412376302911412	0.1904619147194352
10.471347629092211	76.971765645449	1.6282312458321675	0.5403482101338096	0.1908130206865771
10.485421994185078	76.61813336171733	1.6335742966727924	0.5394588656789364	0.19116504805754633
10.499496359277943	76.26487841684923	1.6389255411114925	0.5385695986588891	0.19151799901258837
10.513570724370808	75.91200167361986	1.6442849719138866	0.5376804107967581	0.19187187573701153
10.527645089463675	75.55950399008451	1.6496525818393248	0.5367913038081804	0.1922266804218334
10.54171945455654	75.20738618237351	1.655028363645576	0.5359022794000732	0.19258241526908873
10.555793819649406	74.85564904467569	1.6604123101118682	0.535013339264241	0.19293908248915684
10.569868184742273	74.50429337098811	1.6658044140182617	0.5341244850832451	0.19329668429760963
10.583942549835138	74.15331995530799	1.6712046681448154	0.5332357185306966	0.1936552229151876
10.598016914928003	73.80272959163241	1.6766130652715887	0.5323470412713169	0.1940147005678071
10.61209128002087	73.45252307395843	1.6820295981786426	0.5314584549609951	0.19437511948656683
10.626165645113735	73.10270119628329	1.6874542596460347	0.5305699612468482	0.1947364819077548
10.6402400102066	72.75326475260405	1.692887042453826	0.5296815617672777	0.19509879007285544
10.654314375299467	72.40421453691779	1.6983279393820765	0.5287932581520283	0.19546204622855629
10.668388740392333	72.05555133236605	1.7037769432032384	0.5279050520243516	0.1958262526283993
10.682463105485198	71.70727587727498	1.7092340467099425	0.5270169449933615	0.19619141153821393
10.696537470578065	71.35938889841034	1.714699242712925	0.526128938654699	0.19655752523100598
10.71061183567093	71.01189112253799	1.7201725240229215	0.5252410345956182	0.19692459598509113
10.724686200763795	70.66478327642369	1.725653883450668	0.5243532343950413	0.19729262608410253
10.738760565856662	70.31806608683317	1.7311433138069023	0.5234655396236123	0.19766161781699793
10.752834930949529	69.97174028053232	1.7366408079023585	0.5225779518437527	0.19803157347806666
10.766909296042394	69.62580658428686	1.742146358547774	0.5216904726097144	0.19840249536693755
10.780983661135261	69.28026572486256	1.7476599585538857	0.5208031034676326	0.19877438578858564
10.795058026228126	68.93511842888336	1.7531816007308199	0.5199158459557467	0.19914724705336043
10.809132391320992	68.59036540293623	1.7587112778863818	0.5190287016049189	0.1995210814803588
10.823206756413859	68.24600731305291	1.7642489828666768	0.5181416719275884	0.1998958914011728
10.837281121506724	67.90204482036859	1.7697947085285501	0.5172547584254076	0.20027167915374136
10.851355486599589	67.55847858601824	1.77534844772885	0.5163679625922377	0.20064844708147256
10.865429851692456	67.2153092711369	1.7809101933244236	0.5154812859141998	0.2010261975332513
10.879504216785321	66.87253753685971	1.7864799381721173	0.5145947298697254	0.20140493286344696
10.893578581878186	66.53016404432168	1.792057675128779	0.5137082959296047	0.20178465543192117
10.907652946971053	66.18818945465783	1.7976433970512558	0.5128219855570372	0.20216536760403575
10.921727312063918	65.84661442900331	1.8032370967963942	0.5119358002076803	0.20254707175065992
10.935801677156784	65.50543962730997	1.808838767219295	0.5110497413301693	0.20292977024838754
10.94987604224965	65.16466567965585	1.8144484011876387	0.5101638103622963	0.2033134654849579
10.963950407342516	64.82429318468755	1.8200659916142312	0.5092780087223029	0.20369815985980305
10.978024772435381	64.48432273955652	1.8256915314166586	0.5083923378198711	0.20408385577829197
10.992099137528248	64.14475494141423	1.8313250135125074	0.5075067990574633	0.20447055565143346
11.006173502621113	63.805590387412295	1.8369664308193616	0.5066213938303679	0.2048582618958845
11.020247867713978	63.46682967470218	1.8426157762548077	0.5057361235267452	0.20524697693395855
11.034322232806845	63.128473400435375	1.848273042736432	0.504850989527674	0.20563670319363384
11.048396597899712	62.79052216176346	1.8539382231818184	0.5039659932071947	0.20602744310856144
11.062470962992577	62.45297655583793	1.8596113105085539	0.5030811359323555	0.2064191991180737
11.076545328085444	62.115837175836745	1.8652922976325295	0.5021964190637089	0.20681197366798662
11.09061969317831	61.77910457744172	1.8709811775036893	0.5013118439458244	0.2072057692176623
11.104694058271175	61.44277929572088	1.8766779431129752	0.5004274119055414	0.20760058823670346
11.118768423364042	61.106861865528856	1.8823825874525293	0.4995431242626621	0.20799643320057887
11.132842788456907	60.771352821720384	1.8880951035144922	0.4986589823303148	0.20839330659058064
11.146917153549772	60.43625269915009	1.893815484291006	0.4977749874149957	0.20879121089383373
11.16099151864264	60.101562032672575	1.8995437227742134	0.4968911408166107	0.20919014860330457
11.175065883735504	59.7672813571426	1.9052798119562546	0.49600744382851747	0.20959012221780926
11.18914024882837	59.433411207414785	1.911023744829272	0.49512389773756593	0.20999113424202354
11.203214613921237	59.09995211834374	1.9167755143854077	0.4942405038241394	0.21039318718649064
11.217288979014102	58.76690467873833	1.9225351135013256	0.493357263392627	0.2107962835542997
11.231363344106967	58.43426942696899	1.928302535126749	0.49247417772165036	0.21120042586624424
11.245437709199834	58.102046807795745	1.9340777723924945	0.49159124803582654	0.21160561667190594
11.259512074292699	57.77023726589467	1.9398608184295445	0.4907084755536055	0.2120118585269548
11.273586439385564	57.43884124594172	1.9456516663688845	0.4898258614873522	0.21241915399313813
11.287660804478431	57.107859192612835	1.9514503093414999	0.4889434070433848	0.21282750563829056
11.301735169571296	56.77729155058412	1.9572567404783736	0.48806111342201297	0.2132369160363439
11.315809534664162	56.4471387645315	1.9630709529104908	0.48717898181757413	0.21364738776733685
11.329883899757029	56.11740127913095	1.968892939768837	0.4862970134184712	0.2140589234174251
11.343958264849896	55.78807953905854	1.9747226941843952	0.48541520940720984	0.21447152557889063
11.35803262994276	55.45917398899023	1.9805602092881502	0.4845335709604337	0.21488519685015228
11.372106995035628	55.13068507360197	1.9864054782110878	0.483652099248962	0.2152999398357749
11.386181360128493	54.80261323756983	1.9922584940841912	0.482770795437825	0.21571575714647956
11.400255725221358	54.47495892556977	1.998119250038445	0.48188966068629935	0.2161326513991532
11.414330090314225	54.147722582277744	2.003987739204835	0.4810086961479443	0.2165506252168586
11.42840445540709	53.82090465236984	2.009863954714344	0.48012790297063657	0.21696968122884394
11.442478820499955	53.494505580521995	2.0157478896979577	0.47924728229660507	0.21738982207055274
11.456553185592822	53.16852581141018	2.021639537286661	0.4783668352624656	0.21781105038363394
11.470627550685688	52.842965789710455	2.0275388906114364	0.4774865629992563	0.21823336881595096
11.484701915778553	52.51782595450653	2.033445942796716	0.47660646663415707	0.21865678002302988
11.49877628087142	52.19310667126449	2.039360687001029	0.4757265472800638	0.219081286686473
11.512850645964285	51.86880827303394	2.045283116550075	0.47484680600150675	0.21950689150414338
11.52692501105715	51.54493109564898	2.0512132247899864	0.47396724385257694	0.21993359717980573
11.540999376150017	51.221475474943695	2.057151005066898	0.4730878618822236	0.2203614064237286
11.555073741242882	50.8984417467523	2.063096450726942	0.4722086611342853	0.22079032195269555
11.569148106335748	50.575830246908886	2.069049555116252	0.4713296426475211	0.22122034649001654
11.583222471428614	50.253641311247534	2.075010311580962	0.4704508074556415	0.22165148276553925
11.59729683652148	49.931875275602465	2.080978713467204	0.4695721565873391	0.22208373351566024
11.611371201614345	49.61053247580776	2.0869547541211113	0.46869369106631853	0.22251710148333662
11.625445566707212	49.28961324769752	2.0929384268888187	0.46781541191132736	0.22295158941809698
11.639519931800079	48.96911792710595	2.0989297251164576	0.4669373201361857	0.22338720007605284
11.653594296892944	48.64904684986714	2.1049286421501616	0.4660594167498159	0.22382393621991
11.667668661985811	48.32940035181518	2.1109351713360653	0.4651817027562719	0.22426180061898
11.681743027078676	48.010178768784286	2.1169493060203	0.4643041791547696	0.22470079604919102
11.695817392171541	47.69138243660854	2.1229710395490002	0.4634268469397145	0.2251409252930997
11.709891757264408	47.37301169112204	2.129000365268299	0.4625497071007315	0.22558219113990222
11.723966122357274	47.05506686815899	2.1350372765243293	0.46167276062269347	0.2260245963854453
11.738040487450139	46.7375482918584	2.1410817666064523	0.4607960085000472	0.22646814383697328
11.752114852543006	46.42045622271527	2.147133828913812	0.4599194516948609	0.22691283633045445
11.766189217635871	46.103790899693706	2.15319345702503	0.4590430911195088	0.22735867671491816
11.780263582728736	45.78755256174108	2.1592606445200975	0.4581669276816617	0.22780566784634385
11.794337947821603	45.47174144780477	2.1653353849790054	0.4572909622846574	0.22825381258768038
11.808412312914468	45.15635779683226	2.1714176719817417	0.45641519582752743	0.22870311380885866
11.822486678007333	44.84140184777093	2.177507499108299	0.4555396292050218	0.22915357438680534
11.8365610431002	44.526873839568154	2.1836048599386677	0.454664263307635	0.22960519720545536
11.850635408193066	44.21277401117141	2.189709748052837	0.45378909902163156	0.230057985155765
11.86470977328593	43.89910260152809	2.1958221570307983	0.45291413722907026	0.23051194113572493
11.878784138378798	43.58585984958555	2.201942080452542	0.45203937880782963	0.2309670680503736
11.892858503471663	43.2730459942913	2.208069511898058	0.45116482463163265	0.23142336881180958
11.906932868564528	42.9606612745927	2.2142044449473364	0.45029047557007107	0.23188084633920542
11.921007233657397	42.64870592943712	2.2203468731803695	0.44941633248863	0.23233950355882005
11.935081598750262	42.337180197772064	2.226496790177146	0.4485423962487124	0.23279934340401223
11.949155963843127	42.026084318544896	2.2326541895176564	0.44766866770766234	0.2332603688152534
11.963230328935994	41.71541853070299	2.2388190647818926	0.4467951477187896	0.2337225827401411
11.97730469402886	41.40518307244743	2.2449914095415946	0.4459218371334289	0.23418598813376773
11.991379059121725	41.09537814593854	2.2511712173415797	0.44504873680555557	0.2346505879737564
12.005453424214592	40.786003902790334	2.257358481967998	0.4441758475257175	0.23511638526522036
12.019527789307457	40.477060490914845	2.2635531972620275	0.44330317006722575	0.23558338302203108
12.033602154400322	40.16854805822398	2.2697553570648488	0.4424307051997737	0.2360515842655499
12.047676519493189	39.860466752629655	2.2759649552176415	0.4415584536894577	0.23652099202464297
12.061750884586054	39.55281672204388	2.282181985561584	0.440686416298799	0.23699160933569588
12.07582524967892	39.24559811437857	2.2884064419378554	0.43981459378676335	0.23746343924262936
12.089899614771786	38.93881107754563	2.294638318187637	0.43894298690878264	0.23793648479691393
12.103973979864652	38.63245575945709	2.300877608152107	0.43807159641677496	0.23841074905758503
12.118048344957517	38.32653230802485	2.307124305672444	0.43720042305916573	0.23888623509125836
12.132122710050384	38.02104087116082	2.313378404589829	0.4363294675809064	0.23936294597214486
12.146197075143249	37.715981596777034	2.3196398987454403	0.4354587307234963	0.23984088478206564
12.160271440236114	37.41135463278538	2.3259087819804574	0.4345882132250021	0.24032005461046743
12.174345805328981	37.107160127097785	2.332185048136061	0.43371791582007646	0.24080045855443769
12.188420170421846	36.80339822762626	2.3384686910534285	0.43284783923998005	0.2412820997187196
12.202494535514711	36.500069082282714	2.34475970457374	0.4319779842125986	0.2417649812157276
12.21656890060758	36.197172838979064	2.351058082538176	0.4311083514624642	0.24224910616556214
12.230643265700445	35.894709637774284	2.3573638187507355	0.43023894171975974	0.24273447770047435
12.24471763079331	35.59267956400592	2.3636769071139136	0.4293697556875328	0.2432210989882219
12.258791995886178	35.29108268028766	2.3699973417487312	0.4285007940129071	0.2437089732144536
12.272866360979043	34.98991904919181	2.3763251167824633	0.4276320573385314	0.24419810357286895
12.286940726071908	34.68918873329062	2.3826602263423857	0.42676354630410973	0.24468849326527148
12.301015091164775	34.38889179515628	2.3890026645557763	0.4258952615464182	0.2451801455015866
12.31508945625764	34.08902829736113	2.3953524255499086	0.42502720369932256	0.2456730634998785
12.329163821350505	33.78959830247739	2.4017095034520595	0.4241593733937936	0.2461672504863682
12.343238186443372	33.49060187307727	2.408073892389506	0.42329177125792417	0.24666270969545098
12.357312551536237	33.19203907173309	2.414445586489523	0.4224243979169465	0.24715944436971374
12.371386916629103	32.89390996101709	2.420824579879387	0.42155725399324684	0.24765745775995282
12.38546128172197	32.596214603501465	2.4272108666863743	0.4206903401063825	0.24815675312519173
12.399535646814835	32.29895306175855	2.4336044410377595	0.4198236568730982	0.2486573337326984
12.4136100119077	32.00212539836057	2.4400052970608197	0.41895720490734134	0.24915920285800333
12.427684377000567	31.70573167587973	2.4464134288828316	0.41809098482027807	0.24966236378491705
12.441758742093432	31.40977195688836	2.45282883063107	0.4172249972203096	0.25016681980554767
12.455833107186297	31.114246303958684	2.459251496432811	0.41635924271308644	0.250672574220319
12.469907472279164	30.819154779389937	2.4656814204122908	0.4154937219022464	0.25117963033816976
12.48398183737203	30.5244974176422	2.4721185966698	0.41462843539437444	0.2516879914936304
12.498056202464895	30.230274205766648	2.478563019556094	0.41376338373408283	0.2521976610578202
12.512130567557763	29.93648512667546	2.4850146835028486	0.41289856744441555	0.25270864241279967
12.526204932650629	29.64313016328091	2.491473582941735	0.4120339870460663	0.25322093894942316
12.540279297743494	29.350209298495173	2.4979397123044302	0.41116964305739057	0.25373455406736
12.55435366283636	29.057722515230417	2.5044130660226083	0.41030553599441977	0.25424949117511464
12.568428027929226	28.765669796398917	2.510893638527943	0.40944166637087376	0.25476575369004695
12.582502393022091	28.474051124912847	2.517381424252109	0.4085780346981742	0.25528334503839323
12.596576758114958	28.182866483684375	2.5238764176267816	0.4077146414854562	0.25580226865528627
12.610651123207823	27.892115855625786	2.5303786130836343	0.406851487239583	0.25632252798477606
12.624725488300689	27.601799223649245	2.536888005054341	0.40598857246515696	0.2568441264798506
12.638799853393555	27.31191657066692	2.5434045879705782	0.4051258976645328	0.25736706760245626
12.65287421848642	27.022467879591098	2.5499283562640187	0.40426346333783025	0.2578913548235186
12.666948583579286	26.733453133333942	2.556459304366337	0.40340126998294634	0.25841699162296333
12.681022948672153	26.444872314807625	2.5629974267092086	0.4025393180955674	0.25894398148973646
12.695097313765018	26.156725406924426	2.569542717724307	0.40167760816918197	0.25947232792182584
12.709171678857883	25.869012392596517	2.576095171843307	0.4008161406950921	0.2600020344262814
12.72324604395075	25.581733249579962	2.5826547834770084	0.3999549161672765	0.2605331045232496
12.737320409043615	25.294887909048516	2.5892215471254607	0.399093935056817	0.26106554177662844
12.75139477413648	25.0084762796155	2.595795457527681	0.39823319777731725	0.2615993497753445
12.765469139229348	24.722498269935503	2.6023765094364775	0.39737270473736397	0.26213453211779925
12.779543504322213	24.43695378866322	2.6089646976046543	0.39651245634374377	0.26267109241200876
12.793617869415078	24.15184274445324	2.61556001678502	0.39565245300145324	0.26320903427562775
12.807692234507947	23.867165045960146	2.6221624617303823	0.3947926951137085	0.26374836133597357
12.821766599600812	23.582920601838634	2.6287720271935457	0.3939331830819558	0.26428907723004996
12.835840964693677	23.29910932074329	2.6353887079273193	0.3930739173058798	0.2648311856045715
12.849915329786544	23.015731111328698	2.6420124986845095	0.39221489818341504	0.2653746901159877
12.86398969487941	22.73278588224956	2.6486433942179217	0.3913561261107541	0.26591959443050667
12.878064059972274	22.450273542160456	2.6552813892803644	0.39049760148235735	0.2664659022241202
12.892138425065141	22.16819399971597	2.6619264786246446	0.38963932469096296	0.2670136171826274
12.906212790158007	21.886547163570807	2.6685786570035672	0.38878129612759615	0.26756274300165916
12.920287155250872	21.605332942379547	2.6752379191699407	0.3879235161815776	0.2681132833867028
12.934361520343739	21.324551244796773	2.6819042598765725	0.3870659852405339	0.2686652420531263
12.948435885436604	21.044201979477187	2.6885776738762686	0.38620870369040683	0.2692186227262027
12.96251025052947	20.764285055039394	2.695258155921403	0.38535167191555963	0.26977342914117086
12.976584615622336	20.484800359503637	2.701945700740173	0.38449489030419626	0.27032966506238554
12.990658980715201	20.205747736872667	2.708640303303018	0.38363835918771494	0.27088733430352085
13.004733345808068	19.927127026849618	2.7153419586942307	0.3827820788701999	0.2714464406920042
13.018807710900933	19.648938069137785	2.7220506619980984	0.3819260496544208	0.27200698806580426
13.032882075993799	19.371180703440345	2.728766408298912	0.3810702718418396	0.2725689802734593
13.046956441086666	19.093854769460478	2.7354891926809604	0.38021474573261715	0.2731324211741057
13.06103080617953	18.816960106901472	2.742219010228534	0.37935947162562067	0.27369731463750524
13.075105171272396	18.540496555466508	2.7489558560259213	0.37850444981843046	0.2742636645440745
13.089179536365265	18.264463954858766	2.755699725157414	0.37764968060734694	0.2748314747849128
13.10325390145813	17.988862144781532	2.7624506127073	0.37679516428739757	0.2754007492618304
13.117328266550995	17.71369096493799	2.769208513759869	0.3759409011523438	0.27597149188737724
13.131402631643862	17.438950255031312	2.7759734233994124	0.37508689149468677	0.27654370658487204
13.145476996736727	17.164639854764793	2.7827453367102173	0.3742331356056763	0.27711739728842993
13.159551361829593	16.890759603841612	2.789524248776575	0.3733796337753149	0.27769256794299224
13.17362572692246	16.617309341964948	2.7963101546827756	0.3725263862923667	0.27826922250435465
13.187700092015325	16.344288908838088	2.803103049513107	0.37167339344436257	0.2788473649391963
13.20177445710819	16.07169814416421	2.80990292835186	0.37082065551760757	0.2794269992251088
13.215848822201057	15.799536884580114	2.816709786270257	0.36996817280010996	0.2800081293541861
13.229923187293922	15.527804927872985	2.823523618406618	0.36911594556365945	0.2805907593732363
13.243997552386787	15.256502049555511	2.830344420158288	0.36826397402107724	0.2811748933641563
13.258071917479654	14.98562802539184	2.8371721869479583	0.36741225837862823	0.281760535420015
13.27214628257252	14.715182631146233	2.84400691419832	0.3665607988417031	0.28234768964553353
13.286220647665385	14.445165642582838	2.8508485973320647	0.36570959561482175	0.28293636015711826
13.300295012758252	14.175576835465808	2.857697231771885	0.36485864890163855	0.28352655108289454
13.314369377851117	13.906415985559399	2.8645528129404716	0.3640079589049471	0.2841182665627394
13.328443742943982	13.637682868627763	2.871415336260516	0.3631575258266836	0.28471151074831574
13.342518108036849	13.369377260435053	2.8782847971547114	0.3623073498679329	0.2853062878031056
13.356592473129714	13.101498936745525	2.8851611910457473	0.36145743122893237	0.2859026019024436
13.37066683822258	12.83404767332333	2.892044513356316	0.36060777010907574	0.28650045723355133
13.384741203315448	12.567023245932619	2.8989347595091104	0.3597583667069183	0.2870998579955709
13.398815568408313	12.30042543033765	2.90583192492682	0.358909221220181	0.2877008083995985
13.412889933501178	12.034254002302575	2.912736005032138	0.3580603338457552	0.2883033126687192
13.426964298594045	11.768508737591546	2.919646995247756	0.35721170477970654	0.2889073750380408
13.44103866368691	11.503189411968817	2.9265648909963646	0.3563633342172794	0.2895129997547277
13.455113028779776	11.238295801198543	2.933489687700656	0.3555152223529011	0.290120191078036
13.469187393872643	10.973827660196678	2.9404213808148962	0.35466736937325727	0.2907289533079778
13.483261758965508	10.709784703616394	2.9473599660049765	0.3538197754178565	0.291339290811903
13.497336124058373	10.446166650778574	2.954305439016965	0.3529724406080662	0.29195120796334884
13.51141048915124	10.182973221040113	2.9612577955969783	0.35212536506473746	0.292564709148684
13.525484854244105	9.920204133758006	2.9682170314911325	0.35127854890821864	0.2931797987671969
13.53955921933697	9.657859108289149	2.975183142445544	0.350431992258357	0.29379648123113544
13.553633584429837	9.395937863990433	2.982156124206331	0.3495856952345028	0.29441476096574554
13.567707949522703	9.134440120218855	2.989135972519607	0.3487396579555103	0.2950346424093111
13.581782314615568	8.873365596331313	2.9961226831314907	0.3478938805397419	0.2956561300131933
13.595856679708435	8.612714011684696	3.0031162517880996	0.34704836310506904	0.2962792282418704
13.6099310448013	8.352485085636005	3.010116674235547	0.34620310576887625	0.2969039415729773
13.624005409894165	8.09267853754213	3.0171239462199515	0.3453581086480627	0.2975302744973456
13.638079774987032	7.833294086759967	3.02413806348743	0.34451337185904507	0.2981582315190436
13.652154140079897	7.574331452646511	3.031159021784098	0.34366889551776003	0.29878781715541614
13.666228505172763	7.315790354558658	3.0381868168560717	0.34282467973966646	0.2994190359371255
13.680302870265631	7.0576705114846	3.045221444450505	0.3419807246395242	0.3000518924088119
13.694377235358496	6.799971610392779	3.05226290043484	0.3411370303056561	0.3006863911823528
13.708451600451362	6.542693318004017	3.059311180825533	0.34029359679388815	0.3013225369171812
13.722525965544229	6.285835308960021	3.0663662816339166	0.33945042416092164	0.3019603342734301
13.736600330637094	6.029397257902598	3.07342819887132	0.3386075124632263	0.3025997879253915
13.750674695729959	5.773378839473458	3.0804969285490764	0.33776486175703935	0.30324090256156205
13.764749060822826	5.517779728314308	3.0875724666785183	0.3369224720983688	0.3038836828846883
13.778823425915691	5.262599599066957	3.094654809270975	0.33608034354299376	0.30452813361181186
13.792897791008556	5.007838126373111	3.101743952337779	0.3352384761464654	0.30517425947431503
13.806972156101423	4.753494984874479	3.108839891890263	0.33439686996410867	0.30582206521796723
13.821046521194289	4.499569849212868	3.115942623939757	0.3335555250510228	0.30647155560296974
13.835120886287154	4.246062394029988	3.1230521444975925	0.3327144414620835	0.30712273540400287
13.84919525138002	3.9929722939675463	3.130168449575103	0.33187361925194225	0.3077756094102716
13.863269616472886	3.7402992181579737	3.137291535220205	0.3310330584672285	0.3084301824340589
13.877343981565751	3.488042811033126	3.144421397633153	0.3301927591219318	0.30908645935062906
13.891418346658618	3.2362027102014963	3.1515580330522495	0.3293527212218891	0.3097444450672436
13.905492711751483	2.98477855327344	3.158701437715766	0.3285129447729197	0.3104041445065196
13.919567076844348	2.7337699778592146	3.1658516078619736	0.3276734297808198	0.3110655626064671
13.933641441937215	2.483176621569079	3.173008539729146	0.32683417625136146	0.3117287043205409
13.94771580703008	2.2329981220133885	3.1801722295555526	0.3259951841902944	0.3123935746176914
13.961790172122946	1.9832341168024006	3.1873426735794657	0.3251564536033448	0.31306017848241674
13.975864537215815	1.7338842435463735	3.194519868039159	0.3243179844962151	0.3137285209148143
13.98993890230868	1.4849481398556632	3.201703809172901	0.32347977687458573	0.3143986069306327
14.004013267401545	1.2364254433405268	3.208894493218965	0.3226418307441139	0.3150704415613241
14.018087632494412	0.9883157916112234	3.2160919164156234	0.32180414611043406	0.31574402985409694
14.032161997587277	0.7406188145268989	3.2232960750978075	0.32096672295879514	0.31641937688556737
14.046236362680142	0.4933341155168538	3.230506965834818	0.32012956122518155	0.31709648780234173
14.06031072777301	0.24646130639768646	3.2377245849925878	0.3192926608885911	0.31777536776057874
14.074385092865874	-1.1102230246251565e-15	3.2449489289215174	0.31845602193136724	0.3184560219313672