0.00002	1.592542626489456e-17	1.592542626489456e-17	0.
0.014123532406956612	5.6082938017232065e-9	5.60829384132295e-9	7.060925177881927e-7
0.028227064813913225	4.477101646267996e-8	4.477101891957909e-8	5.487700138750995e-6
0.04233059722086984	1.5099458342870233e-7	1.509946038214582e-7	0.000013505620799492135
0.05643412962782645	3.577844139403738e-7	3.577845015292566e-7	0.000024480910676416556
0.07053766203478307	6.98644439855269e-7	6.986447067770035e-7	0.00003820566216727883
0.08464119444173969	1.2070766243364336e-6	1.2070772663025493e-6	0.00005318354301397932
0.0987447268486963	1.9165803645788546e-6	1.9165817929534732e-6	0.00007452724890555373
0.11284825925565291	2.8606522161314975e-6	2.8606551663317123e-6	0.00010313033502740154
0.1269517916626095	4.0727850186874755e-6	4.0727901358620226e-6	0.00012564312930063437
0.1410553240695661	5.5864691563531985e-6	5.586476792414609e-6	0.00013668850926684684
0.15515885647652272	7.435187028504037e-6	7.435199465641262e-6	0.0001672740332914202
0.16926238888347936	9.65241742776103e-6	9.652440214321742e-6	0.00023607102452860573
0.18336592129043597	0.000012271637964795397	0.000012271674191336828	0.0002952054284355299
0.19746945369739258	0.000015326315150857686	0.000015326364836408523	0.0003241845828449996
0.2115729861043492	0.00001884990863914476	0.000018849975076861686	0.00035245643996706377
0.2256765185113058	0.000022875876801429232	0.00002287596733180791	0.00039574604926428947
0.2397800509182624	0.000027437665383527117	0.00002743779031052993	0.0004553120721784154
0.25388358332521904	0.00003256871126392833	0.000032568877786116075	0.0005112949861274529
0.26798711573217565	0.000038302449690295865	0.00003830266277760778	0.0005563281556097976
0.28209064813913226	0.000044672300876689254	0.00004467257680560335	0.0006176733875040696
0.29619418054608887	0.00005171167441876503	0.00005171203152544909	0.000690572657102706
0.3102977129530455	0.00005945397797185715	0.000059454424762146575	0.0007514893110016629
0.3244012453600021	0.00006793260180188258	0.00006793315407328316	0.0008129695991732078
0.33850477776695875	0.00007718092376287765	0.00007718161244404613	0.0008922945397671356
0.35260831017391536	0.00008723231945423221	0.00008723316524470858	0.0009695838442125293
0.36671184258087197	0.0000981201447788118	0.00009812116767477182	0.0010424933252206614
0.3808153749878286	0.00010987774140040458	0.0001098789749182429	0.001122627588268088
0.3949189073947852	0.00012253844841055193	0.0001225399314307137	0.0012102488492482522
0.4090224398017418	0.00013613558294752186	0.00013613734919086057	0.0012974149009803426
0.4231259722086984	0.00015070244604525396	0.00015070453411920314	0.0013855607549739801
0.437229504615655	0.00016627233584359552	0.00016627479183587804	0.001477090142532056
0.4513330370226116	0.00018287852632329553	0.00018288140761300213	0.0015755210655665763
0.46543656942956824	0.00020055427346137153	0.00020055763413218242	0.0016756914489546304
0.47954010183652485	0.00021933283001456053	0.0002193367211705708	0.0017740873584637384
0.49364363424348146	0.00023924742242499306	0.00023925191680326411	0.0018785482516214813
0.5077471666504381	0.0002603312571982314	0.0002603364370889555	0.001989730614693208
0.5218506990573947	0.0002826175372888698	0.0002826234697651417	0.002099118239007325
0.5359542314643513	0.0003061394372318487	0.0003061462016040194	0.0022095722889803326
0.5500577638713079	0.0003309301096609787	0.0003309378140479712	0.002328100939608113
0.5641612962782645	0.00035702270332376357	0.00035703144516810876	0.0024485401807217144
0.5782648286852211	0.0003844503364931291	0.0003844602120259752	0.0025687408512053977
0.5923683610921777	0.00041324610354620523	0.0004132572315500521	0.0026928272889747973
0.6064718934991343	0.00044344309463370903	0.0004434556080657614	0.002821880012060518
0.6205754259060909	0.00047507436742653454	0.0004750883947479451	0.0029526580199501495
0.6346789583130475	0.0005081729536767764	0.0005081886318641573	0.003085206968900245
0.6487824907200042	0.0005427718805652067	0.0005427893595388288	0.003220316720153882
0.6628860231269608	0.0005789041407229831	0.0005789235932392058	0.003360230969917666
0.6769895555339175	0.0006166026992806031	0.000616624296365286	0.0035025932757282163
0.6910930879408741	0.0006559005256860454	0.0006559244257328026	0.0036438523558501856
0.7051966203478307	0.0006968305620714499	0.0006968569368532229	0.0037849634055397985
0.7193001527547873	0.0007394256684776265	0.0007394547452408897	0.003932344318413605
0.7334036851617439	0.000783718699712979	0.0007837507200741411	0.004085695693345492
0.7475072175687005	0.0008297425109010335	0.0008297777279533567	0.004244335063052773
0.7616107499756571	0.0008775299580954343	0.0008775686306931805	0.0044069831906634604
0.7757142823826138	0.0009271138851800189	0.0009271562344087839	0.004567856165449413
0.7898178147895704	0.0009785270548728483	0.0009785733093413092	0.004726948348610094
0.803921347196527	0.0010318021702839962	0.0010318526251420755	0.004889974021415888
0.8180248796034836	0.001086971934763253	0.0010870269392806162	0.005060343841822856
0.8321284120104402	0.0011440690523262683	0.0011441289412714236	0.005234731682812743
0.8462319444173968	0.0012031262252265376	0.001203191297135998	0.005408568784881496
0.8603354768243534	0.0012641761144607344	0.001264246672849953	0.005581373387086863
0.87443900923131	0.001327251282075812	0.0013273277091142308	0.005758294563440458
0.8885425416382666	0.0013923842728718833	0.0013924669744005366	0.005939562106860308
0.9026460740452232	0.0014596076325653364	0.001459697024390966	0.006124373676552608
0.9167496064521798	0.001528953907962846	0.001529050414029339	0.006311901620481564
0.9308531388591365	0.0016004556272185293	0.0016005596546845426	0.006499865678510908
0.9449566712660931	0.0016741452216474152	0.0016742571907679357	0.006688136672527989
0.9590602036730497	0.001750055064090102	0.0017501754610119806	0.006879607639143082
0.9731637360800063	0.0018282175285579962	0.0018283469005494135	0.007076400340566558
0.9872672684869629	0.0019086649903364815	0.0019088038808256194	0.007276839562808668
1.0013708008939195	0.0019914298189512387	0.0019915787187830365	0.007477031346070362
1.015474333300876	0.0020765443173970956	0.002076703729611834	0.007676802917377934
1.0295778657078327	0.0021640406832235913	0.0021642112181265547	0.007880392650916335
1.0436813981147892	0.002253951104856285	0.0022541334078794127	0.008088153409135934
1.057784930521746	0.002346307771712161	0.0023465024841865904	0.008298675765261443
1.0718884629287024	0.0024411428736536315	0.0024413506321442247	0.008510705900732773
1.0859919953356592	0.0025384885662026557	0.0025387100137343114	0.008723597758297785
1.1000955277426157	0.0026383768837903365	0.0026386126998467854	0.008937921564489137
1.1141990601495724	0.0027408398149678247	0.0027410907389742683	0.009155004428684776
1.1283025925565289	0.0028459093503927545	0.0028461761793299946	0.009375876192385668
1.1424061249634856	0.0029536174826881494	0.0029539010261087698	0.009599869390086724
1.156509657370442	0.0030639961909137226	0.003064297195697815	0.009823928142771443
1.1706131897773988	0.003177077358193476	0.0031773965935222746	0.010048081705504863
1.1847167221843553	0.003292892765793306	0.003293231137284873	0.010275812655735628
1.198820254591312	0.003411474192368679	0.0034118327367966294	0.010509955747362021
1.2129237869982685	0.0035328534178726057	0.003533233097597655	0.010747112323672425
1.2270273194052252	0.0036570622203401727	0.0036574638979086685	0.01098361319262775
1.2411308518121817	0.0037841323213709034	0.0037845568159503825	0.011217752008341186
1.2552343842191385	0.003914095304194733	0.003914543529943517	0.011451579840282555
1.269337916626095	0.0040469827213587125	0.004047455718108783	0.011687639474566858
1.2834414490330517	0.004182826127484059	0.0041833250586668985	0.01192808803505141
1.2975449814400082	0.004321657079587702	0.004322183181052979	0.012173605068332982
1.311648513846965	0.004463507108258156	0.004464061507725147	0.012420714329430815
1.3257520462539214	0.004608407618191636	0.0046089914091308965	0.012667953610612237
1.3398555786608781	0.004756389924633456	0.0047570042557847575	0.012915912299771293
1.3539591110678348	0.0049074853444602785	0.004908131418201244	0.013165067149811804
1.3680626434747913	0.005061725196565025	0.005062404266894876	0.01341578816471678
1.382166175881748	0.005219140792525056	0.005219854172391858	0.013668530801536072
1.3962697082887046	0.005379763359122036	0.005380512442564035	0.01392409650748938
1.4103732406956613	0.005543623978778975	0.0055444101779690575	0.014182043967858604
1.4244767731026178	0.005710753717208084	0.005711578436937267	0.01444152155778422
1.4385803055095745	0.005881183641992621	0.005882048277799019	0.014701731131538942
1.452683837916531	0.006054944822548793	0.006055850758884658	0.014961925540468712
1.4667873703234877	0.006232068283029846	0.006233016938524533	0.015222161433481318
1.4808909027304442	0.0064125848951713076	0.0064135778740464534	0.015484845680457937
1.494994435137401	0.006596525460111601	0.0065975645140625115	0.0157515340036829
1.5090979675443574	0.006783920782575904	0.006785007606341637	0.0160205845640915
1.5232014999513142	0.006974801670342732	0.006975937877201414	0.016290167267585254
1.5373050323582707	0.007169198913973362	0.00717038605295942	0.016558879176065133
1.5514085647652274	0.007367143187039204	0.007368382859933243	0.016827050358125817
1.5655120971721839	0.007568665024900142	0.007569959024440462	0.017096800242355492
1.5796156295791406	0.007773794956950912	0.007775145266885011	0.017370022512519512
1.593719161986097	0.007982563514571842	0.007983972145980654	0.017646353909261947
1.6078226943930538	0.008195001228324499	0.00819647004509051	0.01792332575782929
1.6219262268000103	0.008411138558483893	0.008412669338930834	0.018199443943256455
1.636029759206967	0.008631005794074043	0.008632600402217897	0.018475345537916077
1.6501332916139235	0.00885463317538395	0.00885629360966796	0.018752152134626776
1.6642368240208802	0.009082050946467706	0.009083779335997287	0.01903082838632386
1.6783403564278367	0.009313289355308616	0.009315087937370169	0.019311995933279924
1.6924438888347935	0.00954837861709982	0.00955024955598496	0.019594309779336072
1.70654742124175	0.009787348797839459	0.009789294197986688	0.019876681493768977
1.7206509536487067	0.01003022984178659	0.01003225186740358	0.02015931487997502
1.7347544860556632	0.01027705169434936	0.010279152568263837	0.020442379555540846
1.74885801846262	0.010527844303576355	0.010530026304595694	0.020726000085291574
1.7629615508695764	0.01078263761045974	0.010784903080427356	0.021010350616057494
1.7770650832765331	0.011041461455138667	0.01104381285687071	0.021296109591983914
1.7911686156834896	0.011304345499390685	0.011306785340880742	0.021583217623599715
1.8052721480904463	0.011571319376997883	0.011573850147052884	0.02187105871462869
1.819375680497403	0.011842412724903554	0.011845036889872158	0.02215903996563018
1.8334792129043596	0.012117655183838973	0.012120375183823588	0.02244658676409106
1.8475827453113163	0.012397076339902212	0.012399894643392214	0.02273361406133212
1.8616862777182728	0.01268070560190921	0.012683624883057338	0.023021440917991853
1.8757898101252295	0.012968572280825492	0.012971595433440928	0.02331137576265796
1.889893342532186	0.013260705692413962	0.013263835554998694	0.023602534113420504
1.9039968749391427	0.013557135156350274	0.013560374454347102	0.023893676351738335
1.9181004073460992	0.013857889973713696	0.013861241338102612	0.02418379995274833
1.932203939753056	0.01416299931071358	0.014166465412881682	0.02447293890270874
1.9463074721600124	0.014472492162074212	0.01447607588530077	0.024762308981918224
1.9604110045669692	0.014786397510609305	0.014790101960571282	0.02505309328604266
1.9745145369739256	0.015104744341983969	0.015108572702853405	0.025345419841338312
1.9886180693808824	0.015427561643237211	0.015431516919894273	0.025637730371963485
2.0027216017878393	0.015754878318858762	0.015758963392505012	0.02592894444231053
2.0168251341947956	0.016086723076126568	0.016090940901496747	0.026219294944151983
2.0309286666017523	0.01642312455205687	0.016427478227680606	0.026509423404408317
2.045032199008709	0.016764111389343778	0.016768604151867712	0.02679988470364325
2.0591357314156657	0.01710971223597715	0.017114347447024822	0.02709111049761237
2.073239263822622	0.01745995570339861	0.017464736680430745	0.027382526699093468
2.0873427962295787	0.017814870234688945	0.017819800200163664	0.02767331678408258
2.1014463286365355	0.018174484120300993	0.01817956634375399	0.027963508726625008
2.115549861043492	0.018538825649667943	0.018544063448732155	0.028253132982603013
2.1296533934504485	0.0189079231154169	0.018913319852628563	0.028542199895364995
2.143756925857405	0.019281804805229903	0.019287363892973673	0.028830743801866454
2.157860458264362	0.019660498891429633	0.0196662238836876	0.029119262382804045
2.1719639906713186	0.020044033340909356	0.020049927871982013	0.029407908939282912
2.186067523078275	0.020432436077382096	0.02043850373762092	0.029696215448038465
2.2001710554852316	0.02082573502948727	0.02083197935783264	0.029983711674641533
2.2142745878921883	0.021223958131696176	0.021230382609845447	0.030269934144278032
2.228378120299145	0.021627133257231163	0.021633741370887652	0.030554736857135723
2.2424816527061013	0.022035288082201433	0.02204208351818753	0.030838879713068756
2.256585185113058	0.022448450157497964	0.022455436875485204	0.031123386862885738
2.2706887175200148	0.022866647039097663	0.022873828955035223	0.03140782260417918
2.2847922499269715	0.023289906287370283	0.02329728715735522	0.0316912824545712
2.298895782333928	0.023718255445502788	0.023725838882836397	0.031972997976326134
2.3129993147408845	0.02415172190594384	0.024159511531869945	0.03225288017327799
2.327102847147841	0.024590332861835842	0.024598332504847102	0.03253165809591341
2.341206379554798	0.02503411548540529	0.025042329202138332	0.03281009364133336
2.3553099119617547	0.025483096952868836	0.02549152892148743	0.03308847678205051
2.369413444368711	0.025937304444584815	0.025945958634615112	0.033365803485030376
2.3835169767756677	0.026396765048787983	0.026405645249038222	0.03364124442455374
2.3976205091826244	0.026861505636433514	0.026870615672273567	0.033914836954251903
2.411724041589581	0.027331552985198942	0.027340896811837986	0.03418695836312491
2.4258275739965374	0.02780693388005713	0.02781651557524825	0.03445793496128502
2.439931106403494	0.02828767511213855	0.028297498868241063	0.03472804344497593
2.454034638810451	0.028773803435766934	0.02878387342674725	0.03499707990566314
2.4681381712174075	0.02926534542035679	0.029275665681554354	0.035264443488802755
2.482241703624364	0.029762327455718534	0.029772902031784055	0.03553007096388505
2.4963452360313205	0.030264775926212517	0.03027560887655807	0.03579392218850952
2.5104487684382772	0.030772717219995725	0.030783812614998077	0.036055948270763416
2.524552300845234	0.03128617772369252	0.03129753964622577	0.03631610941288166
2.5386558332521902	0.03180518369639108	0.03181681635984284	0.0365747406548822
2.552759365659147	0.03232976117144066	0.03234166890138066	0.036832099924466455
2.5668628980661037	0.032859936121084656	0.032872123158795175	0.03708783141151972
2.5809664304730604	0.03339573452446777	0.03340820500782073	0.03734154535159906
2.5950699628800167	0.03393718236818933	0.033949940324191644	0.0375928557176719
2.6091734952869734	0.034484305574915476	0.0344973549836423	0.03784158767088375
2.62327702769393	0.03503712985370634	0.03505047486190704	0.03808818889108334
2.637380560100887	0.03559568076342416	0.035609325806660305	0.038333424009584505
2.651484092507843	0.03615998386676346	0.036173933353106764	0.038577136523909594
2.6655876249148	0.03673006473099232	0.036744322842031184	0.03881863847310374
2.6796911573217566	0.03730594891008116	0.03732051961133165	0.039057313045720576
2.6937946897287133	0.0378876617933146	0.03790254899890635	0.03929301753420322
2.70789822213567	0.03847522854956289	0.03849043634265343	0.03952619299181226
2.7220017545426263	0.03906867431472232	0.039084206980471055	0.03975734017389598
2.736105286949583	0.039668024230156786	0.03968388618763302	0.03998675957290754
2.7502088193565397	0.040273303444044804	0.04028949887872071	0.040213822286538914
2.7643123517634964	0.04088453700692099	0.040901069840043616	0.04043786314573694
2.7784158841704527	0.041501749736154184	0.04151862385777147	0.040658819747507735
2.7925194165774094	0.04212496633368576	0.04214218571807407	0.0408769095550543
2.806622948984366	0.042754211509483143	0.042771780207121156	0.041092320540436766
2.820726481391323	0.04338950997988072	0.043407432111047854	0.04130521680343335
2.834830013798279	0.044030886427878425	0.044049166097330714	0.041515560860272416
2.848933546205236	0.04467836533686339	0.0446970064600317	0.04172293016488915
2.8630370786121926	0.04533197098926971	0.04535097742027003	0.041927210720271724
2.8771406110191493	0.04599172765515906	0.046011103199164946	0.04212832392633814
2.8912441434261056	0.04665765960914351	0.04667740801783568	0.0423261879348491
2.9053476758330623	0.0473297911282098	0.047349916097401516	0.04252072259773865
2.919451208240019	0.04800814635343893	0.048028651656879105	0.04271213324757994
2.9335547406469757	0.048692749185040685	0.04871363872122449	0.042900712186999534
2.947658273053932	0.049383623443529555	0.04940490096937415	0.04308619813799819
2.9617618054608887	0.05008079295799969	0.05010246204465698	0.04326825790370581
2.9758653378678455	0.05078428156583049	0.050806345590401765	0.043446562383042675
2.989968870274802	0.05149411304241697	0.05151657524993735	0.04362092323424438
3.0040724026817585	0.05221031093510043	0.05223317466659253	0.04379160185528086
3.018175935088715	0.05293289862044583	0.052956167472761384	0.04395915002199935
3.032279467495672	0.05366189947564577	0.05368557702477668	0.04412357624732355
3.0463829999026286	0.05439733688258778	0.05442142638962302	0.04428434996226471
3.060486532309585	0.05513923421513745	0.055163738620692425	0.044440960966851684
3.0745900647165416	0.05588761467164654	0.05591253677137686	0.04459324284413757
3.0886935971234983	0.05664250121524951	0.056667843895068334	0.0447414561064674
3.102797129530455	0.057403916761905156	0.05742968304515885	0.044885932366889314
3.1169006619374113	0.058171884234730874	0.058198077243281854	0.04502692133072639
3.131004194344368	0.058946426565626306	0.05897304916095849	0.04516405299401782
3.1451077267513248	0.059727566588485284	0.0597546212532688	0.045296780580272866
3.1592112591582815	0.060515326890661456	0.06054281597212548	0.045424990455211756
3.173314791565238	0.06130972992496955	0.061337655769441196	0.04554879707645565
3.1874183239721945	0.062110798151591616	0.06213916309712863	0.04566829984664622
3.201521856379151	0.06291855403674362	0.06294736040710053	0.045783586094616524
3.215625388786108	0.0637330200198306	0.06376227008116137	0.045894673313240375
3.2297289211930647	0.06455421832816848	0.06458391410052396	0.04600128872218612
3.243832453600021	0.06538217097295337	0.06541231430484289	0.04610328999625768
3.2579359860069776	0.06621689994383224	0.0662474925336229	0.046200576917065916
3.2720395184139344	0.06705842723596458	0.06708947062636869	0.04629304873922102
3.286143050820891	0.06790677485044469	0.06793827042258493	0.046380603716800195
3.3002465832278474	0.06876196464935555	0.06879391376172933	0.04646335010451974
3.314350115634804	0.06962401824203579	0.06965642235167328	0.04654156777454954
3.328453648041761	0.07049295714107955	0.07052581748905383	0.04661507944476728
3.3425571804487175	0.07136880286766331	0.07140212039066184	0.0466835951561384
3.356660712855674	0.07225157693691567	0.07228535227328828	0.04674685010972457
3.3707642452626305	0.07314130103552137	0.07317553435372413	0.046804360488672536
3.3848677776695872	0.07403799661216007	0.07407268784876037	0.046855990420735516
3.398971310076544	0.07494168456428714	0.07497683395807873	0.04690232678374873
3.4130748424835002	0.07585238568038967	0.07588799352317852	0.046943602985516364
3.427178374890457	0.07677012076562925	0.07680618731349964	0.046979928532997484
3.4412819072974137	0.07769491062516735	0.07773143606673556	0.04701136956630769
3.4553854397043704	0.07862677606416549	0.07866376037717329	0.047037809330530145
3.4694889721113267	0.07956573788778516	0.07960318082970057	0.047059127344750706
3.4835925045182834	0.08051181690118793	0.08054971789738312	0.04707507252221799
3.49769603692524	0.08146503391054692	0.08150339661354655	0.047091004763766264
3.511799569332197	0.08242540974075017	0.08246424606981927	0.04711693783658877
3.525903101739153	0.08339296497708451	0.08343228918105683	0.04715530138919011
3.54000663414611	0.08436771970414919	0.084407545730667	0.04720528972155247
3.5541101665530666	0.08534969378445091	0.08539003668628155	0.04726777571402163
3.5682136989600233	0.08633890710062501	0.086379782452732	0.04734291118528855
3.5823172313669795	0.08733537953612389	0.08737680295434484	0.04743028362728108
3.5964207637739363	0.08833913097439997	0.08838111829145129	0.04752969220795933
3.610524296180893	0.08935018129890561	0.08939274841234407	0.047640768960555135
3.6246278285878497	0.09036855039309319	0.09041171308912012	0.0477629616046471
3.6387313609948064	0.09139425814192459	0.09143803205566119	0.04789569347849465
3.6528348934017627	0.09242732444464283	0.0924717249214361	0.04803825823158636
3.6669384258087194	0.09346776894104766	0.09351281123884317	0.04819019251856016
3.681041958215676	0.09451561079952205	0.09456131049574312	0.04835147954342922
3.695145490622633	0.09557086900347367	0.09561724198467451	0.04852208804251301
3.709249023029589	0.09663356255351042	0.0966806249992257	0.04870196696848961
3.723352555436546	0.0977037104510002	0.09775147873264417	0.04889095964060175
3.7374560878435026	0.09878133169731079	0.09882982220999999	0.04908874162354859
3.7515596202504593	0.09986644529381	0.09991567444227999	0.04929498424135481
3.7656631526574156	0.10095907024186561	0.10100905426432136	0.04950919450428248
3.7797666850643723	0.10205922554768025	0.102109980431239	0.049730813933179796
3.793870217471329	0.10316693020604506	0.10321847174560046	0.04995936144700508
3.8079737498782857	0.10428220283747797	0.10433454679671508	0.050194527745750506
3.822077282285242	0.10540506163003159	0.10545822394244059	0.050436204473358615
3.8361808146921987	0.1065355246809418	0.1065895215388425	0.050684368488762566
3.8502843470991555	0.10767361010165709	0.10772845794198635	0.05093898149923781
3.864387879506112	0.10881933600368214	0.10887505149870882	0.05119999539862086
3.8784914119130685	0.1099727204985217	0.11002932031784136	0.05146714481836234
3.892594944320025	0.11113378169768062	0.11119128229226354	0.051739978343712245
3.906698476726982	0.11230253771265797	0.11236095530843103	0.05201805494594591
3.9208020091339386	0.11347900666570548	0.11353835725279968	0.05230093991661633
3.934905541540895	0.11466320660910054	0.11472350595914602	0.052588229327166225
3.9490090739478516	0.11585515513631862	0.11591641897374398	0.05287968183484981
3.9631126063548083	0.11705486948197477	0.1171171137490337	0.05317529064310378
3.977216138761765	0.11826236685359288	0.11832560773744352	0.053475070331487906
3.9913196711687213	0.11947766446618635	0.11954191838803702	0.0537790240023206
4.0054232035756785	0.1207007795347687	0.12076606297026349	0.054087004032976616
4.019526735982635	0.12193172927435317	0.12199805850293226	0.05439866142622485
4.033630268389591	0.1231705308999533	0.12323792198805142	0.05471364587432692
4.047733800796548	0.12441720162680141	0.1244856704276294	0.05503161936832868
4.0618373332035045	0.12567175868748587	0.12574132080093628	0.05535222406125584
4.075940865610462	0.126934219141314	0.12700488981769234	0.05567503928918249
4.090044398017418	0.12820459955314936	0.12827639401846486	0.05599991386091574
4.104147930424374	0.12948291622863417	0.12955584994184582	0.05632690036334598
4.118251462831331	0.13076918547978691	0.13084327412642702	0.056656043523006794
4.132354995238288	0.1320634236215572	0.13213868304095425	0.05698733027905689
4.146458527645244	0.13336564696889489	0.13344209284301478	0.05732051383346981
4.160562060052201	0.13467587183674987	0.13475351960734638	0.05765529455092899
4.174665592459157	0.13599411454007182	0.1360729794087882	0.057991383658850815
4.1887691248661145	0.1373203913952375	0.13740048832096835	0.05832850089999564
4.202872657273071	0.13865471873180815	0.13873606226759816	0.058666258555062356
4.216976189680027	0.13999711258396053	0.14007971688805346	0.0590042912802069
4.231079722086984	0.14134758850865103	0.141431467790842	0.059342563305087026
4.2451832544939405	0.14270616190111393	0.14279133058447105	0.05968115337313673
4.259286786900897	0.14407284817266744	0.14415932093240422	0.06002016398896082
4.273390319307854	0.14544766273542278	0.14553545448807487	0.06035968608981701
4.28749385171481	0.1468306210014909	0.1469197462323221	0.06069934883017325
4.301597384121767	0.14822173838298308	0.1483122110682955	0.06103874256193631
4.315700916528724	0.14962103029201018	0.14971286389914443	0.06137747277572547
4.32980444893568	0.15102851214511284	0.1511217196280184	0.061715156682473626
4.343907981342637	0.15244419934417985	0.15253879315806695	0.06205143540656266
4.358011513749593	0.15386810687857225	0.15396409939243946	0.06238623182839298
4.37211504615655	0.1553002493232232	0.1553976532342854	0.06271973901308403
4.386218578563507	0.15674064117421435	0.156839469586539	0.06305219347342295
4.400322110970463	0.15818929694093073	0.15828956313691034	0.06338367886991048
4.41442564337742	0.15964623113283277	0.1597479479576439	0.06371389044976805
4.4285291757843765	0.16111145825938053	0.1612146380118576	0.06404246699260874
4.442632708191333	0.1625849928300342	0.16268964726266963	0.06436906064561931
4.45673624059829	0.1640668493542516	0.16417298967319827	0.06469333650547249
4.470839773005246	0.16555704235145097	0.16566467920656136	0.0650149661902466
4.4849433054122025	0.16705558626115888	0.16716472982587716	0.06533368153738284
4.49904683781916	0.16856249503020843	0.16867315549426382	0.06564951713343703
4.513150370226116	0.1700777822826881	0.17018997017483936	0.0659626969763627
4.527253902633073	0.17160146162031964	0.1717151877695549	0.0662734152503397
4.541357435040029	0.1731335466517512	0.17324882160978963	0.06658152638108206
4.555460967446986	0.17467405098563116	0.17479088471652854	0.06688671284493797
4.569564499853943	0.17622298823060803	0.17634139010767277	0.06718866718444794
4.583668032260899	0.17778037199533	0.17790035080112324	0.06748709345505421
4.597771564667856	0.17934621588861063	0.1794677798147812	0.06778170677774753
4.611875097074813	0.18092053353507973	0.18104369016654756	0.06807222434150884
4.625978629481769	0.18250333837087124	0.1826280948743235	0.06835847747548307
4.640082161888726	0.1840946433224397	0.18422100695601024	0.0686405814368074
4.654185694295682	0.1856944610932734	0.18582243942458643	0.0689187661061963
4.668289226702639	0.18730280439232624	0.18743240495027017	0.06919306860588836
4.682392759109596	0.1889196859313041	0.18905091565198495	0.06946323250218711
4.696496291516552	0.19054511842191243	0.1906779835994354	0.06972898525208215
4.710599823923509	0.19217911457585732	0.19231362086232656	0.0699900646155438
4.7247033563304655	0.19382168710484432	0.1939578395103631	0.07024621834250677
4.738806888737422	0.1954728487217613	0.1956106516132498	0.07049720326359754
4.752910421144379	0.19713261215002675	0.19727206924069166	0.07074278027563441
4.767013953551335	0.19880098979587144	0.1989421044623933	0.07098287924358626
4.7811174859582914	0.20047799359794127	0.2006207693480596	0.07121766711446487
4.795221018365249	0.2021636353623592	0.20230807584147464	0.07144730992620918
4.809324550772205	0.2038579269087645	0.204004035258592	0.07167165488388694
4.823428083179162	0.2055608800575517	0.20570865872338234	0.07189046174023161
4.837531615586118	0.20727250662911473	0.20742195735980004	0.07210349945385719
4.851635147993075	0.20899281844384796	0.2091439422917998	0.0723105459207174
4.865738680400032	0.21072182732214587	0.21087462464333642	0.07251138770592025
4.879842212806988	0.21245954508810366	0.21261401553836426	0.07270581804010856
4.893945745213944	0.21420598354664794	0.21436212610083802	0.0728936473224584
4.9080492776209015	0.21596115406790503	0.21611896745471246	0.07307489510719467
4.922152810027858	0.21772506763946498	0.21788455059145317	0.07324969683890625
4.936256342434815	0.21949773518669508	0.21965888583087495	0.07341790749815225
4.950359874841771	0.2212791676460599	0.22144198367158652	0.07357946401311821
4.9644634072487275	0.22306937595410636	0.22323385449681146	0.07373425509513698
4.978566939655685	0.2248683710473815	0.22503450868654132	0.07388217310688727
4.992670472062641	0.22667616386243183	0.22684395645462352	0.07402304209342958
5.006774004469598	0.22849276533580384	0.22866222015056692	0.07416200443546295
5.020877536876554	0.2303181864122596	0.23048933500106955	0.07430962855170531
5.034981069283511	0.2321524379500563	0.2323253184011811	0.07446850554375661
5.049084601690468	0.23399553030037587	0.23417017959169734	0.0746378749616694
5.063188134097424	0.2358474735365447	0.23602392859979096	0.07481744900645904
5.07729166650438	0.23770827771470718	0.2378865751530116	0.07500682770433809
5.0913951989113375	0.2395779528967652	0.23975812890591472	0.07520558839866354
5.105498731318294	0.24145650914462016	0.24163859930569834	0.07541323351492046
5.119602263725251	0.24334395652017402	0.24352799667463634	0.07562963843199544
5.133705796132207	0.24524030508532813	0.2454263314970416	0.07585474648987844
5.1478093285391635	0.2471455649020986	0.24733361381584282	0.0760883222074904
5.161912860946121	0.2490597460452544	0.24924985308081635	0.07632989215664576
5.176016393353077	0.2509828583925977	0.2511750587194826	0.07657906524605185
5.190119925760033	0.2529149113150554	0.2531092401152747	0.07683564373839324
5.20422345816699	0.25485591400437035	0.2550524063599534	0.0770993901988426
5.218326990573947	0.256805875656433	0.2570045662961403	0.07736997418750224
5.232430522980904	0.25876480546939656	0.2589657294451608	0.07764733515431832
5.24653405538786	0.26073271264141407	0.26093590462059607	0.07793114148335611
5.260637587794816	0.2627096063706388	0.2629151005294217	0.07822102953212173
5.2747411202017735	0.2646954958552238	0.2649033260360765	0.07851670470677696
5.28884465260873	0.2666903902941891	0.2669005898339941	0.07881781551002387
5.302948185015686	0.2686942988927809	0.26890690049644567	0.07912397268601268
5.317051717422643	0.27070723053075585	0.270922266464727	0.07943486900943153
5.3311552498295995	0.27272919364392284	0.27294669617659617	0.07975036693625981
5.345258782236557	0.2747601965685623	0.27498019806266016	0.08007036566628489
5.359362314643513	0.27680024765094746	0.27702278024208504	0.08039465030327264
5.373465847050469	0.2788493552379772	0.2790744506785451	0.08072295536627472
5.387569379457426	0.2809075276765503	0.2811352173945806	0.08105504324271706
5.401672911864383	0.28297477331356513	0.2832050884127318	0.0813906824519206
5.41577644427134	0.2850511004959207	0.285284071648463	0.08172960993202416
5.429879976678296	0.287136517573221	0.28737217456952185	0.08207141268290474
5.443983509085252	0.2892310328709279	0.28946940469651916	0.082415715639228
5.45808704149221	0.29133465427602667	0.29157576956413084	0.08276230944901375
5.472190573899166	0.2934473893338708	0.29369127670533446	0.08311110622496454
5.486294106306122	0.29556924554598996	0.2958159334632358	0.08346197074400319
5.500397638713079	0.2977002304219694	0.29794974688654596	0.08381466961677742
5.514501171120036	0.2998403514714691	0.3000927240080568	0.08416897037013538
5.528604703526993	0.30198961620414944	0.3022448718605602	0.08452464678063709
5.542708235933949	0.3041480321296704	0.30440619751748693	0.08488149208423224
5.556811768340905	0.3063156067576923	0.30657670791590513	0.08523926057066866
5.5709153007478625	0.3084923476037268	0.30875640958596684	0.08559757941848378
5.585018833154819	0.31067826209290467	0.3109453090346883	0.08595610777035745
5.599122365561775	0.31287335714923414	0.31314341276908636	0.08631467451012398
5.613225897968732	0.31507763946804745	0.3153507272961777	0.08667318588246875
5.6273294303756884	0.317291115733116	0.3175672591316715	0.0870315570977942
5.641432962782646	0.31951379263231866	0.31979301456120973	0.08738963241325948
5.655536495189602	0.3217456768535335	0.3220279995459595	0.08774715955375267
5.669640027596558	0.3239867750846392	0.32427222003248196	0.08810388873687902
5.683743560003515	0.3262370940135143	0.3265256819673383	0.08845957713563557
5.697847092410472	0.3284966403281035	0.3287883912970891	0.08881398868925139
5.711950624817428	0.3307654207249247	0.3310603539565094	0.08916688780171711
5.726054157224385	0.33304344170301864	0.3333415755980721	0.08951802009040666
5.740157689631341	0.3353307092749655	0.3356320616142241	0.08986720599200027
5.7542612220382985	0.337627229319498	0.3379318173889637	0.09021430827118593
5.768364754445255	0.33993300771797313	0.3402408483062884	0.09055919293683434
5.782468286852211	0.3422480503533093	0.34255915975019646	0.09090172948129638
5.796571819259168	0.3445723631084251	0.34488675707903055	0.09124178380681691
5.8106753516661245	0.3469059518662387	0.34722364532836936	0.09157913273658558
5.824778884073081	0.34924882250966854	0.3495698293134186	0.09191349635579993
5.838882416480038	0.35160098092216147	0.3519253138451345	0.09224460128705037
5.852985948886994	0.35396243298792335	0.3542901037344723	0.0925721816812386
5.867089481293951	0.3563331842711344	0.3566642037923882	0.09289606914688608
5.881193013700908	0.3587132399277914	0.35904761882082753	0.09321621167466265
5.895296546107864	0.3611026050474454	0.3614403533418886	0.09353250010446512
5.909400078514821	0.36350128472573695	0.36384241160027164	0.09384475072544696
5.923503610921777	0.3659092840587269	0.36625379783073286	0.09415278240128
5.9376071433287345	0.368326608142477	0.3686745162680291	0.094456419346578
5.951710675735691	0.3707532620730482	0.37110457114691664	0.09475549099799974
5.965814208142647	0.37318925094650207	0.37354396668516526	0.09504982733654632
5.979917740549604	0.37563457986049165	0.3759927068072287	0.09533918492543592
5.9940212729565605	0.37808925388344417	0.37845079519549546	0.09562327104983837
6.008124805363517	0.38055327765994806	0.38091823552542653	0.0959019109551873
6.022228337770474	0.3830266555394233	0.383395031472483	0.09617501229539638
6.03633187017743	0.3855093918456676	0.38588118671212546	0.09644249253639714
6.050435402584387	0.388001490907131	0.38837670520007184	0.09670434308477471
6.064538934991344	0.390502957052315	0.39088159090842456	0.09696056054675495
6.0786424673983	0.39301379460972186	0.39339584593424365	0.09721066531549472
6.092745999805257	0.39553400790785365	0.3959194727765268	0.09745429241647674
6.106849532212213	0.39806360127521195	0.398452475690913	0.09769152830234606
6.12095306461917	0.40060257904350344	0.4009948573775801	0.09792206905239187
6.135056597026127	0.40315094545278485	0.40354662039897626	0.09814560790548654
6.149160129433083	0.40570870426763395	0.4061077677080741	0.09836206032614037
6.16326366184004	0.40827585907312547	0.40867830241116704	0.09857142642604177
6.1773671942469965	0.4108524134483896	0.41125822743266705	0.0987736644580739
6.191470726653953	0.4134383709747718	0.413847545036412	0.0989685743670643
6.20557425906091	0.41603373523361803	0.41644626824687997	0.09915854853219663
6.219677791467866	0.4186385098062737	0.4190544301537776	0.09935071374498339
6.2337813238748225	0.4212526982740846	0.4216720666913212	0.09955269579393633
6.24788485628178	0.4238763042184243	0.4242991803224242	0.09976403488267671
6.261988388688736	0.4265093312245004	0.42693577377675573	0.09998434290545699
6.276091921095693	0.42915178268693466	0.42958184965619695	0.10021325475328968
6.290195453502649	0.43180366155059113	0.432237410397613	0.10045047915163696
6.304298985909606	0.43446497066912265	0.4349024586769755	0.10069580688614188
6.318402518316563	0.4371357128973836	0.43757699707117304	0.10094900983141919
6.332506050723519	0.43981589109098296	0.4402610274559021	0.10120970477327518
6.346609583130476	0.44250550810553013	0.4429545523448156	0.10147766096921806
6.360713115537433	0.4452045667966342	0.4456575742608362	0.10175265439469339
6.374816647944389	0.4479130700199045	0.4483700945149917	0.10203419495371513
6.388920180351346	0.45063102063115906	0.45109211557824563	0.1023220608383113
6.403023712758302	0.4533584214810299	0.45382363955052396	0.10261595405558488
6.417127245165259	0.45609527511825954	0.4565646674799693	0.10291541862346154
6.431230777572216	0.4588415837290197	0.4593152017497625	0.10322037878380819
6.445334309979172	0.46159734946298836	0.462075243834443	0.10353057096419427
6.459437842386129	0.46436257447221185	0.46484479480068586	0.10384564884931002
6.4735413747930854	0.46713726090891033	0.46762385681601104	0.10416550933101121
6.487644907200042	0.46992141092530465	0.4704124306993054	0.10448976415733391
6.501748439606999	0.4727150266736158	0.4732105176674305	0.10481811786295925
6.515851972013955	0.47551811030606395	0.47601811957479634	0.10515041549323811
6.529955504420911	0.47833066397536994	0.4788352371510705	0.1054862700014203
6.544059036827869	0.4811526898004145	0.4816618711401189	0.10582531294081043
6.558162569234825	0.48398418950745326	0.4844980224633978	0.10616730196650881
6.572266101641782	0.4868251645765811	0.48734369204236444	0.10651205063205715
6.586369634048738	0.48967561647841706	0.4901988807984746	0.10685937842294102
6.600473166455695	0.49253554668496297	0.49306358953490004	0.10720908439829646
6.614576698862652	0.49540495666823864	0.4959378186193693	0.1075608840723774
6.628680231269608	0.49828384790026264	0.4988215684082451	0.10791449697764577
6.642783763676564	0.5011722218530547	0.5017148392623567	0.10826964976147213
6.6568872960835215	0.5040700799986338	0.5046176315425333	0.10862607514829925
6.670990828490478	0.5069774238096164	0.5075299456105229	0.10898351188000088
6.685094360897435	0.5098942546683559	0.5104517817340941	0.10934170382068675
6.699197893304391	0.5128205735248178	0.5133831398408802	0.10970041864655222
6.7133014257113475	0.5157563811953066	0.5163240197930857	0.11005944249560251
6.727404958118305	0.5187016784952077	0.5192744214529145	0.11041856648090764
6.741508490525261	0.5216564662402753	0.5222343446825701	0.1107775863413929
6.755612022932217	0.5246207452462653	0.5252037893529209	0.11113630407082464
6.769715555339174	0.5275945163289325	0.5281827551549585	0.11149449204268524
6.783819087746131	0.5305777803040316	0.5311712415053035	0.11185187606836955
6.797922620153088	0.5335705379873181	0.5341692478071015	0.11220818563966173
6.812026152560044	0.536572790193755	0.5371767734634969	0.11256315653347393
6.826129684967	0.539584537560775	0.5401938178777569	0.11291656349832202
6.8402332173739575	0.5426057803269658	0.5432203804206239	0.11326825403292773
6.854336749780914	0.5456365186763994	0.5462564601548788	0.1136180327488523
6.868440282187871	0.5486767527931644	0.5493020560347667	0.11396568898154325
6.882543814594827	0.5517264828613504	0.5523571670145319	0.11431101692103152
6.8966473470017835	0.5547857090650457	0.555421792048419	0.11465381551469811
6.910750879408741	0.5578544315883401	0.5584959300903597	0.11499388831475166
6.924854411815697	0.5609326506153481	0.5615795799299035	0.11533101413254698
6.938957944222653	0.5640203663308951	0.5646727400922433	0.1156649299017598
6.95306147662961	0.5671175789067452	0.5677754090821806	0.11599537730844212
6.967165009036567	0.5702242882422276	0.5708875854045161	0.11632215182084682
6.981268541443524	0.5733404939300616	0.5740092675640514	0.11664510723907728
6.99537207385048	0.5764661955477202	0.577140454255914	0.11696413656192561
7.009475606257436	0.579601392672798	0.5802811438735112	0.11727908340222193
7.0235791386643935	0.5827460848828893	0.5834313342678493	0.11758970205655306
7.03768267107135	0.5859002717555882	0.5865910232861098	0.11789575185754408
7.051786203478306	0.5890639528684898	0.5897602087754747	0.11819699772741554
7.065889735885263	0.5922371277993891	0.5929388885831262	0.11849321003305491
7.0799932682922195	0.5954197961270952	0.5961270605562455	0.11878416434099037
7.094096800699177	0.5986119573866613	0.5993247225420152	0.11906964880314952
7.108200333106133	0.6018136107723202	0.6025318723876166	0.11934951327781107
7.122303865513089	0.6050247552810122	0.6057485079402317	0.11962364397526404
7.136407397920046	0.6082453899094571	0.6089746270470425	0.11989193008006271
7.150510930327003	0.611475513654412	0.6122102272948227	0.1201542210610862
7.164614462733959	0.6147151255126342	0.6154553056390876	0.12041026741225203
7.178717995140916	0.6179642244808814	0.6187098594433481	0.12065989145133571
7.192821527547872	0.6212228095559109	0.6219738860534489	0.12090291695421307
7.20692505995483	0.6244908797352191	0.6252473825546853	0.12113913013220845
7.221028592361786	0.6277684340153735	0.6285303459420597	0.12136830802607079
7.235132124768742	0.6310554712975416	0.6318227732105349	0.1215902480673714
7.249235657175699	0.6343519901221527	0.6351246613550735	0.12180480946737404
7.263339189582656	0.637657988929159	0.638436009961432	0.1220122770796861
7.277442721989613	0.6409734661605401	0.6417568747100953	0.12222168169424563
7.291546254396569	0.6442984202582743	0.6450872849455191	0.12243778076137524
7.305649786803525	0.6476328496643412	0.6484272513632541	0.12266235403664005
7.3197533192104824	0.65097675282072	0.6517767714738103	0.12289511870029468
7.333856851617439	0.6543301281693961	0.6551358426610775	0.12313577764415662
7.347960384024395	0.657692974154199	0.6585044620475058	0.12338399909932463
7.362063916431352	0.6610652892110472	0.6618826267745322	0.12363946146083382
7.376167448838308	0.6644470716108936	0.6652703337272253	0.12390183530130994
7.390270981245266	0.6678383193038263	0.6686675797231669	0.12417083527118677
7.404374513652222	0.6712390302022802	0.672074361546044	0.12444618178895084
7.418478046059178	0.6746492022198324	0.6754906759156414	0.12472759073014483
7.432581578466135	0.6780688332700607	0.6789165194906883	0.12501477416968498
7.446685110873092	0.6814979212665419	0.6823518891506396	0.12530748186445617
7.460788643280048	0.6849364641228531	0.6857967812972342	0.12560539837556117
7.474892175687005	0.6883844597526789	0.6892511922555233	0.12590820297655458
7.488995708093961	0.691841906072614	0.6927151189383036	0.12621566546129337
7.5030992405009185	0.695308800974444	0.6961885574926753	0.1265274532694427
7.517202772907875	0.698785142117332	0.6996715038312252	0.1268432398558783
7.531306305314831	0.7022709269195664	0.7031639547943198	0.12716287126830483
7.545409837721788	0.7057661527924917	0.7066659063466526	0.12748607319874594
7.5595133701287445	0.7092708171478947	0.710177354081667	0.12781252405360544
7.573616902535701	0.7127849173975639	0.7136982946519148	0.12814205688944647
7.587720434942658	0.716308450953287	0.717228723840535	0.12847438642156206
7.601823967349614	0.7198414152268514	0.7207686370007863	0.12880917300968076
7.615927499756571	0.7233838076305239	0.7243180305607463	0.1291462319681358
7.630031032163528	0.7269356255789317	0.7278769004129577	0.12948530803900127
7.644134564570484	0.7304968664321663	0.7314452416974254	0.12982605522884327
7.658238096977441	0.7340675272739207	0.7350230499491288	0.13016822563403085
7.672341629384397	0.7376476050375439	0.738610320706623	0.13051159693389103
7.6864451617913545	0.7412370966597175	0.7422070495084636	0.1308559505611706
7.700548694198311	0.7448359990772083	0.7458132318932054	0.13120107207595932
7.714652226605267	0.7484443092267838	0.7494288632801449	0.13154673517101756
7.728755759012224	0.752062024045212	0.7530539387405724	0.1318926715678126
7.7428592914191805	0.7556891404692595	0.7566884533260814	0.13223861549755966
7.756962823826137	0.7593256554370372	0.7603324020889793	0.13258430618450223
7.771066356233094	0.7629715658847169	0.7639857800815744	0.13292948809715543
7.78516988864005	0.7666268686520201	0.7676485823561735	0.13327392319941733
7.799273421047007	0.7702915602967856	0.7713208039803705	0.1336174166556292
7.813376953453964	0.7739656373041627	0.7750024397836272	0.13395975602685795
7.82748048586092	0.7776490961627474	0.7786934843999187	0.13430070739166577
7.841584018267877	0.7813419333611358	0.7823939324618994	0.13464004117098582
7.855687550674833	0.7850441453879233	0.786103778602223	0.13497753222222464
7.86979108308179	0.7887557287317064	0.789823017453544	0.1353129597617908
7.883894615488747	0.7924766798810895	0.7935516436855404	0.13564611196030807
7.897998147895703	0.7962069953275263	0.7972896517746029	0.13597675647538665
7.91210168030266	0.7999466715500249	0.801037035977222	0.13630463954357186
7.9262052127096165	0.8036957048814096	0.8047937905476875	0.13662953025734836
7.940308745116573	0.8074540914112512	0.808559909740289	0.1369512323734945
7.95441227752353	0.8112218272052036	0.8123353878093165	0.13726955646018446
7.968515809930486	0.8149989083305457	0.8161202190271691	0.13758431884534073
7.9826193423374425	0.8187853308545564	0.8199143974728987	0.13789531587771187
7.9967228747444	0.8225810908445151	0.8237179170360163	0.13820232487158357
8.010826407151356	0.8263861843677004	0.8275307716038743	0.13850512724262742
8.024929939558312	0.8302006074915315	0.8313529550638274	0.13880350868182845
8.039033471965269	0.8340243562874229	0.8351844613032273	0.13909725861827038
8.053137004372225	0.8378574267955665	0.8390252842157073	0.1393861751166181
8.067240536779181	0.8416998148666537	0.8428754174981079	0.13967005940715982
8.08134406918614	0.8455515161744279	0.8467348546748621	0.13994871723346236
8.095447601593095	0.8494125263910828	0.8506035892682304	0.14022195813478966
8.109551134000052	0.8532828411893696	0.8544816148004751	0.14048959538839334
8.123654666407008	0.8571624562420389	0.8583689247938581	0.1407514460104231
8.137758198813964	0.8610513672218424	0.8622655127296533	0.1410073259308975
8.151861731220922	0.8649495698015313	0.8661713719035958	0.14125703332563688
8.165965263627879	0.8688570596544413	0.870086495572923	0.1415003658911118
8.180068796034835	0.872773832456766	0.8740108772135134	0.14173715007761434
8.194172328441791	0.876699883826771	0.877944509712779	0.14196715534799953
8.208275860848747	0.880635209170604	0.8818873858885576	0.1421901719252272
8.222379393255704	0.8845798037882773	0.8858394990739782	0.1424060644733327
8.236482925662662	0.8885336629845735	0.8898008430074056	0.14261474557706322
8.250586458069618	0.8924967820643697	0.8937714491705743	0.14282035877555277
8.264689990476574	0.8964691563325438	0.8977513714741386	0.14302947653441755
8.27879352288353	0.9004507810939738	0.9017406433504682	0.14324628103796755
8.292897055290487	0.9044416516535375	0.9057392590195475	0.14347054490886357
8.307000587697445	0.908441763317653	0.9097472122307944	0.14370199234057246
8.321104120104401	0.9124511113900806	0.913764496643046	0.14394034229017194
8.335207652511357	0.9164696910848394	0.9177911061622577	0.14418535498474938
8.349311184918314	0.9204974974096908	0.921827033960172	0.14443673711472815
8.36341471732527	0.924534525324469	0.9258722736267399	0.14469425052583418
8.377518249732228	0.9285807697926364	0.9299268182650848	0.14495760802253344
8.391621782139184	0.932636225777652	0.9339906601911394	0.14522644264198803
8.40572531454614	0.9367008882429761	0.9380637924208506	0.14550046818371243
8.419828846953097	0.9407747521520685	0.942146207941223	0.1457794000123025
8.433932379360053	0.9448578124683962	0.9462378995357549	0.14606293657595248
8.44803591176701	0.9489500641585235	0.9503388602824122	0.14635081194922517
8.462139444173967	0.9530515021745507	0.9544490830883093	0.1466427481169541
8.476242976580924	0.9571621213467735	0.9585685607878691	0.14693847674589477
8.49034650898788	0.961281916334951	0.9626972861998746	0.14723775001614925
8.504450041394836	0.9654108817857664	0.9668352517352855	0.14754028325063562
8.518553573801793	0.9695490123474558	0.9709824501447567	0.1478458313139086
8.53265710620875	0.973696302668256	0.9751388744061831	0.14815417640736683
8.546760638615707	0.9778527473964017	0.9793045168019434	0.1484650331460502
8.560864171022663	0.9820183411801295	0.9834793693596291	0.14877809489217686
8.57496770342962	0.9861930786678137	0.9876634250345667	0.1490931541254792
8.589071235836576	0.9903769545119088	0.9918566764699043	0.14940997478327667
8.603174768243534	0.994569963332369	0.9960591153512293	0.14972823167418436
8.61727830065049	0.9987720996044277	1.0002707343156614	0.15004771477169498
8.631381833057446	1.0029833576849352	1.0044915260092446	0.1503682302157694
8.645485365464403	1.0072037319322973	1.0087214818947865	0.1506894697041572
8.659588897871359	1.0114332167053999	1.012960594222703	0.15101120786582545
8.673692430278317	1.01567180636313	1.0172088556122136	0.15133325937120023
8.687795962685273	1.0199194952643724	1.0214662577291698	0.15165534848380346
8.70189949509223	1.0241762777680135	1.025732792256615	0.15197720572026618
8.716003027499186	1.028442148233506	1.0300084516270034	0.15229863888674977
8.730106559906142	1.0327171010228602	1.0342932279882213	0.15261943118789478
8.744210092313098	1.0370011304438596	1.0385871127241997	0.15293930100743758
8.758313624720056	1.041294230653525	1.042890097548626	0.15325801758252489
8.772417157127013	1.0455963957421657	1.047202174199337	0.15357536270306227
8.786520689533969	1.0499076198047539	1.0515233344141721	0.1538911213653904
8.800624221940925	1.054227896936324	1.0558535699309686	0.15420508216192896
8.814727754347881	1.0585572212319112	1.0601928724860201	0.15451703708613262
8.82883128675484	1.0628955867865502	1.0645412336616922	0.15482676714437815
8.842934819161796	1.0672429876952743	1.0688986448300342	0.1551340373137977
8.857038351568752	1.0715994180545512	1.0732650973593607	0.15543861603000142
8.871141883975708	1.0759648719576589	1.0776405826179865	0.15574027591427342
8.885245416382665	1.0803393434220792	1.0820250919742256	0.15603880043899565
8.899348948789623	1.0847228263279622	1.086418616796393	0.1563339894091964
8.913452481196579	1.089115314528654	1.0908211484409083	0.15662564739460372
8.927556013603535	1.0935168018804176	1.095232678088877	0.15691356598352968
8.941659546010492	1.0979272822395068	1.09965319678829	0.15719752816989452
8.955763078417448	1.1023467494621753	1.104082695583857	0.1574773203194546
8.969866610824404	1.1067751974046773	1.1085211655202867	0.15775273241607213
8.983970143231362	1.1112126199232728	1.112968597642289	0.15802355800613732
8.998073675638318	1.115659010876989	1.1174249829945726	0.15828959389621033
9.012177208045275	1.1201143641104945	1.1218903127733502	0.15855065516154898
9.026280740452231	1.124578673375739	1.1263645779722642	0.1588065502935665
9.040384272859187	1.1290519323185204	1.130847769326932	0.15905707762475796
9.054487805266145	1.1335341345798373	1.1353398775729686	0.15930203935152765
9.068591337673102	1.138025273801757	1.1398408934459865	0.1595412409571395
9.082694870080058	1.1425253436263496	1.1443508076816007	0.15977449125610388
9.096798402487014	1.1470343376956842	1.1488696110570582	0.1600016059729148
9.11090193489397	1.1515522496518291	1.1533972946604651	0.16022243100075606
9.125005467300928	1.1560790731369717	1.1579338490545945	0.160436769484118
9.139108999707885	1.1606148017966937	1.1624792644488662	0.1606443972010485
9.153212532114841	1.1651594292472205	1.1670335315657012	0.16084514028191776
9.167316064521797	1.1697129490050344	1.171596641155637	0.16103883881981584
9.181419596928754	1.1742753545188132	1.1761686209928501	0.16122849438602316
9.195523129335712	1.1788466392402566	1.1807495283886256	0.16141956765431953
9.209626661742668	1.1834267966213219	1.1853394246136704	0.16161776949863427
9.223730194149624	1.1880158201139683	1.189938300586985	0.16182280071257438
9.23783372655658	1.1926137031701545	1.1945461481123512	0.16203444057869554
9.251937258963537	1.1972204392418384	1.1991629581408927	0.16225240025842247
9.266040791370493	1.2018360217814503	1.2037887218673715	0.1624764152955649
9.280144323777451	1.2064604442430649	1.2084234295912633	0.16270615067117689
9.294247856184407	1.2110937000362916	1.2130670722633474	0.16294133368843777
9.308351388591364	1.2157357824764548	1.2177196406365833	0.16318168706750402
9.32245492099832	1.2203866848453144	1.2223811253170258	0.16342692824153904
9.336558453405276	1.2250464004282366	1.227051517378292	0.1636768165968805
9.350661985812234	1.2297149225105821	1.2317308075280096	0.1639310852072695
9.36476551821919	1.2343922443777102	1.2364189863697463	0.16418946256890887
9.378869050626147	1.239078359314982	1.2411160446436509	0.16445169212666588
9.392972583033103	1.2437732606077574	1.2458219731312052	0.16471752435383014
9.40707611544006	1.2484769415425343	1.2505367622250159	0.16498668208773104
9.421179647847017	1.2531893954022348	1.255260402643777	0.16525891849552554
9.435283180253974	1.257910615413902	1.259992884821981	0.16553397217289323
9.44938671266093	1.2626405947272754	1.264734198792676	0.16581155984871643
9.463490245067886	1.2673793264823527	1.2694843352828196	0.16609145789914237
9.477593777474842	1.2721268038208275	1.2742432850356935	0.166373447089474
9.4916973098818	1.276883019884375	1.2790110387945797	0.16665731136416007
9.505800842288757	1.2816479678146677	1.2837875867080242	0.1669427913972843
9.519904374695713	1.286421640753381	1.2885729181591794	0.167229572143901
9.53400790710267	1.2912040318421913	1.293367023855832	0.1675174457560047
9.548111439509626	1.2959951342248663	1.2981698945605444	0.1678062114776946
9.562214971916582	1.3007949410325437	1.3029815209824047	0.1680956683399737
9.57631850432354	1.3056034453361112	1.3078018922333543	0.16838550059716795
9.590422036730496	1.3104206401542418	1.3126309981786657	0.16867545860417277
9.604525569137452	1.3152465185068454	1.3174688294217975	0.1689653524021617
9.618629101544409	1.3200810734141872	1.3223153765662072	0.16925499478916972
9.632732633951365	1.3249242978965328	1.327170629762795	0.16954416715191378
9.646836166358323	1.3297761849741485	1.3320345779759972	0.16983256486071685
9.66093969876528	1.3346367276672986	1.336907211473404	0.17011998538911666
9.675043231172236	1.3395059189963388	1.3417885206461437	0.17040623840731683
9.689146763579192	1.3443837519838686	1.3466784958760767	0.17069113553491722
9.703250295986148	1.3492702196296558	1.3515771263405263	0.1709744035930605
9.717353828393106	1.354165314877571	1.3564844014831225	0.17125579721122275
9.731457360800063	1.3590690306446924	1.3614003115547841	0.1715351360030537
9.745560893207019	1.3639813598515305	1.3663248468064322	0.1718122420057755
9.759664425613975	1.3689022954185532	1.3712579972016519	0.17208691891179573
9.773767958020931	1.373831830266229	1.3761997514467967	0.17235888180788805
9.787871490427888	1.3787699573150254	1.3811500994317494	0.17262793579859714
9.801975022834846	1.3837166694854115	1.3861090312518551	0.17289390373056435
9.816078555241802	1.3886719596981976	1.3910765370024574	0.17315661106762636
9.830182087648758	1.3936358208745814	1.3960526062385206	0.17341584707706303
9.844285620055715	1.3986082459055902	1.4010372280960477	0.17367137635346808
9.85838915246267	1.40358922763833	1.4060303920931156	0.17392299732117422
9.872492684869629	1.4085787589123349	1.411032087747964	0.1741705119508996
9.886596217276585	1.4135768325692872	1.4160423045788317	0.17441372500872632
9.900699749683541	1.418583441450776	1.421061032103958	0.17465244417684822
9.914803282090498	1.4235985783983878	1.4260882598415827	0.1748864800072969
9.928906814497454	1.4286222362537098	1.4311239773099453	0.17511564588241768
9.943010346904412	1.4336544078583302	1.4361681740272856	0.17533975797630053
9.957113879311368	1.4386950860545988	1.4412208395082389	0.17555863491314216
9.971217411718325	1.4437442636810789	1.446281963092421	0.17577208617762796
9.98532094412528	1.4488019335445508	1.4513515340015029	0.17597991816000746
9.999424476532237	1.4538680884245676	1.4564295414563615	0.17618194196487025
10.013528008939195	1.4589427211037336	1.4615159746778745	0.17637797131571098
10.027631541346151	1.4640258243649855	1.4666108228869175	0.17656782270580873
10.041735073753108	1.4691173909912287	1.4717140753043685	0.1767513153858813
10.055838606160064	1.474217413765368	1.4768257211511038	0.17692827132420597
10.06994213856702	1.4793258854703082	1.4819457496480009	0.1770985151699378
10.084045670973977	1.4844427988889541	1.487074151036699	0.17726194298051112
10.098149203380935	1.4895681468054833	1.492210995560966	0.17742382321683792
10.11225273578789	1.494701921994321	1.4973563778893768	0.1775909869383252
10.126356268194847	1.4998441172038275	1.5025103063787273	0.1777644186030658
10.140459800601803	1.504994725172784	1.5076727717034135	0.17794391474177385
10.15456333300876	1.5101537386452764	1.5128437637732084	0.17812922347530957
10.168666865415718	1.5153211503649842	1.5180232731499304	0.17832013921903478
10.182770397822674	1.520496953075586	1.5232112895809347	0.17851640543298242
10.19687393022963	1.5256811395207621	1.5284078029648753	0.17871777879943096
10.210977462636587	1.5308737024441914	1.5336128028109193	0.1789239936876852
10.225080995043543	1.5360746345896157	1.5388262774887715	0.17913471371728829
10.239184527450501	1.5412839287017133	1.5440482168912633	0.17934970566251263
10.253288059857457	1.5465015775110698	1.549278610244758	0.17956869712074663
10.267391592264413	1.5517275737338614	1.5545174474916181	0.1797914662973854
10.28149512467137	1.5569619100903465	1.5597647185426404	0.18001779196585854
10.295598657078326	1.5622045793040318	1.565020412526947	0.1802474055075054
10.309702189485282	1.5674555740980698	1.5702845186494807	0.18048004665387474
10.32380572189224	1.5727148871956127	1.5755570267445516	0.18071549853557745
10.337909254299197	1.577982511319812	1.580837926284195	0.1809535241296567
10.352012786706153	1.583258439193821	1.5861272066069885	0.18119388105888312
10.36611631911311	1.5885426635410083	1.5914248570758718	0.18143633161471495
10.380219851520065	1.5938351770838235	1.5967308671810756	0.18168064922183813
10.394323383927023	1.5991359725315963	1.6020452264060294	0.18192661064508897
10.40842691633398	1.604445042593322	1.6073679239234764	0.18217397620736708
10.422530448740936	1.6097623799890206	1.6126989491390804	0.18242252313536156
10.436633981147892	1.6150879774394287	1.618038291537878	0.18267203642534646
10.450737513554849	1.6204218276650948	1.6233859402134974	0.18292227972969144
10.464841045961807	1.6257639233865675	1.6287418844843013	0.18317303360566584
10.478944578368763	1.6311142573243942	1.6341061137903903	0.18342408893561313
10.49304811077572	1.6364728221991243	1.6394786171851004	0.1836752156957333
10.507151643182675	1.6418396107317053	1.6448593839062504	0.18392619807725552
10.521255175589632	1.6472146156393406	1.6502484033405953	0.1841768323599613
10.53535870799659	1.6525978296336499	1.6556456646448445	0.1844269039050106
10.549462240403546	1.6579892454390253	1.6610511569053286	0.18467619586353123
10.563565772810502	1.6633888557914616	1.6664648692668587	0.18492449704032854
10.577669305217459	1.6687966534260883	1.6718867908742459	0.18517159905693248
10.591772837624415	1.6742126310779848	1.6773169108723012	0.18541729626764258
10.605876370031371	1.67963678148223	1.682755218406151	0.1856613857413425
10.61997990243833	1.685069097373904	1.6882017026246294	0.18590366742867737
10.634083434845286	1.690509571488085	1.693656352585656	0.18614393852860456
10.648186967252242	1.6959581965603405	1.6991191573120792	0.18638199680567347
10.662290499659198	1.7014149653201047	1.704590105826748	0.18661764304195305
10.676394032066154	1.7068798705047827	1.7100691871525096	0.18685068017023632
10.690497564473112	1.7123529048737296	1.715556390312241	0.18708091243304636
10.704601096880069	1.7178340611939535	1.7210517043572953	0.1873081478606542
10.718704629287025	1.7233233322314017	1.7265551182729697	0.18753219324103565
10.732808161693981	1.7288207107520215	1.7320666209894482	0.18775285471994696
10.746911694100937	1.7343261895217594	1.7375862014369132	0.18796994099783415
10.761015226507896	1.7398397613065637	1.7431138485455486	0.18818326329812507
10.775118758914852	1.7453614188724196	1.7486495512455356	0.1883926353339671
10.789222291321808	1.7508911549850628	1.754193298557916	0.18859787848328757
10.803325823728764	1.7564289624059561	1.7597450794770022	0.18879881521105535
10.81742935613572	1.7619748339201313	1.7653048828514386	0.1889952607267542
10.831532888542679	1.767528762337751	1.7708726975294145	0.18918703123340652
10.845636420949635	1.7730907404717715	1.776448512359117	0.1893739452077936
10.859739953356591	1.778660761134539	1.7820323161887355	0.189555823565013
10.873843485763548	1.7842388171383987	1.787624097941065	0.18973249377545187
10.887947018170504	1.7898249012956962	1.7932238465684363	0.1899037872520104
10.90205055057746	1.7954190064187763	1.7988315508765438	0.19006952948406042
10.916154082984418	1.801021125320097	1.8044471996685725	0.19022954813294746
10.930257615391374	1.8066312508101243	1.8100707817477055	0.19038367326142946
10.94436114779833	1.8122493757042264	1.815702285917128	0.19053173692278325
10.958464680205287	1.817875492853982	1.821341701035856	0.19067357448294686
10.972568212612243	1.8235095951335165	1.8269890160290723	0.19080902589387883
10.986671745019201	1.829151675416557	1.8326442195520527	0.19093791851352293
11.000775277426158	1.8348017265765644	1.8383074080277102	0.19106595553988193
11.014878809833114	1.8404597414870012	1.8439786288627853	0.19119610695428335
11.02898234224007	1.8461257130213298	1.8496579413381564	0.19133194949363386
11.043085874647026	1.8517996340530114	1.855345336542451	0.19147333352038665
11.057189407053984	1.8574814974556175	1.8610408042698612	0.19162004139041677
11.07129293946094	1.8631712960993698	1.8667443340073624	0.19177184166978556
11.085396471867897	1.8688690228751004	1.8724559157995897	0.19192853434806256
11.099500004274853	1.8745746707168784	1.8781755387572074	0.1920898695890294
11.11360353668181	1.8802882325749455	1.8839031915029734	0.19225557366155943
11.127707069088766	1.8860097013978485	1.889638862994868	0.19242539390595947
11.141810601495724	1.8917390701340708	1.8953825424181954	0.19259909263629194
11.15591413390268	1.8974763317320935	1.9011342193451513	0.19277645533097854
11.170017666309636	1.9032214791404005	1.9068938834124334	0.19295727335377766
11.184121198716593	1.908974505307474	1.9126615234029438	0.19314129576999406
11.198224731123549	1.9147354031890438	1.9184371285041764	0.19332829533349472
11.212328263530507	1.9205041656529132	1.9242206883314448	0.19351807431606804
11.226431795937463	1.9262807855623518	1.9300121919467756	0.19371040880389323
11.24053532834442	1.9320652559470672	1.9358116285941518	0.19390507828620507
11.254638860751376	1.937857569904509	1.941618987605556	0.19410186586790168
11.268742393158332	1.943657720522876	1.9474342582115405	0.19430055244749056
11.28284592556529	1.9494657008903598	1.9532574295820133	0.1945009183758284
11.296949457972246	1.9552815040951492	1.9590884909674129	0.1947027506929322
11.311052990379203	1.9611051232254353	1.964927431633608	0.1949058397178849
11.325156522786159	1.966936551369409	1.970774240721021	0.19510997184633005
11.339260055193115	1.97277578161526	1.976628907467136	0.19531494089617407
11.353363587600073	1.9786228070511804	1.9824914210958748	0.1955205424150508
11.36746712000703	1.9844776207653592	1.9883617707334262	0.19572656942177247
11.381570652413986	1.9903402158459875	1.9942399456106668	0.19593282262158063
11.395674184820942	1.9962105853812557	2.000125934937987	0.19613910403062373
11.409777717227898	2.002088722459354	2.0060197278602523	0.1963452147150324
11.423881249634855	2.007974620168474	2.011921313537085	0.1965509588104153
11.437984782041813	2.013868271596806	2.017830681128572	0.196756142775123
11.452088314448769	2.019769669832539	2.023747819794798	0.19696057534071
11.466191846855725	2.025678807964262	2.0296727186984396	0.19716406759429095
11.480295379262682	2.03159567907351	2.0356053670406116	0.19736643508367901
11.494398911669638	2.0375202762554525	2.041545753971131	0.19756749233812432
11.508502444076596	2.0434525927442526	2.047493868617939	0.19776704818286195
11.522605976483552	2.049392621846347	2.053449700108976	0.1979649101583103
11.536709508890509	2.0553403568673723	2.059413237572184	0.19816088810804544
11.550813041297465	2.061295791112009	2.0653844701549984	0.19835479510601495
11.564916573704421	2.067258917884937	2.0713633870416226	0.19854644820616052
11.579020106111379	2.0732297304908367	2.077349977352085	0.19873566352306415
11.593123638518335	2.079208222234385	2.0833442302015333	0.19892225910416172
11.607227170925292	2.085194386420263	2.089346134705118	0.19910605514255053
11.621330703332248	2.0911882163531503	2.0953556799783777	0.19928687397134937
11.635434235739204	2.097189705337726	2.10137285521558	0.1994645437752851
11.64953776814616	2.1031988466786706	2.1073976495881515	0.19963889368386223
11.663641300553119	2.1092156336806642	2.1134300522065823	0.19980975195805772
11.677744832960075	2.1152400596483845	2.1194700521813608	0.19997694888964634
11.691848365367031	2.1212721178865124	2.1255176386229784	0.20014031677821897
11.705951897773987	2.1273118016997263	2.131572800656752	0.20029969060582076
11.720055430180944	2.133359104395977	2.137635527495959	0.20045491127909099
11.734158962587902	2.139414019231647	2.143705808282093	0.20060582065306587
11.748262494994858	2.145476539523027	2.1497836321394104	0.20075225885904935
11.762366027401814	2.1515466587662893	2.1558689881921707	0.20089405954877293
11.77646955980877	2.1576243705086933	2.1619618655646335	0.20103105597186754
11.790573092215727	2.1637096682902905	2.1680622534127454	0.20116308515154557
11.804676624622685	2.1698025456510757	2.174170140920429	0.2012899873358176
11.818780157029641	2.1759029961310405	2.180285517229418	0.20141160273090541
11.832883689436597	2.18201101327018	2.186408371480891	0.20152777341488903
11.846987221843554	2.188126590608488	2.192538692816025	0.20163834334236963
11.86109075425051	2.1942497216859578	2.1986764703786714	0.20174315844563306
11.875194286657468	2.2003804000425835	2.204821693361132	0.20184206869242605
11.889297819064424	2.206518619218358	2.2109743509345035	0.2019349248783442
11.90340135147138	2.212664372753276	2.2171344322404063	0.20202157824631417
11.917504883878337	2.2188176541873297	2.2233019729254266	0.2021039777484246
11.931608416285293	2.224978457060515	2.229477129353822	0.2021894764433041
11.94571194869225	2.2311467749128244	2.2356599436072617	0.20228022401680423
11.959815481099207	2.237322601284697	2.241850405088073	0.20237599176695653
11.973919013506164	2.2435059297111657	2.248048504276111	0.2024766016789581
11.98802254591312	2.249696753689791	2.2542542307117643	0.20258183750758718
12.002126078320076	2.2558950669095217	2.2604675746322753	0.20269150767804334
12.016229610727033	2.2621008631699624	2.266688527337816	0.20280546471409533
12.03033314313399	2.268314136275987	2.2729170769892124	0.20292342403607222
12.044436675540947	2.2745348800304037	2.2791532150553513	0.203045249624223
12.058540207947903	2.280763088236023	2.2853969302737593	0.20317068711070974
12.07264374035486	2.2869987546956545	2.2916482118204793	0.2032995040018415
12.086747272761816	2.2932418732121085	2.2979070485681055	0.20343145703434207
12.100850805168774	2.2994924375881967	2.3041734306528654	0.2035663604781579
12.11495433757573	2.3057504416267256	2.31044734736939	0.20370399406064443
12.129057869982686	2.3120158791305063	2.3167287888745687	0.2038441771357924
12.143161402389643	2.31828874390235	2.323017744782495	0.20398670754813164
12.157264934796599	2.324569029745065	2.329314205139574	0.2041314038770281
12.171368467203555	2.330856730461462	2.3356181598045582	0.2042780785652898
12.185471999610513	2.337151839854352	2.341929598335517	0.20442653317138682
12.19957553201747	2.3434543517265425	2.348248510619072	0.20457658537267331
12.213679064424426	2.349764259882658	2.354574886197856	0.20472804005615686
12.227782596831382	2.356081558090482	2.360908714948849	0.2048807199305669
12.241886129238338	2.362406240184002	2.367249986826631	0.20503445005510823
12.255989661645296	2.368738300209374	2.3735986913176608	0.20518902860047206
12.270093194052253	2.375077732263216	2.379954817903235	0.20534425352771724
12.284196726459209	2.3814245304364188	2.38631835668332	0.2054999511575728
12.298300258866165	2.387778688819672	2.39268929758463	0.2056559424016724
12.312403791273121	2.394140201503664	2.3990676301136484	0.2058120325154622
12.32650732368008	2.4005090625790846	2.4054533439643015	0.2059680366257366
12.340610856087036	2.4068852661366207	2.411846429227627	0.20612378831708078
12.354714388493992	2.4132688062669625	2.41824687567303	0.2062791096101746
12.368817920900948	2.4196596770607988	2.4246546730504215	0.2064338236065666
12.382921453307905	2.4260578726088187	2.4310698111433244	0.20658775666864138
12.397024985714863	2.432463387001711	2.437492279820987	0.20674074052455804
12.411128518121819	2.438876214330164	2.4439220689626064	0.20689260909572127
12.425232050528775	2.4452963486848667	2.4503591684215005	0.20704319700786122
12.439335582935731	2.4517237841565085	2.4568035680540996	0.20719234076929105
12.453439115342688	2.458158514835909	2.4632552577379307	0.20733987947729737
12.467542647749644	2.464600534812199	2.4697142273341486	0.20748565334298696
12.481646180156602	2.4710498381419606	2.476180466690173	0.20762950503945277
12.495749712563558	2.4775064190982232	2.4826539657173727	0.20777127273894358
12.509853244970515	2.483970272072519	2.489134714330821	0.20791079170174864
12.523956777377471	2.490441391464008	2.4956227024455897	0.20804789863118067
12.538060309784427	2.496919771669675	2.502117919976752	0.2081824320530945
12.552163842191385	2.503405407086503	2.5086203568393803	0.20831423221006062
12.566267374598342	2.5098982921114756	2.5151300029662225	0.20844314174761625
12.580370907005298	2.5163984211415764	2.5216468483214496	0.20856900623440477
12.594474439412254	2.5229057885737896	2.5281708828669087	0.2086916727911392
12.60857797181921	2.5294203888050992	2.534702096564449	0.20881099016698546
12.622681504226168	2.5359422162324887	2.5412404793759182	0.2089268087228202
12.636785036633125	2.542471265252941	2.547786021263163	0.209038980414733
12.650888569040081	2.549007530263441	2.55433871219374	0.20914735900163794
12.664992101447037	2.5555510056609716	2.5608985422416555	0.2092518039686242
12.679095633853994	2.5621016858425167	2.567465501460393	0.20935217550166474
12.693199166260952	2.5686595652050612	2.5740395798752416	0.20944833418401476
12.707302698667908	2.575224638146336	2.5806207675114865	0.20954014206056026
12.721406231074864	2.5817968990416986	2.587209054394418	0.20962746352077843
12.73550976348182	2.588376342337439	2.593804430549324	0.2097101616600039
12.749613295888777	2.5949629627131316	2.6004068860335954	0.2097880932671048
12.763716828295733	2.601556754892415	2.6070164110446212	0.20986112034415694
12.777820360702691	2.608157713595696	2.613632995704809	0.2099291036186779
12.791923893109647	2.6147658335430912	2.62025663012345	0.20999190481689745
12.806027425516604	2.6213811094547177	2.626887304409835	0.21004938714397348
12.82013095792356	2.6280035360506924	2.6335250086732573	0.21010141526911497
12.834234490330516	2.634633108051133	2.6401697330230074	0.2101478553106828
12.848338022737474	2.641269820176156	2.646821467631919	0.21018857722732154
12.86244155514443	2.647913667145877	2.653480202745441	0.21022345511603202
12.876545087551387	2.6545646436804144	2.6601459842339943	0.21025445987412628
12.890648619958343	2.6612227444998835	2.666819002638736	0.2102889790198459
12.9047521523653	2.667887964324402	2.673499285343901	0.21032821072453078
12.918855684772257	2.6745602978740872	2.680186823703429	0.2103719939989368
12.932959217179214	2.6812397398690546	2.686881608434994	0.21042014565302303
12.94706274958617	2.6879262850294348	2.6935836304172036	0.21047249023449233
12.961166281993126	2.6946199280756087	2.700292881097331	0.21052887506007867
12.975269814400082	2.701320663698499	2.707009350711113	0.21058910513886975
12.989373346807039	2.7080284868132884	2.713733029157193	0.21065296660218724
13.003476879213997	2.714743392468032	2.7204639071306875	0.21072027207162947
13.017580411620953	2.7214653757181506	2.7272019751243146	0.21079082825552486
13.03168394402791	2.7281944316173097	2.7339472243512137	0.21086447018709986
13.045787476434866	2.7349305552191723	2.740699645367249	0.21094101044238922
13.059891008841822	2.7416737415774057	2.7474592288460844	0.2110202676905759
13.07399454124878	2.7484239857456734	2.7542259656866963	0.21110207053620655
13.088098073655736	2.755181282777639	2.760999846608829	0.21118624271880826
13.102201606062692	2.761945627726969	2.76778086253643	0.2112726170595769
13.116305138469649	2.768717015647328	2.7745690041923305	0.21136102071575014
13.130408670876605	2.7754954415923803	2.781364262338005	0.21145128389250534
13.144512203283563	2.782280900615791	2.788166627915594	0.21154324491463594
13.15861573569052	2.7890733877712237	2.794976091704441	0.21163673781758874
13.172719268097476	2.795872898112344	2.801792644478428	0.21173159803080654
13.186822800504432	2.802679426692817	2.808616277251302	0.2118276711186695
13.200926332911388	2.809492968566546	2.815446980869927	0.21192479817520038
13.215029865318346	2.8163135187735713	2.822284746106083	0.21202281964374237
13.229133397725303	2.8231410724138035	2.829129563990984	0.21212158456043184
13.243236930132259	2.8299756248429704	2.835981425497328	0.21222093228066008
13.257340462539215	2.836817171456505	2.8428403214261664	0.21232069624597116
13.271443994946171	2.8436657076488197	2.8497062427557607	0.21242071776206295
13.285547527353128	2.850521228814089	2.856579180605896	0.21252084462908272
13.299651059760086	2.8573837303464886	2.8634591258262394	0.21262091665281702
13.313754592167042	2.864253207640192	2.870346069324149	0.21272077718914595
13.327858124573998	2.871129656089375	2.877240002261966	0.2128202799769774
13.341961656980954	2.8780130710882124	2.8841409157000206	0.2129192766136878
13.35606518938791	2.8849034480308795	2.8910488006816895	0.21301761953260723
13.370168721794869	2.8918007823115515	2.8979636482503532	0.2131151625830663
13.384272254201825	2.898705069324401	2.9048854494493876	0.21321176101669614
13.398375786608781	2.9056163044636056	2.911814195323703	0.21330727152708562
13.412479319015738	2.91253448312334	2.918749877018909	0.21340155564111285
13.426582851422694	2.919459600697778	2.925692485723939	0.21349447769962726
13.440686383829652	2.926391652581097	2.932642012599205	0.2135859023721487
13.454789916236608	2.9333306341672354	2.9395984488051163	0.21367569563668365
13.468893448643565	2.94027654088002	2.946561785502085	0.2137637237408896
13.48299698105052	2.947229368353726	2.9535320138505226	0.21384984706218635
13.497100513457477	2.954189112307255	2.960509125039758	0.21393392542725653
13.511204045864433	2.961155768460499	2.9674931103681814	0.2140158236585199
13.525307578271391	2.968129332533076	2.9744839611080947	0.21409540700827456
13.539411110678348	2.9751098002445975	2.9814816685276955	0.2141725418864926
13.553514643085304	2.9820971673146794	2.9884862238951864	0.21424709598782954
13.56761817549226	2.9890914294629365	2.9954976184787667	0.21431893827956738
13.581721707899217	2.9960925824089837	3.0025158435895967	0.21438794042365483
13.595825240306175	3.003100621872438	3.0095408906298413	0.21445397834816138
13.60992877271313	3.0101155435729097	3.016572750978115	0.2145169283947368
13.624032305120087	3.017137343230017	3.0236114160123533	0.214576668074562
13.638135837527043	3.0241660165633726	3.0306568771104923	0.2146330760801174
13.652239369934	3.031201559292592	3.0377091256505366	0.21468603227636773
13.666342902340958	3.038243967137133	3.044768153068307	0.21473541959571296
13.680446434747914	3.0452932358183022	3.0518339508699777	0.2147811243509823
13.69454996715487	3.052349361179432	3.0589065105480358	0.21482302949979992
13.708653499561827	3.0594123392125026	3.06598582359497	0.21486101426129167
13.722757031968783	3.0664821659039787	3.073071881503267	0.21489495919979618
13.73686056437574	3.0735588372403426	3.0801646757650847	0.21492474602089473
13.750964096782697	3.0806423492080754	3.0872641979065123	0.21495025867377393
13.765067629189653	3.08773269779366	3.094370439569885	0.21497138599360088
13.77917116159661	3.0948298789835786	3.1014833924188334	0.21498801858019778
13.793274694003566	3.101933888764313	3.1086030481169886	0.2150000480936276
13.807378226410522	3.1090447231223455	3.1157293983279835	0.21500736724444636
13.82148175881748	3.1161623780441596	3.1228624347154486	0.2150098697839331
13.835585291224437	3.1232868495160337	3.130002148943015	0.2150074505011368
13.849688823631393	3.130418133524616	3.1371485326743147	0.21500000519485418
13.86379235603835	3.137556226097987	3.144301577572978	0.2149874293529308
13.877895888445305	3.144701123415556	3.151461275302637	0.2149696146557467
13.891999420852263	3.1518528216926094	3.158627617526924	0.21494645269242163
13.90610295325922	3.1590113171439835	3.165800595404087	0.214917820118532
13.920206485666176	3.1661766059845133	3.1729803380191695	0.21488795103206115
13.934310018073132	3.173348684429036	3.180167012450474	0.21486223858393494
13.948413550480089	3.180527548692387	3.1873606165616524	0.21484070691588641
13.962517082887047	3.187713194989404	3.194561142686291	0.21482320641803554
13.976620615294003	3.1949056195349206	3.2017685829259075	0.21480958151076646
13.99072414770096	3.2021048185437744	3.208982929088423	0.21479966879336398
14.004827680107915	3.209310788229873	3.216204173445204	0.2147933207532482
14.018931212514872	3.216523524810613	3.223432308202496	0.21479038902068037
14.03303474492183	3.223743024614144	3.2306673255564844	0.21479072275525368
14.047138277328786	3.230969284181638	3.2379092177106426	0.21479416604117674
14.061241809735742	3.2382022998518107	3.245157976971217	0.2148005737542924
14.075345342142699	3.2454420679520353	3.2524135955945273	0.21480980083834478
14.089448874549655	3.252688584809978	3.2596760658745905	0.21482170464286465
14.103552406956611	3.2599418467533035	3.266945380136154	0.21483614469459678