0.00002	300.	1.5925426277572212e-17	0.9999999999976462	0.08739541706451347
0.01412353240695661	299.9993565568473	5.60829384132294e-9	0.9999988261762894	0.08739555254714335
0.02822706481391322	299.99742987535245	4.4771018919579086e-8	0.9999953113619633	0.08739595822943402
0.042330597220869834	299.9942199725479	1.509946038214581e-7	0.9999894555852552	0.08739663411532408
0.05643412962782644	299.989726878237	3.577845015292565e-7	0.9999812588972784	0.08739758021107749
0.07053766203478305	299.98395063404934	6.986447067770031e-7	0.999970721369379	0.08739879652547698
0.08464119444173966	299.97689129355615	1.207077266302548e-6	0.9999578430933835	0.08740028306980452
0.09874472684869626	299.9685489222467	1.916581792953471e-6	0.9999426241815192	0.0874020398578452
0.11284825925565288	299.9589235969616	2.86065516633171e-6	0.9999250647615072	0.08740406690588798
0.1269517916626095	299.9480154085685	4.0727901358620226e-6	0.9999051650004841	0.08740636423273769
0.14105532406956614	299.9358244562489	5.586476792414613e-6	0.999882925054456	0.0874089318597075
0.15515885647652272	299.9223508548051	7.435199465641262e-6	0.9998583451324693	0.08741176981060715
0.16926238888347933	299.907594725413	9.652440214321737e-6	0.9998314254135561	0.08741487811176495
0.18336592129043594	299.8915562046133	0.000012271674191336823	0.9998021661329987	0.08741825679197004
0.19746945369739255	299.87423545113546	0.000015326364836408516	0.9997705676342062	0.08742190588259653
0.21157298610434916	299.8556326246149	0.00001884997507686168	0.9997366301761802	0.08742582541753387
0.22567651851130577	299.8357478859273	0.0000228759673318079	0.9997003539598339	0.08743001543316471
0.2397800509182624	299.8145814202521	0.00002743779031052993	0.9996617393078299	0.08743447596828374
0.253883583325219	299.7921334340232	0.000032568877786116055	0.9996207866450417	0.08743920706429169
0.2679871157321756	299.76840413429767	0.00003830266277760775	0.9995774963152203	0.08744420876512322
0.2820906481391322	299.74339373065396	0.00004467257680560332	0.9995318686090738	0.08744948111720338
0.29619418054608876	299.71710245914124	0.00005171203152544903	0.9994839039602001	0.08745502416940737
0.3102977129530454	299.68953057162355	0.00005945442476214654	0.9994336028551221	0.08746083797316713
0.32440124536000203	299.66067832017706	0.00006793315407328312	0.9993809656981917	0.08746692258243298
0.33850477776695864	299.6305459623868	0.00007718161244404604	0.9993259928663027	0.08747327805368987
0.35260831017391525	299.59913378533065	0.0000872331652447085	0.9992686849075577	0.08747990444593988
0.36671184258087186	299.5664420859111	0.00009812116767477172	0.9992090423677271	0.08748680182067152
0.38081537498782847	299.5324711610543	0.00010987897491824281	0.999147065711851	0.08749397024189107
0.394918907394785	299.49722131841185	0.00012253993143071355	0.9990827554188436	0.08750140977611919
0.4090224398017417	299.46069289468954	0.00013613734919086046	0.9990161121362817	0.08750912049240604
0.4231259722086983	299.42288623146504	0.00015070453411920303	0.9989471364677263	0.08751710246232863
0.4372295046156549	299.38380167063673	0.0001662747918358779	0.9988758289408939	0.08752535575998767
0.4513330370226115	299.3434395711572	0.000182881407613002	0.9988021901508121	0.08753388046202008
0.4654365694295681	299.3018003172252	0.00020055763413218228	0.9987262208273753	0.08754267664757351
0.47954010183652473	299.2588842950777	0.00021933672117057065	0.9986479216325159	0.08755174439831682
0.49364363424348134	299.2146918923659	0.00023925191680326395	0.9985672931627122	0.08756108379844565
0.507747166650438	299.1692235200989	0.0002603364370889553	0.9984843361345677	0.0875706949346859
0.5218506990573946	299.12247960846037	0.0002826234697651415	0.9983990513476458	0.08758057789630007
0.5359542314643512	299.07446058820125	0.0003061462016040192	0.9983114395226735	0.08759073277508236
0.5500577638713078	299.0251668938371	0.00033093781404797097	0.9982215013351021	0.08760115966535768
0.5641612962782645	298.9745989878946	0.00035703144516810876	0.9981292376200959	0.08761185866398152
0.578264828685221	298.92275734552953	0.000384460212025975	0.998034649238743	0.08762282987034904
0.5923683610921776	298.869642441959	0.0004132572315500519	0.9979377369707897	0.08763407338639252
0.6064718934991342	298.81525476024433	0.0004434556080657612	0.9978385015848803	0.08764558931658
0.6205754259060908	298.7595948130024	0.0004750883947479448	0.9977369440234376	0.08765737776791918
0.6346789583130474	298.7026631198101	0.000508188631864157	0.9976330652052326	0.08766943884996244
0.648782490720004	298.6444602003477	0.0005427893595388285	0.9975268659697982	0.08768177267480583
0.6628860231269608	298.5849865879872	0.0005789235932392058	0.9974183471951756	0.0876943793570915
0.6769895555339173	298.52424284333296	0.0006166242963652854	0.9973075099135903	0.08770725901400699
0.6910930879408739	298.4622295302095	0.000655924425732802	0.9971943551011698	0.08772041176528832
0.7051966203478305	298.3989472131729	0.0006968569368532222	0.9970788836614215	0.08773383773322277
0.7193001527547871	298.3343964768931	0.000739454745240889	0.9969610965913653	0.08774753704265256
0.7334036851617437	298.26857792817196	0.0007837507200741403	0.9968409949980928	0.08776150982097292
0.7475072175687003	298.2014921749475	0.000829777727953356	0.9967185799153381	0.08777575619813548
0.761610749975657	298.1331398275208	0.0008775686306931801	0.9965938523188397	0.08779027630665098
0.7757142823826135	298.0635215218501	0.0009271562344087831	0.9964668133256336	0.08780507028159211
0.7898178147895701	297.9926379096237	0.0009785733093413084	0.9963374641072361	0.08782013826059366
0.8039213471965267	297.92048964275756	0.0010318526251420746	0.996205805755123	0.08783548038385545
0.8180248796034834	297.84707737863914	0.0010870269392806154	0.9960718393295183	0.08785109679414416
0.83212841201044	297.77240180352675	0.0011441289412714227	0.9959355660601737	0.08786698763679612
0.8462319444173966	297.6964636131664	0.0012031912971359972	0.9957969871769259	0.08788315305971989
0.8603354768243533	297.61926350332584	0.0012642466728499525	0.9956561038291254	0.08789959321339784
0.8744390092313098	297.5408021802236	0.0013273277091142297	0.9955129171774152	0.08791630825088816
0.8885425416382665	297.4610803785081	0.0013924669744005361	0.9953674285490466	0.08793329832782765
0.902646074045223	297.38009883761686	0.001459697024390965	0.9952196392302036	0.08795056360243471
0.9167496064521796	297.2978582973049	0.0015290504140293378	0.9950695504303033	0.08796810423551123
0.9308531388591362	297.21435951400144	0.0016005596546845415	0.9949171634238453	0.08798592039044478
0.9449566712660928	297.1296032686981	0.0016742571907679346	0.9947624796187023	0.08800401223321153
0.9590602036730496	297.0435903443562	0.00175017546101198	0.9946055003574367	0.08802237993237885
0.9731637360800061	296.95632152530743	0.0018283469005494122	0.9944462269157168	0.08804102365910794
0.9872672684869628	296.8677976186063	0.0019088038808256188	0.9942846606870102	0.08805994358715663
1.0013708008939193	296.77801945000886	0.001991578718783035	0.9941208031471748	0.08807913989288149
1.015474333300876	296.6869878458279	0.002076703729611834	0.993954655695179	0.08809861275524095
1.0295778657078325	296.59470363601446	0.0021642112181265534	0.993786219683127	0.08811836235579826
1.0436813981147892	296.5011676776962	0.0022541334078794127	0.9936154966202011	0.08813838887872426
1.0577849305217457	296.4063808402941	0.002346502484186589	0.9934424880419496	0.08815869251079997
1.0718884629287024	296.3103439932899	0.0024413506321442247	0.9932671954037108	0.08817927344141951
1.085991995335659	296.2130580137422	0.0025387100137343097	0.9930896201481392	0.08820013186259339
1.1000955277426157	296.1145238073466	0.0026386126998467854	0.9929097638886825	0.08822126796895123
1.1141990601495722	296.0147422865625	0.0027410907389742666	0.9927276282165185	0.08824268195774485
1.1283025925565289	295.91371436394957	0.0028461761793299946	0.9925432146439995	0.08826437402885136
1.1424061249634854	295.81144096529806	0.002953901026108768	0.992356524720109	0.0882863443847761
1.156509657370442	295.70792304273004	0.003064297195697815	0.9921675601452665	0.08830859323065607
1.1706131897773988	295.6031615514834	0.0031773965935222746	0.991976322565627	0.08833112077426292
1.184716722184355	295.4971574435489	0.003293231137284871	0.9917828135183235	0.08835392722600442
1.1988202545913118	295.3899116743253	0.0034118327367966277	0.9915870344876143	0.08837701279891723
1.2129237869982685	295.28142525543876	0.003533233097597655	0.9913889873865621	0.08840037770869152
1.2270273194052252	295.17169920591857	0.0036574638979086685	0.9911886741060899	0.08842402217366797
1.2411308518121817	295.0607345447937	0.0037845568159503825	0.9909860964511714	0.08844794641483841
1.2552343842191382	294.9485322910934	0.003914543529943516	0.9907812561456589	0.08847215065584946
1.269337916626095	294.83509346384665	0.004047455718108783	0.9905741548367906	0.0884966351230059
1.2834414490330515	294.7204190820826	0.004183325058666897	0.9903647940993994	0.08852140004527434
1.2975449814400082	294.60451017886237	0.004322183181052979	0.9901531755509919	0.08854644565430178
1.3116485138469647	294.4873678416861	0.004464061507725144	0.9899393012059722	0.08857177218441178
1.3257520462539214	294.36899316972404	0.0046089914091308965	0.9897231731089955	0.08859737987257997
1.339855578660878	294.2493872621154	0.004757004255784755	0.9895047932184801	0.0886232689584582
1.3539591110678346	294.12855121799936	0.0049081314182012415	0.9892841634112447	0.08864943968437826
1.3680626434747913	294.00648613651504	0.005062404266894876	0.9890612854867146	0.08867589229535576
1.3821661758817476	293.88319311681494	0.005219854172391853	0.988836161170845	0.08870262703909391
1.3962697082887043	293.75867327475004	0.005380512442564033	0.9886087922525039	0.08872964416598682
1.410373240695661	293.6329277754218	0.005544410177969055	0.9883791808835257	0.08875694392913261
1.4244767731026178	293.5059577929651	0.005711578436937267	0.9881473292181556	0.08878452658433207
1.4385803055095743	293.3777645015148	0.005882048277799016	0.9879132393261594	0.08881239239008948
1.4526838379165308	293.2483490752058	0.006055850758884655	0.9876769131969247	0.0888405416076164
1.4667873703234875	293.11771268817307	0.006233016938524531	0.9874383527433255	0.0888689745008359
1.480890902730444	292.9858565149171	0.006413577874046451	0.9871975598073662	0.08889769133638252
1.4949944351374007	292.85278175623915	0.006597564514062509	0.9869545363765084	0.08892669238355004
1.5090979675443572	292.7184896564354	0.006785007606341634	0.9867092847573351	0.08895597791439253
1.523201499951314	292.58298146388154	0.006975937877201411	0.9864618072126325	0.08898554820371245
1.5373050323582704	292.4462584269533	0.007170386052959416	0.9862121059221497	0.08901540352904498
1.5514085647652271	292.3083217940263	0.00736838285993324	0.9859601829863732	0.08904554417066195
1.5655120971721839	292.1691728134764	0.007569959024440462	0.9857060404300972	0.08907597041157651
1.5796156295791401	292.0288127351965	0.007775145266885005	0.9854496802168697	0.08910668253755488
1.5937191619860969	291.8872428441928	0.00798397214598065	0.9851911045406407	0.08913768083714434
1.6078226943930536	291.74446446068737	0.008196470045090507	0.9849303158407728	0.08916896560160478
1.6219262268000103	291.6004789064396	0.008412669338930834	0.9846673164875419	0.0892005371249478
1.6360297592069668	291.45528750320926	0.008632600402217893	0.9844021087694909	0.08923239570394892
1.6501332916139233	291.3088915727559	0.008856293609667956	0.9841346948969233	0.089264541638152
1.66423682402088	291.1612924368392	0.009083779335997284	0.9838650770052175	0.08929697522987418
1.6783403564278367	291.0124914214377	0.009315087937370169	0.9835932571906517	0.08932969678420827
1.6924438888347932	290.8624898953859	0.009550249555984956	0.9833192378533478	0.08936270660902956
1.70654742124175	290.711289252485	0.009789294197986688	0.9830430215497573	0.08939600501501006
1.7206509536487065	290.55889088684677	0.010032251867403577	0.9827646107561513	0.08942959231561468
1.734754486055663	290.40529619258285	0.010279152568263833	0.9824840078682722	0.08946346882710558
1.7488580184626197	290.250506563805	0.01053002630459569	0.9822012152045818	0.08949763486854725
1.7629615508695764	290.09452339462507	0.010784903080427356	0.9819162350093517	0.0895320907618114
1.777065083276533	289.9373480878808	0.011043812856870706	0.9816290695269972	0.08956683683159564
1.7911686156834894	289.7789820933735	0.011306785340880738	0.9813397213506949	0.08960187340541996
1.8052721480904461	289.61942687663094	0.01157385014705288	0.9810481931438211	0.08963720081360733
1.8193756804974028	289.45868390319237	0.011845036889872155	0.9807544874873473	0.08967281938930825
1.8334792129043593	289.29675463859695	0.012120375183823584	0.9804586068828313	0.08970872946850628
1.8475827453113158	289.13364054838377	0.012399894643392206	0.9801605537554481	0.08974493139002314
1.8616862777182726	288.9693430981057	0.012683624883057333	0.9798603304568926	0.08978142549552416
1.8757898101252293	288.8038637690988	0.012971595433440923	0.9795579394002845	0.0898182121295124
1.8898933425321858	288.63720408886263	0.01326383555499869	0.9792533833492908	0.08985529163935377
1.9039968749391425	288.46936559329197	0.013560374454347096	0.9789466650692821	0.0898926643752832
1.918100407346099	288.30034981828175	0.013861241338102607	0.9786377872442951	0.0899303306904011
1.9322039397530555	288.13015829972676	0.014166465412881671	0.9783267524800016	0.08996829094067878
1.9463074721600122	287.9587925735218	0.014476075885300765	0.9780135633065471	0.09000654548496408
1.960411004566969	287.7862541758881	0.014790101960571277	0.977698222183387	0.0900450946849868
1.9745145369739254	287.6125446673935	0.0151085727028534	0.9773807317108767	0.09008393890535908
1.988618069380882	287.43766564937175	0.015431516919894262	0.9770610947967608	0.0901230785135877
2.002721601787839	287.2616187270429	0.015758963392505	0.9767393143066351	0.09016251388008006
2.016825134194795	287.08440550562705	0.016090940901496736	0.976415393025939	0.09020224537814903
2.030928666601752	286.9060275903441	0.016427478227680595	0.97608933366274	0.09024227338401845
2.0450321990087086	286.7264865864141	0.016768604151867702	0.9757611388504005	0.0902825982768294
2.059135731415665	286.54578410051994	0.0171143474470248	0.9754308111613983	0.09032322043864512
2.0732392638226216	286.3639217722264	0.017464736680430734	0.9750983533914871	0.0903641402544537
2.0873427962295783	286.1809012735611	0.017819800200163653	0.9747637685712908	0.09040535811218223
2.101446328636535	285.99672427793064	0.01817956634375398	0.9744270596649117	0.09044687440269983
2.1155498610434917	285.8113924587416	0.018544063448732145	0.9740882295574106	0.09048868951982306
2.1296533934504485	285.6249074894006	0.018913319852628563	0.9737472810574235	0.09053080386032239
2.1437569258574047	285.4372710433141	0.019287363892973662	0.9734042168996755	0.09057321782392809
2.157860458264361	285.24848479779166	0.019666223883687575	0.9730590397797402	0.09061593181333864
2.1719639906713177	285.05855046983083	0.02004992787198199	0.9727117526861714	0.09065894623422759
2.1860675230782745	284.86746979957167	0.020438503737620906	0.9723623587568276	0.09070226149524237
2.200171055485231	284.67524452744294	0.020831979357832625	0.9720108610525177	0.09074587800801585
2.214274587892188	284.48187639387345	0.021230382609845434	0.9716572625560681	0.09078979618717284
2.2283781202991446	284.2873671392919	0.021633741370887638	0.9713015661747919	0.09083401645033685
2.2424816527061013	284.0917185041272	0.02204208351818753	0.9709437747428626	0.09087853921813673
2.256585185113058	283.89493223693404	0.022455436875485204	0.9705838910936685	0.09092336491421468
2.270688717520014	283.69701012956654	0.022873828955035196	0.9702219183957083	0.09096849396523309
2.2847922499269706	283.49795398824256	0.02329728715735519	0.9698578598838122	0.0910139268008779
2.2988957823339273	283.29776561918925	0.02372583888283637	0.969491718713592	0.09105966385386735
2.312999314740884	283.09644682863404	0.02415951153186993	0.9691234979636936	0.09110570555995894
2.3271028471478408	282.89399942280414	0.02459833250484709	0.9687532006381296	0.09115205235795597
2.3412063795547975	282.6904252079394	0.02504232920213832	0.9683808296685541	0.09119870468971489
2.355309911961754	282.48572600475967	0.025491528921487417	0.9680063880452053	0.09124566300015273
2.3694134443687105	282.27990367633635	0.025945958634615098	0.9676298790938722	0.0912929277372537
2.383516976775667	282.07296009344316	0.02640564524903821	0.9672513061412538	0.09134049935207603
2.397620509182624	281.8648971268538	0.026870615672273553	0.9668706724357746	0.09138837829875932
2.41172404158958	281.65571664734205	0.027340896811837954	0.9664879811498732	0.09143656503453179
2.425827573996537	281.4454205256815	0.027816515575248234	0.9661032353822113	0.09148506001971748
2.4399311064034936	281.2340106329479	0.02829749886824105	0.9657164381619624	0.09153386371774368
2.4540346388104504	281.02148886248943	0.028783873426747236	0.9653275926532087	0.09158297659514648
2.4681381712174066	280.8078571448057	0.029275665681554323	0.9649367023131795	0.09163239912158136
2.4822417036243634	280.59311741392054	0.029772902031784038	0.9645437705582419	0.09168213176983002
2.49634523603132	280.3772716038578	0.030275608876558054	0.9641488007275575	0.09173217501580708
2.510448768438277	280.1603216486413	0.03078381261499806	0.9637517960852513	0.09178252933856783
2.5245523008452335	279.9422694822948	0.03129753964622575	0.9633527598225075	0.09183319522031581
2.53865583325219	279.72311704018097	0.03181681635984283	0.9629516950706807	0.0918841731464104
2.5527593656591465	279.5028662875704	0.03234166890138065	0.9625486051745568	0.09193546360537375
2.566862898066103	279.28151921915975	0.03287212315879514	0.9621434937020416	0.09198706708890009
2.5809664304730595	279.05907783088776	0.03340820500782069	0.9617363641570524	0.09203898409186313
2.5950699628800162	278.83554411869335	0.03394994032419163	0.9613272199673351	0.09209121511232378
2.609173495286973	278.61092007851533	0.03449735498364228	0.9609160644865227	0.09214376065153825
2.6232770276939297	278.38520770629253	0.035050474861907016	0.9605029009961275	0.09219662121396593
2.6373805601008864	278.1584090015223	0.035609325806660284	0.9600877327389201	0.09224979730727767
2.651484092507843	277.93052599961175	0.036173933353106764	0.9596705632370417	0.09230328944236356
2.665587624914799	277.70156075678193	0.03674432284203115	0.9592513961536984	0.09235709813334128
2.6796911573217557	277.4715153295088	0.037320519611331614	0.9588302350781611	0.09241122389756427
2.6937946897287124	277.2403917742684	0.03790254899890631	0.9584070835245333	0.09246566725563
2.707898222135669	277.0081921475367	0.038490436342653395	0.9579819449337086	0.0925204287313885
2.722001754542626	276.7749185057897	0.039084206980471034	0.957554822675267	0.09257550885195066
2.7361052869495825	276.5405729128534	0.039683886187633	0.9571257201169727	0.09263090814769705
2.7502088193565393	276.3051574714801	0.040289498878720686	0.9566946409451994	0.09268662715228616
2.7643123517634955	276.06867429725963	0.040901069840043575	0.9562615889082599	0.09274266640266252
2.7784158841704523	275.8311255057899	0.04151862385777145	0.955826567678508	0.0927990264390654
2.792519416577409	275.5925132126688	0.04214218571807405	0.9553895808541095	0.09285570780503799
2.8066229489843653	275.3528395334941	0.042771780207121114	0.9549506319609055	0.09291271104743568
2.820726481391322	275.11210658387563	0.04340743211104781	0.9545097244542569	0.09297003671643518
2.8348300137982787	274.8703164924288	0.04404916609733069	0.9540668618444956	0.09302768536554346
2.8489335462052354	274.62747142558663	0.04469700646003168	0.9536220479599001	0.0930856575516064
2.8630370786121917	274.3835735566173	0.045350977420269986	0.9531752866286285	0.09314395383481767
2.8771406110191484	274.1386250587889	0.046011103199164904	0.9527265816037775	0.093202574778728
2.891244143426105	273.89262810536957	0.04667740801783566	0.9522759365652131	0.09326152095025393
2.905347675833062	273.64558486962744	0.047349916097401495	0.9518233551213481	0.09332079291968724
2.9194512082400186	273.39749752510403	0.048028651656879084	0.9513688408129969	0.09338039126070401
2.933554740646975	273.1483682651988	0.04871363872122445	0.9509123973084324	0.09344031655037362
2.9476582730539316	272.89819931626084	0.04940490096937413	0.9504540285527289	0.09350056936916865
2.961761805460888	272.64699290774297	0.05010246204465694	0.9499937384513567	0.09356115030097382
2.9758653378678446	272.39475126909787	0.05080634559040172	0.949531530835749	0.09362205993309558
2.9899688702748013	272.14147662977837	0.05151657524993731	0.9490674094650483	0.09368329885627143
3.004072402681758	271.88717121923725	0.05223317466659251	0.9486013780278036	0.09374486766467967
3.0181759350887147	271.6318372681247	0.05295616747276136	0.948133440154329	0.09380676695594879
3.0322794674956715	271.3754770335728	0.05368557702477666	0.9476635996765218	0.09386899733116698
3.046382999902628	271.1180927986177	0.054421426389623	0.9471918606360898	0.09393155939489221
3.060486532309584	270.8596868473775	0.055163738620692376	0.9467182270133683	0.09399445375516215
3.0745900647165407	270.6002614639702	0.05591253677137681	0.9462427027156592	0.09405768102350348
3.0886935971234974	270.3398189325139	0.056667843895068286	0.9457652915788992	0.09412124181494233
3.102797129530454	270.07836153712657	0.0574296830451588	0.9452859973692807	0.09418513674801378
3.116900661937411	269.81589156508073	0.05819807724328183	0.94480482381495	0.09424936644477214
3.1310041943443676	269.55241133521497	0.05897304916095846	0.944321774907432	0.09431393153080089
3.1451077267513243	269.2879231845427	0.059754621253268775	0.9438368547700869	0.09437883263522304
3.1592112591582806	269.02242945029553	0.06054281597212543	0.9433500674556079	0.09444407039071098
3.1733147915652373	268.75593246970493	0.06133765576944115	0.9428614169446407	0.09450964543349721
3.187418323972194	268.4884345800025	0.0621391630971286	0.9423709071473774	0.0945755584033843
3.2015218563791503	268.21993811841975	0.06294736040710047	0.9418785419051087	0.09464180994375551
3.215625388786107	267.9504454286503	0.06376227008116131	0.9413843250561839	0.0947084007015851
3.2297289211930638	267.679958888341	0.0645839141005239	0.9408882607385569	0.09477533132744904
3.2438324536000205	267.4084808862476	0.06541231430484286	0.9403903531472186	0.09484260247553529
3.257935986006977	267.13601381113256	0.06624749253362287	0.9398906064046558	0.09491021480365469
3.2720395184139335	266.86256005175795	0.06708947062636864	0.939389024562278	0.09497816897325152
3.28614305082089	266.5881219968862	0.06793827042258488	0.9388856116019434	0.09504646564941448
3.300246583227847	266.3127020352905	0.0687939137617293	0.9383803714374865	0.0951151055008872
3.3143501156348036	266.03630256708414	0.06965642235167326	0.9378733080334863	0.09518408920007954
3.32845364804176	265.75892602508833	0.07052581748905377	0.9373644256525518	0.09525341742307837
3.3425571804487166	265.4805748479841	0.07140212039066178	0.9368537285559643	0.09532309084965844
3.3566607128556734	265.2012514744526	0.07228535227328825	0.9363412209333866	0.09539311016329369
3.3707642452626296	264.92095834317485	0.07317553435372408	0.9358269069043625	0.09546347605116828
3.3848677776695864	264.639697892832	0.07407268784876031	0.9353107905197772	0.09553418920418796
3.398971310076543	264.35747256348134	0.07497683395807868	0.9347928757781612	0.09560525031698197
3.4130748424835	264.07428482379834	0.07588799352317849	0.9342731669221771	0.09567666008775229
3.4271783748904565	263.7901371473875	0.07680618731349961	0.9337516681868039	0.09574841921857606
3.4412819072974132	263.50503200846344	0.07773143606673553	0.9332283837648653	0.09582052841567938
3.45538543970437	263.2189718936095	0.07866376037717326	0.9327033179034153	0.09589298838868479
3.469488972111326	262.9319592904664	0.07960318082970051	0.9321764747884588	0.09596579985095999
3.4835925045182825	262.6439966944751	0.08054971789738306	0.9316478586331001	0.09603896351981582
3.4976960369252392	262.35985827171066	0.0815033966135465	0.931117469728391	0.09611126501256938
3.511799569332196	262.0782782265148	0.08246424606981921	0.930585304944611	0.09618302298846673
3.5259031017391527	261.79577639173544	0.0834322891810568	0.930051366380647	0.0962551236267719
3.5400066341461094	261.5123550856279	0.08440754573066697	0.9295156587168467	0.09632756761708844
3.554110166553066	261.22801677825356	0.08539003668628152	0.9289781855743073	0.09640035565344815
3.5682136989600224	260.94276389828923	0.08637978245273194	0.928438950983126	0.09647348843320065
3.582317231366979	260.65659883289135	0.08737680295434481	0.9278979593064396	0.09654696665731671
3.5964207637739354	260.36952400523035	0.08838111829145122	0.9273552146942771	0.09662079103043458
3.610524296180892	260.0815418339167	0.089392748412344	0.9268107213563035	0.09669496226079183
3.624627828587849	259.7926547380877	0.09041171308912005	0.9262644835803608	0.09676948106034423
3.6387313609948055	259.50286514885454	0.09143803205566112	0.9257165056188592	0.09684434814488731
3.6528348934017623	259.21217550366055	0.09247172492143607	0.9251667917592166	0.09691956423364573
3.6669384258087185	258.9205882449195	0.0935128112388431	0.9246153462688979	0.0969951300497019
3.6810419582156753	258.62810581923344	0.09456131049574305	0.9240621734017938	0.097071046319808
3.695145490622632	258.334730686607	0.09561724198467444	0.9235072775031059	0.09714731377446108
3.7092490230295887	258.04046530870033	0.09668062499922567	0.9229506628511132	0.09722393314788957
3.723352555436545	257.7453121505673	0.0977514787326441	0.9223923337389356	0.09730090517802513
3.7374560878435017	257.44927368971526	0.09882982220999992	0.9218322945279087	0.09737823060657859
3.7515596202504584	257.152352406433	0.09991567444227992	0.9212705495248816	0.097455910179065
3.7656631526574147	256.8545507887926	0.10100905426432129	0.9207071031104602	0.09753394464475248
3.7797666850643714	256.55587133240243	0.10210998043123894	0.9201419596622181	0.09761233475670514
3.793870217471328	256.2563165269442	0.1032184717456004	0.9195751234556612	0.09769108127184867
3.807973749878285	255.95588887303137	0.10433454679671501	0.9190065988685039	0.0977701849509565
3.8220772822852416	255.6545908910015	0.10545822394244055	0.9184363903928553	0.09784964655855852
3.8361808146921983	255.35242510136993	0.10658952153884246	0.9178645024561453	0.0979294668630302
3.850284347099155	255.04939402465195	0.10772845794198631	0.9172909394209331	0.09800964663660564
3.864387879506111	254.74550017958092	0.10887505149870871	0.9167157055931512	0.09809018665540793
3.8784914119130676	254.44074609402588	0.1100293203178413	0.916138805397501	0.09817108769948996
3.8925949443200243	254.13513431599955	0.11119128229226347	0.9155602433585548	0.09825235055275383
3.906698476726981	253.82866739449528	0.11236095530843096	0.9149800239404087	0.09833397600300628
3.9208020091339377	253.5213478785065	0.11353835725279961	0.9143981515429273	0.09841596484197579
3.9349055415408944	253.2131783138911	0.11472350595914597	0.9138146305424705	0.09849831786534423
3.949009073947851	252.90416126211963	0.11591641897374394	0.913229465468092	0.09858103587274884
3.9631126063548074	252.59429929676722	0.11711711374903364	0.912642660854366	0.09866411966776921
3.977216138761764	252.28359499141416	0.11832560773744344	0.9120542211715552	0.09874757005795826
3.9913196711687204	251.97205091945	0.11954191838803693	0.9114641508292313	0.09883138785485115
4.005423203575678	251.65966965772188	0.1207660629702634	0.9108724543074175	0.09891557387391788
4.019526735982634	251.3464538007951	0.12199805850293217	0.9102791362075883	0.09900012893468388
4.033630268389591	251.03240594657663	0.12323792198805142	0.9096842010791747	0.09908505386072569
4.047733800796547	250.71752869297345	0.12448567042762931	0.9090876534082013	0.09917034947965903
4.061837333203504	250.40182463715047	0.1257413208009362	0.9084894976349353	0.09925601662317964
4.07594086561046	250.08529638426	0.12700488981769217	0.907889738333678	0.09934205612713262
4.090044398017417	249.76794655591013	0.12827639401846477	0.9072883801378925	0.09942846883132876
4.104147930424374	249.4497777747672	0.12955584994184582	0.9066854276187746	0.09951525557965825
4.1182514628313305	249.13079266349766	0.13084327412642693	0.9060808852849016	0.09960241722011809
4.132354995238288	248.81099384440145	0.13213868304095425	0.9054747576332646	0.09968995460481092
4.146458527645244	248.49038395357599	0.13344209284301478	0.9048670493215014	0.09977786858999055
4.160562060052201	248.16896563693945	0.13475351960734638	0.9042577650029601	0.09986616003609686
4.174665592459157	247.84674154045638	0.1360729794087882	0.903646909268034	0.09995482980773257
4.1887691248661145	247.52371430994737	0.13740048832096835	0.9030344866461484	0.10004387877367651
4.20287265727307	247.19988659237922	0.13873606226759808	0.9024205017113742	0.10013330780687503
4.216976189680026	246.8752610520906	0.14007971688805337	0.9018049591759084	0.10022311778447818
4.231079722086983	246.54984035801456	0.14143146779084192	0.9011878637106857	0.1003133095878628
4.24518325449394	246.22362717908436	0.14279133058447097	0.9005692199245688	0.10040388410263933
4.259286786900897	245.89662418095537	0.14415932093240422	0.899949032327235	0.10049484221866474
4.273390319307853	245.56883402564267	0.14553545448807478	0.8993273053757664	0.10058618483005004
4.28749385171481	245.24025940883735	0.1469197462323221	0.8987040439323294	0.10067791283519055
4.3015973841217665	244.91090303042375	0.14831221106829542	0.8980792528487131	0.10077002713677476
4.315700916528723	244.58076759028617	0.14971286389914434	0.8974529369132853	0.10086252864179795
4.32980444893568	244.24985578830882	0.1511217196280184	0.8968251008520245	0.10095541826157703
4.343907981342636	243.91817032437604	0.15253879315806687	0.8961957493295332	0.10104869691176517
4.358011513749593	243.5857138983721	0.15396409939243946	0.895564886950031	0.10114236551236712
4.37211504615655	243.25248921018127	0.1553976532342854	0.8949325182583285	0.10123642498775405
4.386218578563507	242.91849895970822	0.156839469586539	0.8942986477409278	0.10133087626667885
4.400322110970463	242.58374585696316	0.15828956313691034	0.8936632799713959	0.10142572028227857
4.414425643377419	242.24823263821168	0.15974794795764383	0.8930264198769928	0.10152095797210171
4.4285291757843765	241.91196204391667	0.1612146380118576	0.8923880723950535	0.10161659027813029
4.442632708191333	241.57493681454116	0.16268964726266963	0.8917482424002169	0.10171261814678939
4.456736240598289	241.23715969054797	0.16417298967319818	0.891106934705418	0.10180904252896288
4.470839773005245	240.89863341240016	0.16566467920656128	0.8904641540628611	0.10190586438000873
4.4849433054122025	240.5593607205606	0.16716472982587716	0.8898199051649744	0.10200308465977512
4.499046837819159	240.21934435549227	0.16867315549426373	0.8891741926453474	0.10210070433261591
4.513150370226116	239.87858705765805	0.17018997017483936	0.8885270210796494	0.10219872436740672
4.527253902633072	239.53709156993864	0.17171518776955483	0.8878783950264724	0.10229714573758616
4.5413574350400285	239.19486065769885	0.17324882160978955	0.8872283193591776	0.10239596942118497
4.555460967446986	238.85189709850718	0.17479088471652854	0.8865767990921931	0.10249519640074367
4.569564499853942	238.50820367005267	0.17634139010767266	0.8859238391800356	0.102594827663386
4.583668032260899	238.1637831500242	0.17790035080112324	0.8852694445162435	0.10269486420083797
4.597771564667855	237.81863831611082	0.1794677798147811	0.8846136199343119	0.10279530700944452
4.611875097074813	237.47277194600144	0.18104369016654756	0.8839563702086107	0.10289615709018592
4.625978629481769	237.1261868173851	0.1826280948743235	0.8832977000552866	0.10299741544869413
4.640082161888725	236.7788857079507	0.18422100695601012	0.8826376141331467	0.1030990830952698
4.654185694295682	236.4308713958703	0.18582243942458643	0.8819761170476546	0.1032011610449014
4.668289226702639	236.082146674738	0.18743240495027017	0.8813132135656635	0.10330365031731335
4.682392759109596	235.73271435536338	0.18905091565198495	0.8806489087446367	0.10340655193693826
4.696496291516552	235.38257724933987	0.1906779835994354	0.8799832076122668	0.1035098669329372
4.710599823923509	235.03173816826077	0.19231362086232656	0.8793161151360342	0.10361359633922441
4.724703356330465	234.6801999237195	0.193957839510363	0.8786476362241072	0.10371774119448446
4.738806888737421	234.32796532730939	0.1956106516132497	0.877977775726223	0.10382230254218949
4.752910421144378	233.97503719062377	0.19727206924069154	0.8773065384345557	0.10392728143061658
4.767013953551334	233.6214183252561	0.1989421044623932	0.8766339290845678	0.10403267891286522
4.7811174859582914	233.26711154279965	0.2006207693480596	0.8759599523558458	0.10413849604687477
4.795221018365248	232.9121196617984	0.20230807584147453	0.8752846129505485	0.10424473389538036
4.809324550772205	232.5564455218939	0.204004035258592	0.8746079159015763	0.10435139352598574
4.823428083179161	232.20009196602925	0.20570865872338223	0.873929866300624	0.10445847601125555
4.837531615586117	231.8430618371463	0.20742195735979993	0.8732504691800179	0.1045659824286654
4.851635147993075	231.48535797818687	0.2091439422917998	0.8725697295135693	0.10467391386061986
4.865738680400031	231.1269832320928	0.2108746246433363	0.8718876522174221	0.10478227139447052
4.879842212806988	230.76794044180593	0.21261401553836426	0.8712042421508868	0.10489105612253426
4.893945745213944	230.4082324502681	0.21436212610083802	0.8705195041172584	0.10500026914211125
4.9080492776209015	230.04786210042107	0.21611896745471246	0.8698334428646226	0.10510991155550366
4.922152810027858	229.68683223991155	0.21788455059145317	0.8691460631662136	0.10521998446995626
4.936256342434814	229.32514573960742	0.21965888583087484	0.8684573701429328	0.1053304889974151
4.950359874841771	228.9628054627531	0.22144198367158652	0.8677673687505582	0.10544142625511704
4.9644634072487275	228.5998142684843	0.22323385449681146	0.8670760639572582	0.10555279736618978
4.978566939655685	228.23617502384997	0.22503450868654132	0.866383460676824	0.10566460345778841
4.99267047206264	227.87189059563357	0.2268439564546234	0.865689563865895	0.10577684566284672
5.006774004469597	227.51385820068938	0.2286622201505668	0.8649943712601835	0.10588739415392427
5.0208775368765535	227.15903142305618	0.23048933500106944	0.8642978730393125	0.1059971810754424
5.03498106928351	226.80357598466858	0.23232531840118098	0.8636000699620306	0.1061073911305963
5.049084601690467	226.44749432183056	0.23417017959169723	0.86290096755266	0.10621802540273234
5.063188134097423	226.090789100631	0.23602392859979085	0.8622005708148546	0.10632908498018122
5.07729166650438	225.7334629415909	0.2378865751530116	0.8614988848711176	0.10644057095427348
5.091395198911337	225.37551848109592	0.2397581289059146	0.8607959148295741	0.10655248442145598
5.105498731318294	225.01695829664015	0.24163859930569834	0.8600916658619653	0.1066648264842858
5.11960226372525	224.65778525029174	0.24352799667463623	0.8593861425777726	0.10677759825070306
5.133705796132206	224.29800227989432	0.2454263314970415	0.8586793494425186	0.10689080083267653
5.1478093285391635	223.93761220716573	0.24733361381584282	0.8579712911262491	0.10700443534739443
5.16191286094612	223.57661777400995	0.24924985308081624	0.857261972587653	0.10711850291644734
5.176016393353077	223.21502171458053	0.2511750587194826	0.8565513987440831	0.10723300466703356
5.190119925760033	222.85282676901494	0.2531092401152747	0.8558395744845542	0.1073479417310913
5.20422345816699	222.49003567533245	0.2550524063599534	0.8551265048107574	0.10746331524587914
5.218326990573947	222.12665109442005	0.2570045662961403	0.854412194811444	0.10757912635351705
5.232430522980903	221.76267588305345	0.25896572944516066	0.8536966491370654	0.10769537620121113
5.246534055387859	221.39811276669639	0.26093590462059596	0.8529798727868345	0.10781206594137065
5.2606375877948155	221.03296446240103	0.2629151005294216	0.8522618707662583	0.10792919673103893
5.274741120201773	220.6672337656967	0.2649033260360764	0.8515426479390633	0.10804676973231359
5.288844652608729	220.30092342672293	0.266900589833994	0.8508222092126757	0.10816478611310441
5.302948185015686	219.93403620731164	0.26890690049644567	0.8501005595092989	0.10828324704654951
5.317051717422642	219.5665748959396	0.2709222664647269	0.8493777037722844	0.10840215371019495
5.331155249829599	219.1985422820252	0.27294669617659606	0.848653646894635	0.10852150728674252
5.345258782236556	218.8299411530106	0.27498019806266005	0.8479283937216673	0.108641308964138
5.359362314643512	218.46077424199777	0.27702278024208493	0.8472019492194769	0.10876155993659804
5.373465847050469	218.09104432398254	0.2790744506785451	0.8464743183875619	0.10888226140312304
5.3875693794574255	217.72075420378914	0.28113521739458047	0.8457455061407713	0.1090034145675066
5.401672911864383	217.3499066862416	0.2832050884127318	0.8450155173426235	0.1091250206388316
5.415776444271339	216.97850455428676	0.28528407164846287	0.8442843568644212	0.10924708083152379
5.429879976678295	216.60655054480011	0.28737217456952174	0.8435520297705967	0.10936959636550737
5.443983509085252	216.23404745408675	0.28946940469651916	0.8428185410443971	0.10949256846606992
5.458087041492209	215.8609980828737	0.2915757695641307	0.8420838956099455	0.10961599836386629
5.472190573899166	215.4874052312918	0.29369127670533446	0.8413480983415182	0.10973988729495052
5.486294106306122	215.1132716712736	0.2958159334632358	0.8406111541655761	0.1098642365011404
5.500397638713079	214.73860018271054	0.29794974688654596	0.8398730681162686	0.1099890472294944
5.514501171120035	214.36339355947388	0.3000927240080567	0.8391338451847785	0.11011432073232019
5.528604703526991	213.9876545954348	0.3022448718605599	0.8383934903113583	0.11024005826739879
5.542708235933948	213.61138608921735	0.3044061975174868	0.8376520083643046	0.11036626109797909
5.556811768340904	213.23459085213392	0.306576707915905	0.836909404235031	0.11049293049283032
5.570915300747862	212.85727168134383	0.30875640958596673	0.8361656829813386	0.11062006772642734
5.585018833154818	212.47943137262246	0.3109453090346882	0.835420849622185	0.11074767407881478
5.599122365561775	212.1010727217452	0.31314341276908636	0.8346749091259589	0.11087575083561718
5.613225897968731	211.72219852448745	0.3153507272961775	0.8339278664111158	0.11100429928806045
5.627329430375688	211.34281158230758	0.31756725913167133	0.8331797263422371	0.11113332073290715
5.641432962782645	210.9629147167555	0.31979301456120957	0.8324304938558127	0.11126281647233588
5.655536495189601	210.5825107377701	0.32202799954595934	0.8316801740086891	0.11139278781445694
5.669640027596558	210.2016024538042	0.32427222003248196	0.830928771815012	0.11152323607309499
5.683743560003514	209.82019267331077	0.3265256819673381	0.830176292239159	0.11165416256778442
5.697847092410472	209.4382842047427	0.3287883912970891	0.8294227401963553	0.11178556862379191
5.711950624817428	209.05587985454648	0.3310603539565094	0.8286681205593809	0.111917455572067
5.726054157224384	208.67298242893358	0.3333415755980719	0.8279124382987465	0.11204982474912958
5.740157689631341	208.28959474649588	0.3356320616142241	0.827155698470021	0.11218267749750455
5.754261222038298	207.90571962670347	0.33793181738896355	0.8263979060835498	0.11231601516555957
5.768364754445255	207.52135988902634	0.3402408483062884	0.8256390661006774	0.11244983910750629
5.78246828685221	207.13651835293462	0.3425591597501963	0.8248791834343453	0.11258415068342298
5.796571819259167	206.7511978333322	0.3448867570790304	0.8241182629627639	0.1127189512592691
5.810675351666124	206.36540113529958	0.3472236453283692	0.8233563096809825	0.11285424220687296
5.82477888407308	205.97913108150757	0.34956982931341846	0.8225933286475122	0.11299002490400045
5.838882416480037	205.59239049623298	0.3519253138451343	0.8218293248741411	0.11312630073437772
5.852985948886993	205.20518220375277	0.3542901037344721	0.8210643033243509	0.11326307108771272
5.8670894812939505	204.81750902834375	0.35666420379238806	0.820298268913898	0.11340033735971863
5.881193013700907	204.42937378993946	0.35904761882082736	0.8195312265159141	0.11353810095219556
5.895296546107864	204.04077929815946	0.3614403533418886	0.818763181097222	0.11367636327315316
5.90940007851482	203.65172837859814	0.3638424116002715	0.8179941377159924	0.11381512573648843
5.9235036109217765	203.26222385838489	0.3662537978307327	0.8172241013871848	0.11395438976217913
5.937607143328734	202.87226856464915	0.36867451626802894	0.8164530770781115	0.1140941567763272
5.95171067573569	202.48186532452036	0.3711045711469165	0.815681069709001	0.11423442821118282
5.965814208142647	202.0910169618437	0.37354396668516526	0.8149080841619721	0.1143752055051045
5.979917740549603	201.6997262923408	0.3759927068072285	0.8141341254180822	0.11451649010248649
5.9940212729565605	201.3079961437269	0.37845079519549546	0.8133591985308872	0.11465828345417872
6.008124805363517	200.91582934490438	0.38091823552542653	0.812583308509901	0.11480058701730043
6.022228337770473	200.52322872477566	0.38339503147248283	0.8118064603177099	0.11494340225524181
6.03633187017743	200.13019711224308	0.38588118671212546	0.8110286588705209	0.11508673063768891
6.050435402584386	199.73673733235123	0.3883767052000715	0.810249908901777	0.11523057364076687
6.064538934991343	199.3428522039418	0.3908815909084244	0.8094702150929023	0.1153749327471734
6.078642467398299	198.94854456438264	0.3933958459342435	0.8086895829937172	0.11551980944545402
6.092745999805256	198.55381724700203	0.3959194727765266	0.807908017907643	0.1156652052301201
6.1068495322122125	198.15867306735072	0.39845247569091286	0.8071255242387909	0.11581112160130161
6.120953064619169	197.76311485786732	0.40099485737757995	0.8063421071018815	0.11595756006719835
6.135056597026126	197.36714544836778	0.4035466203989761	0.805557771630966	0.11610452214327331
6.149160129433082	196.97076765429296	0.40610776770807394	0.8047725227252583	0.11625200935271711
6.163263661840039	196.57398430496943	0.40867830241116687	0.803986365165592	0.11640002322238159
6.177367194246996	196.17679822960116	0.4112582274326669	0.8031993037761758	0.11654856528592501
6.191470726653953	195.77921225419536	0.413847545036412	0.802411343652649	0.11669763708421874
6.205574259060909	195.3836208884938	0.4164462682468798	0.8016224847184104	0.11684634015081062
6.219677791467865	194.99730525407458	0.4190544301537774	0.8008327173609943	0.11699192253502497
6.2337813238748225	194.61059526432567	0.4216720666913212	0.8000420307060522	0.11713801741812123
6.247884856281779	194.22349330368402	0.42429918032242403	0.7992504298137721	0.11728462626445299
6.261988388688736	193.836002029331	0.42693577377675573	0.798457919572828	0.11743175054613825
6.276091921095692	193.44812404768794	0.4295818496561968	0.79766450488814	0.11757939174158201
6.290195453502649	193.05986188867016	0.432237410397613	0.7968701906981871	0.11772755133611085
6.304298985909605	192.67121835095537	0.43490245867697536	0.79607498178514	0.11787623082105782
6.318402518316561	192.28219629691935	0.4375769970711727	0.7952788829348274	0.11802543169426442
6.332506050723518	191.89279828315162	0.44026102745590195	0.7944818992177656	0.1181751554595229
6.3466095831304745	191.5030270823038	0.4429545523448153	0.7936840353622583	0.11832540362723826
6.360713115537432	191.11288545671349	0.445657574260836	0.7928852960503642	0.11847617771416398
6.374816647944388	190.72237591049813	0.44837009451499155	0.792085686484678	0.1186274792430589
6.388920180351345	190.33150119120393	0.45109211557824547	0.7912852112851674	0.11877930974347874
6.403023712758301	189.9402640294457	0.4538236395505238	0.7904838752023916	0.11893167075138714
6.417127245165259	189.54866701412763	0.4565646674799693	0.7896816834296554	0.11908456380898419
6.431230777572215	189.15671284731587	0.4593152017497623	0.7888786405010666	0.11923799046516513
6.445334309979171	188.76440420969362	0.4620752438344428	0.7880747513277842	0.11939195227557588
6.459437842386128	188.3717437540093	0.4648447948006857	0.7872700209647291	0.11954645080236388
6.473541374793085	187.97873415643926	0.4676238568160109	0.7864644539200812	0.11970148761392356
6.487644907200042	187.58537809082665	0.4704124306993054	0.7856580552773198	0.11985706428538226
6.501748439606998	187.19167822675	0.47321051766743033	0.7848508298948732	0.12001318239857754
6.515851972013955	186.7976372332031	0.47601811957479634	0.7840427822998659	0.12016984354197328
6.529955504420911	186.40325777761143	0.4788352371510705	0.7832339174894765	0.12032704931074911
6.544059036827868	186.00854253099251	0.4816618711401187	0.7824242404113907	0.12048480130674802
6.558162569234825	185.61349416527466	0.4844980224633978	0.781613755890685	0.12064310113853217
6.57226610164178	185.21811535238632	0.4873436920423641	0.7808024687110193	0.12080195042142375
6.586369634048737	184.82240876425587	0.49019888079847446	0.7799903836150798	0.12096135077753213
6.600473166455694	184.4263770656159	0.49306358953489987	0.7791775053579921	0.12112130383559519
6.614576698862651	184.0300229121178	0.49593781861936914	0.7783638388489276	0.1212818112309665
6.628680231269607	183.6333489737967	0.49882156840824493	0.7775493889603455	0.12144287460624764
6.642783763676563	183.2363579212083	0.5017148392623565	0.7767341605213386	0.12160449561095088
6.656887296083521	182.83905242490835	0.504617631542533	0.7759181583200747	0.12176667590151324
6.670990828490477	182.4414351547536	0.5075299456105227	0.7751013871038233	0.12192941714134317
6.685094360897434	182.043508758395	0.5104517817340939	0.7742838516213486	0.12209272100136337
6.69919789330439	181.64527589095738	0.51338313984088	0.7734655567315133	0.12225658915913819
6.7133014257113475	181.246739217069	0.5163240197930857	0.7726465072811596	0.1224210232989873
6.727404958118304	180.84790140135837	0.5192744214529142	0.771826708076486	0.12258602511229587
6.74150849052526	180.44876510845376	0.5222343446825699	0.7710061638834714	0.12275159629754315
6.755612022932217	180.0493329986617	0.5252037893529209	0.7701848794245044	0.1229177385602349
6.7697155553391735	179.64960771685722	0.5281827551549583	0.7693628594611658	0.12308445361283799
6.783819087746131	179.24959191783535	0.5311712415053035	0.7685401088349969	0.12325174317540627
6.797922620153087	178.8492882576891	0.5341692478071013	0.7677166323532207	0.12341960897524132
6.812026152560044	178.4486993925114	0.5371767734634969	0.7668924347832486	0.12358805274688496
6.826129684967	178.0478279783779	0.5401938178777569	0.7660675208530396	0.12375707623214885
6.840233217373956	177.64667666279323	0.5432203804206236	0.765241895265615	0.123926681180195
6.854336749780913	177.2452480894361	0.5462564601548786	0.7644155628181025	0.12409686934740896
6.868440282187869	176.84354490670754	0.5493020560347663	0.7635885283149417	0.12426764249745165
6.882543814594826	176.4415697630084	0.5523571670145316	0.7627607965211909	0.12443900240137203
6.896647347001783	176.0393253067397	0.5554217920484188	0.761932372162931	0.12461095083763782
6.91075087940874	175.63681418502983	0.5584959300903595	0.7611032599277969	0.12478348959219014
6.924854411815696	175.23403903486928	0.5615795799299033	0.7602734645354057	0.12495662045861036
6.938957944222652	174.83100249544216	0.5646727400922431	0.759442990779623	0.1251303452378914
6.9530614766296095	174.42770720713793	0.5677754090821804	0.7586118434240886	0.12530466573853952
6.967165009036566	174.02415581034612	0.5708875854045159	0.7577800271938705	0.12547958377663299
6.981268541443523	173.62035094545612	0.5740092675640511	0.7569475467758542	0.12565510117585357
6.995372073850479	173.21629525329888	0.5771404542559138	0.7561144067387007	0.1258312197674454
7.009475606257436	172.8119913661269	0.5802811438735112	0.755280611741544	0.12600794139031393
7.023579138664393	172.40744190967433	0.5834313342678491	0.7544461666343814	0.12618526789118764
7.037682671071349	172.00264950964225	0.5865910232861096	0.7536110762299378	0.12636320112452545
7.051786203478306	171.59761679173178	0.5897602087754747	0.7527753453024373	0.12654174295254758
7.065889735885262	171.192346381644	0.5929388885831259	0.7519389785879861	0.12672089524526756
7.0799932682922195	170.78684090507997	0.5961270605562455	0.7511019807849526	0.12690065988052415
7.094096800699176	170.3811029877409	0.599324722542015	0.7502643565543429	0.127081038744014
7.108200333106132	169.97513525532776	0.6025318723876164	0.7494261105201705	0.12726203372932418
7.122303865513088	169.56894033354172	0.6057485079402315	0.7485872472698238	0.1274436467379643
7.136407397920045	169.16252084808386	0.6089746270470421	0.7477477713544272	0.1276258796793999
7.150510930327002	168.7558794228138	0.6122102272948224	0.7469076873968529	0.1278087344708071
7.164614462733958	168.34901866491685	0.6154553056390873	0.7460670002440267	0.12799221303728195
7.178717995140915	167.941941172711	0.6187098594433479	0.7452257145367789	0.12817631731296403
7.1928215275478715	167.5346495574641	0.6219738860534487	0.744383834886801	0.12836104923948485
7.206925059954829	167.12714643639785	0.625247382554685	0.7435413659765563	0.12854641076607834
7.221028592361785	166.7194344127381	0.6285303459420595	0.7426983124888886	0.12873240385069284
7.235132124768741	166.31151608967565	0.6318227732105347	0.7418546790701449	0.12891903045946823
7.249235657175698	165.90339407040125	0.6351246613550733	0.7410104703305145	0.12910629256676862
7.263339189582655	165.495070902318	0.6384360099614318	0.7401656897899629	0.1292941922556281
7.277442721989612	165.09899369118324	0.6417568747100951	0.7393203181556621	0.12947698029160895
7.291546254396568	164.70302230001383	0.6450872849455189	0.7384743469609742	0.12966023660944156
7.305649786803525	164.3068457097852	0.6484272513632541	0.7376277753505212	0.1298441078582185
7.319753319210482	163.91046617618719	0.6517767714738101	0.7367806078002832	0.13002859591739183
7.333856851617438	163.51388599421125	0.6551358426610773	0.7359328488028463	0.1302137026742311
7.347960384024395	163.11710768102316	0.6585044620475058	0.7350845029214821	0.13039943002382107
7.36206391643135	162.72013361813677	0.6618826267745318	0.7342355746768707	0.1305857798694304
7.3761674488383075	162.32296639575347	0.6652703337272251	0.7333860686578597	0.13077275412190037
7.390270981245264	161.9256085902772	0.6686675797231665	0.7325359894452618	0.1309603547000813
7.404374513652221	161.52806265786606	0.6720743615460438	0.7316853415985198	0.131148583530599
7.418478046059177	161.13033098153642	0.6754906759156412	0.7308341296678684	0.13133744254808816
7.4325815784661335	160.73241591791339	0.6789165194906879	0.7299823581932879	0.1315269336951149
7.446685110873091	160.33432004359673	0.6823518891506394	0.7291300315927443	0.13171705892225755
7.460788643280047	159.93604579782587	0.685796781297234	0.7282771544400759	0.13190782018807518
7.474892175687004	159.5375955373842	0.6892511922555231	0.727423731304929	0.13209921945918576
7.48899570809396	159.138971753621	0.6927151189383034	0.7265697664905306	0.13229125871036537
7.503099240500918	158.74017687892362	0.696188557492675	0.7257152645694228	0.1324839399242328
7.517202772907874	158.3412133075983	0.699671503831225	0.7248602301720516	0.13267726509153505
7.53130630531483	157.94208349391118	0.7031639547943196	0.7240046675300207	0.13287123621159433
7.545409837721787	157.5427898619414	0.7066659063466524	0.7231485811863592	0.13306585529221177
7.559513370128744	157.14333481773332	0.7101773540816668	0.7222919757953665	0.13326112434933843
7.573616902535701	156.74372080082975	0.7136982946519148	0.7214348555632909	0.13345704540679382
7.587720434942657	156.34395022789104	0.7172287238405348	0.7205772250038187	0.13365362049689242
7.601823967349614	155.94402550357947	0.7207686370007863	0.7197190887643046	0.133850851660514
7.6159274997565705	155.54394906046852	0.7243180305607461	0.7188604510404945	0.1340487409468101
7.630031032163526	155.1437233138629	0.7278769004129573	0.718001316204592	0.13424729041338995
7.644134564570483	154.74335065824792	0.7314452416974252	0.7171416888875493	0.13444650212636883
7.658238096977439	154.34283350297474	0.7350230499491284	0.7162815735337447	0.1346463781603576
7.6723416293843965	153.94217425751614	0.7386103207066228	0.7154209745534992	0.13484692059851006
7.686445161791353	153.541375331345	0.7422070495084632	0.7145598963247652	0.1350481315325589
7.70054869419831	153.14043913393408	0.7458132318932051	0.7136983431934221	0.135250013062851
7.714652226605266	152.7393680630267	0.7494288632801447	0.7128363195192666	0.13545256729804933
7.7287557590122224	152.33816450157107	0.7530539387405719	0.7119738297633769	0.1356557963553323
7.74285929141918	151.93683084349064	0.7566884533260811	0.7111108783618475	0.13585970236108066
7.756962823826136	151.53536948283644	0.7603324020889791	0.7102474697182387	0.13606428745043822
7.771066356233093	151.13378281365954	0.7639857800815741	0.7093836082041431	0.13626955376734431
7.785169888640049	150.73207323001097	0.7676485823561733	0.7085192981594749	0.13647550346457019
7.7992734210470065	150.3302431154451	0.7713208039803703	0.7076545438869631	0.13668213870406284
7.813376953453963	149.92829483763578	0.7750024397836269	0.7067893497483637	0.1368894616567803
7.827480485860919	149.52623077367147	0.7786934843999185	0.7059237201478232	0.1370974745020991
7.841584018267876	149.1240533007996	0.7823939324618991	0.705057659458301	0.13730617942837017
7.8556875506748325	148.72176479626756	0.7861037786022228	0.7041911720213536	0.13751557863296188
7.86979108308179	148.31936763732267	0.789823017453544	0.703324262147415	0.1377256743222984
7.883894615488746	147.91686419460606	0.7935516436855402	0.7024569341021931	0.13793646871168208
7.897998147895702	147.51425682408654	0.7972896517746026	0.7015891921932708	0.1381479640254829
7.9121016803026585	147.1115478851911	0.8010370359772215	0.700721040779675	0.13836016249765584
7.926205212709615	146.70873973746288	0.8047937905476871	0.6998524841902284	0.13857306637137154
7.940308745116572	146.30583474044505	0.8085599097402888	0.6989835267229985	0.13878667789904886
7.954412277523528	145.9028352536809	0.812335387809316	0.6981141726455704	0.139000999342394
7.968515809930485	145.49974363109678	0.8161202190271689	0.6972444261885974	0.1392160329724988
7.982619342337442	145.0965622124597	0.8199143974728985	0.6963742916244343	0.1394317810697839
7.996722874744399	144.69329333994344	0.823717917036016	0.6955037732653615	0.139648245923907
8.010826407151356	144.2899393558473	0.8275307716038743	0.6946328753940875	0.13986542983396694
8.02492993955831	143.88650260247064	0.831352955063827	0.6937616022632138	0.1400833351085462
8.039033471965269	143.4829854221127	0.8351844613032273	0.6928899580954992	0.1403019640657512
8.053137004372225	143.07939015174566	0.8390252842157073	0.6920179470818167	0.14052131903335593
8.067240536779181	142.67571911350393	0.8428754174981079	0.691145573455842	0.1407414023488711
8.081344069186137	142.2719746314249	0.8467348546748616	0.6902728414847623	0.1409622163592913
8.095447601593095	141.8681590296955	0.8506035892682304	0.6893997554068205	0.14118376342129335
8.109551134000052	141.4642746325026	0.8544816148004751	0.6885263194307767	0.14140604590128134
8.123654666407008	141.06032376403306	0.8583689247938581	0.6876525377361633	0.1416290661754281
8.137758198813964	140.6563087426343	0.8622655127296533	0.6867784144884275	0.14185282662969892
8.15186173122092	140.2522318727587	0.8661713719035954	0.6859039538914709	0.14207732965990477
8.165965263627879	139.84809546376292	0.870086495572923	0.685029160134089	0.14230257767179402
8.180068796034835	139.4439018355704	0.8740108772135134	0.6841540372971779	0.14252857308110986
8.194172328441791	139.03965327432488	0.877944509712779	0.6832785896458293	0.14275531831354457
8.208275860848747	138.6353520639264	0.8818873858885576	0.6824028214408772	0.14298281580476133
8.222379393255704	138.2310005155287	0.8858394990739782	0.6815267367286667	0.14321106800052036
8.23648292566266	137.82660074134427	0.889800843007405	0.6806503393823895	0.14344007735666278
8.250586458069618	137.428589956098	0.8937714491705743	0.6797736197258075	0.1436661856197673
8.264689990476574	137.03712920273688	0.8977513714741386	0.6788965601264635	0.14388926876179747
8.27879352288353	136.64560871310275	0.9017406433504682	0.6780191503841501	0.14411308020595145
8.292897055290487	136.25403041300302	0.9057392590195475	0.6771413943456432	0.14433762227181962
8.307000587697445	135.86239636829916	0.9097472122307944	0.6762632959990477	0.14456289728844943
8.321104120104401	135.4707086567223	0.913764496643046	0.675384859337609	0.14478890759456386
8.335207652511357	135.07896923983333	0.9177911061622577	0.6745060882399057	0.1450156555384707
8.349311184918314	134.68718034737094	0.921827033960172	0.6736269868182576	0.1452431434779478
8.36341471732527	134.29534399032482	0.9258722736267399	0.6727475590094285	0.14547137378057753
8.377518249732228	133.90346239135283	0.9299268182650848	0.6718678088954537	0.14570034882341185
8.391621782139184	133.51153792979224	0.9339906601911394	0.670987740808225	0.14593007099320773
8.40572531454614	133.11957281478527	0.9380637924208506	0.6701073588043853	0.14616054268644246
8.419828846953097	132.72756914740145	0.942146207941223	0.6692266669235581	0.1463917663093358
8.433932379360053	132.33552916175378	0.9462378995357549	0.6683456692496748	0.14662374427789704
8.448035911767011	131.94345477493815	0.9503388602824128	0.667464369736357	0.14685647901803509
8.462139444173967	131.55134808281693	0.9544490830883093	0.6665827723705531	0.14708997296547988
8.476242976580924	131.15921134349912	0.9585685607878691	0.6657008811380258	0.1473242285658277
8.49034650898788	130.76704680530264	0.9626972861998746	0.6648187000035011	0.14755924827462497
8.504450041394838	130.37485643055683	0.9668352517352861	0.66393623304716	0.14779503455738413
8.518553573801794	129.98264231269064	0.9709824501447573	0.6630534842042836	0.14803158988969364
8.53265710620875	129.59040667446922	0.9751388744061831	0.6621704573054086	0.1482689167572401
8.546760638615707	129.19815161353475	0.9793045168019434	0.6612871563963463	0.14850701765531732
8.560864171022661	128.80587914557037	0.9834793693596285	0.6604035855842261	0.14874589508928288
8.57496770342962	128.41359143060546	0.9876634250345667	0.6595197486293344	0.14898555157544144
8.589071235836576	128.02129060249027	0.9918566764699043	0.6586356493747028	0.14922598964069064
8.603174768243532	127.62897870514084	0.9960591153512287	0.6577512919671825	0.14946721182287723
8.617278300650488	127.23665785346306	1.000270734315661	0.6568666802000624	0.14970922066872058
8.631381833057445	126.8443301649506	1.0044915260092442	0.655981817838783	0.1499520187351681
8.645485365464403	126.45199768336279	1.0087214818947865	0.6550967090287872	0.1501956085896016
8.659588897871359	126.05966250018939	1.012960594222703	0.6542113576196514	0.15043999281046103
8.673692430278315	125.6673267296321	1.0172088556122132	0.6533257673102217	0.1506851739868167
8.687795962685271	125.27499242752427	1.0214662577291693	0.6524399420997152	0.15093115471826193
8.70189949509223	124.8826616509225	1.025732792256615	0.6515538859555817	0.15117793761478576
8.716003027499186	124.49033650284021	1.0300084516270034	0.6506676025654263	0.15142552529695977
8.730106559906142	124.0980190666671	1.0342932279882213	0.6497810956893805	0.15167392039603803
8.744210092313098	123.70571137561308	1.0385871127241997	0.648894369321581	0.15192312555408333
8.758313624720055	123.31341548797255	1.0428900975486255	0.6480074273191386	0.15217314342404087
8.772417157127013	122.921133463756	1.047202174199337	0.6471202735062221	0.1524239766696881
8.786520689533969	122.52886736297403	1.0515233344141721	0.6462329116824467	0.1526756279656777
8.800624221940925	122.13661924563715	1.0558535699309686	0.6453453456230711	0.1529280999975843
8.814727754347881	121.74439117136818	1.0601928724860201	0.6444575790797107	0.15318139546193382
8.828831286754838	121.35218517644985	1.0645412336616917	0.6435696158315469	0.15343551706548875
8.842934819161796	120.96000328874872	1.0688986448300342	0.6426814597039574	0.15369046752641458
8.857038351568752	120.56784754301766	1.0732650973593607	0.6417931144992013	0.15394624957441266
8.871141883975708	120.1757199740094	1.0776405826179865	0.6409045839953575	0.15420286595034077
8.885245416382665	119.7836226164767	1.0820250919742256	0.6400158719465183	0.15446031940626087
8.899348948789623	119.39155750517232	1.086418616796393	0.639126982082977	0.15471861270548692
8.913452481196579	118.99952666917545	1.0908211484409083	0.638237918115363	0.15497774862265004
8.927556013603535	118.60753210757701	1.095232678088877	0.6373486837889073	0.1552377299437158
8.941659546010492	118.21557582735352	1.09965319678829	0.6364592828692194	0.15549855946588323
8.955763078417448	117.82365983768926	1.104082695583857	0.6355697190992708	0.15576023999778205
8.969866610824406	117.43178614776843	1.1085211655202873	0.634679996198493	0.1560227743595355
8.983970143231362	117.03995676677543	1.112968597642289	0.6337901178629617	0.15628616538280957
8.998073675638318	116.64817370389446	1.1174249829945726	0.632900087765579	0.1565504159108629
9.012177208045275	116.25643896042376	1.1218903127733502	0.6320099095065619	0.15681552879890617
9.026280740452233	115.86475451947607	1.1263645779722649	0.6311195867299666	0.15708150691389666
9.040384272859189	115.47312236304481	1.1308477693269328	0.6302291231414804	0.15734835313424372
9.054487805266145	115.08154447312339	1.1353398775729686	0.6293385224237029	0.15761607035015002
9.068591337673102	114.69002283170522	1.1398408934459865	0.6284477882363251	0.15788466146366226
9.082694870080056	114.29855942078375	1.1443508076816	0.627556924216307	0.15815412938872195
9.096798402487014	113.90715622161625	1.1488696110570582	0.6266659339645249	0.15842447705111962
9.11090193489397	113.51581520498952	1.1533972946604651	0.6257748209586989	0.15869570738783992
9.125005467300927	113.1245383352551	1.1579338490545938	0.6248835888252323	0.15896782334901471
9.139108999707883	112.73332757000234	1.1624792644488655	0.623992241282436	0.15924082789758304
9.15321253211484	112.3421848693024	1.1670335315657006	0.6231007818600278	0.15951472400728592
9.167316064521797	111.95111219745863	1.171596641155637	0.6222092140569379	0.1597895146640973
9.181419596928754	111.56425348433645	1.1761686209928501	0.6213175294303654	0.1600622788508425
9.19552312933571	111.1863398717138	1.180749528388625	0.6204257100940432	0.1603296353781613
9.209626661742666	110.80847797101646	1.1853394246136697	0.6195337370003848	0.16059784990452436
9.223730194149624	110.43066954356905	1.189938300586985	0.6186416137650297	0.16086692521437837
9.23783372655658	110.05291627616204	1.1945461481123512	0.6177493436984098	0.16113686412912712
9.251937258963537	109.67522002585973	1.1991629581408927	0.6168569303632034	0.16140766948194685
9.266040791370493	109.29758258790218	1.2037887218673715	0.6159643772226724	0.16167934411755883
9.28014432377745	108.92000592956677	1.2084234295912626	0.6150716880042073	0.16195189089204112
9.294247856184407	108.54249185391119	1.2130670722633474	0.6141788662054242	0.16222531267319473
9.308351388591364	108.16504220262631	1.2177196406365833	0.6132859153655643	0.16249961234037172
9.32245492099832	107.78765888627461	1.2223811253170258	0.6123928390490334	0.16277479278435805
9.336558453405276	107.41034361139982	1.227051517378292	0.6114996406506636	0.16305085690771554
9.350661985812232	107.03309824803443	1.231730807528009	0.6106063236605082	0.16332780762472723
9.36476551821919	106.65592462954734	1.2364189863697463	0.6097128915804425	0.16360564786139184
9.378869050626147	106.27882451031302	1.2411160446436509	0.6088193478482309	0.16388438055551424
9.392972583033103	105.90179973826731	1.2458219731312052	0.6079256958679821	0.1641640086568414
9.40707611544006	105.52485208435965	1.2505367622250159	0.6070319391455903	0.16444453512715207
9.421179647847017	105.14798335452049	1.255260402643777	0.6061380810636405	0.16472596294003602
9.435283180253974	104.77119533771224	1.259992884821981	0.6052441250735328	0.1650082950811464
9.44938671266093	104.39448978412932	1.264734198792676	0.6043500747316476	0.16529153454832377
9.463490245067886	104.01786850235531	1.2694843352828196	0.6034559333564103	0.16557568435139028
9.477593777474842	103.64133330238118	1.2742432850356935	0.6025617042414027	0.16586074751233684
9.4916973098818	103.26488599419787	1.2790110387945797	0.6016673906606311	0.16614672706537853
9.505800842288757	102.8885283345343	1.2837875867080242	0.6007729960536193	0.166433626056972
9.519904374695713	102.5122620123041	1.2885729181591794	0.5998785240771762	0.16672144754587995
9.53400790710267	102.13608883570987	1.293367023855832	0.5989839779557615	0.16701019460334332
9.548111439509626	101.76001061787251	1.2981698945605444	0.5980893608778254	0.16729987031304117
9.562214971916584	101.3840291666418	1.3029815209824054	0.5971946760295377	0.16759047777108774
9.57631850432354	101.00814613316524	1.3078018922333543	0.5962999270713167	0.1678820200846493
9.590422036730496	100.63236324479418	1.3126309981786657	0.5954051174098463	0.16817450037444387
9.60452556913745	100.25668230195376	1.3174688294217969	0.5945102502046031	0.16846792177459954
9.618629101544409	99.88110510506911	1.3223153765662072	0.5936153285965329	0.16876228743194846
9.632732633951365	99.50563340376478	1.327170629762795	0.5927203558470675	0.169057600506651
9.646836166358321	99.13026881665951	1.3320345779759966	0.5918253355621323	0.16935386417270584
9.660939698765278	98.75501311116236	1.3369072114734033	0.5909302709278552	0.16965108161479622
9.675043231172234	98.37986806864572	1.341788520646143	0.5900351650740405	0.16994925603034733
9.689146763579192	98.00483546937937	1.3466784958760767	0.589140021115097	0.17024839062975955
9.703250295986148	97.62991695047056	1.3515771263405263	0.5882448425142868	0.1705484886367932
9.717353828393104	97.25511418113989	1.3564844014831219	0.5873496326337533	0.17084955328872875
9.73145736080006	96.88042892673367	1.3614003115547835	0.5864543945709233	0.17115158783596415
9.745560893207017	96.50586295259825	1.3663248468064315	0.5855591314052934	0.17145459554210085
9.759664425613975	96.13141798806096	1.3712579972016519	0.5846638462855892	0.17175857968394762
9.773767958020931	95.7570956056432	1.3761997514467967	0.5837685427226125	0.1720635435513616
9.787871490427888	95.38289752737462	1.3811500994317494	0.5828732238494865	0.17236949044773509
9.801975022834844	95.00882550111201	1.3861090312518545	0.5819778927193391	0.17267642368992586
9.816078555241802	94.63488127471211	1.3910765370024574	0.5810825523677522	0.17298434660828071
9.830182087648758	94.26106651971045	1.3960526062385206	0.5801872059753864	0.173293262546899
9.844285620055715	93.8873828534124	1.4010372280960477	0.5792918568304823	0.17360317486347956
9.85838915246267	93.5138319496975	1.4060303920931156	0.5783965080878974	0.17391408692915308
9.872492684869627	93.14041548246871	1.4110320877479634	0.5775011628844127	0.17422600212877334
9.886596217276585	92.76713512562893	1.4160423045788317	0.5766058243389101	0.17453892386097675
9.900699749683541	92.39399255308118	1.421061032103958	0.575710495552501	0.17485285553824179
9.914803282090498	92.02098943872838	1.4260882598415827	0.5748151796086509	0.1751678005869491
9.928906814497454	91.64812745647347	1.4311239773099453	0.5739198795733061	0.17548376244744135
9.94301034690441	91.27540828021941	1.436168174027285	0.5730245984950175	0.17580074457408384
9.957113879311368	90.90283356545498	1.4412208395082389	0.5721293394061331	0.17611875043498432
9.971217411718325	90.53040493166901	1.446281963092421	0.571234105373732	0.17643778351219183
9.98532094412528	90.15812401070269	1.4513515340015029	0.5703388994824818	0.17675784730252297
9.999424476532237	89.78599243470848	1.4564295414563615	0.5694437247998817	0.17707894531706964
10.013528008939195	89.41401183583875	1.4615159746778745	0.5685485843761491	0.17740108108125316
10.027631541346151	89.04218384624605	1.4666108228869175	0.5676534812443417	0.17772425813488632
10.041735073753108	88.67051009808273	1.4717140753043685	0.5667584184204775	0.17804848003223592
10.055838606160064	88.29899222350123	1.4768257211511038	0.5658633989036539	0.17837375034208558
10.06994213856702	87.92763185465401	1.4819457496480009	0.5649684256761673	0.17870007264779866
10.084045670973978	87.5564307393872	1.4870741510366996	0.5640735014043993	0.17902745054623337
10.098149203380935	87.1958032871748	1.492210995560966	0.5631786053204664	0.17934665468085242
10.11225273578789	86.83768431221034	1.4973563778893768	0.5622837096323359	0.17966476613405064
10.126356268194847	86.47970102722229	1.5025103063787273	0.5613888118988474	0.1799838869683238
10.140459800601802	86.1218548729818	1.5076727717034129	0.5604939148470693	0.18030402057139044
10.15456333300876	85.76414736594855	1.5128437637732084	0.5595990214115071	0.18062517033475095
10.168666865415716	85.40657989862623	1.5180232731499297	0.5587041343208343	0.18094733965857593
10.182770397822672	85.04915399800196	1.523211289580934	0.5578092565250462	0.1812705319592261
10.196873930229629	84.69187113245121	1.5284078029648747	0.5569143909139568	0.18159475066190792
10.210977462636587	84.3347328526276	1.5336128028109193	0.5560195404741699	0.18191999920954371
10.225080995043543	83.97774084134609	1.5388262774887715	0.5551247085052309	0.18224628105652385
10.2391845274505	83.62089657030029	1.5440482168912626	0.5542298978487763	0.1825735996717677
10.253288059857455	83.26420157900037	1.5492786102447573	0.5533351115229528	0.1829019585373144
10.267391592264412	82.90765728685399	1.5545174474916175	0.5524403523231821	0.18323136115001637
10.28149512467137	82.55126510465544	1.5597647185426404	0.551545623038623	0.18356181102032898
10.295598657078326	82.1950266198672	1.565020412526947	0.5506509266675859	0.18389331167293319
10.309702189485282	81.83894339304366	1.5702845186494807	0.5497562661702344	0.18422586664673776
10.323805721892239	81.48301677650558	1.575557026744551	0.5488616443103469	0.18455947949530532
10.337909254299195	81.1272482782332	1.5808379262841943	0.547967063940209	0.1848941537860067
10.352012786706153	80.77163943946363	1.5861272066069885	0.5470725279346735	0.18522989310041785
10.36611631911311	80.41619164397281	1.5914248570758718	0.5461780391460004	0.18556670103446016
10.380219851520065	80.06090636607308	1.5967308671810756	0.5452836003746975	0.1859045811988211
10.394323383927022	79.70578511237649	1.6020452264060288	0.5443892144080082	0.18624353721883088
10.40842691633398	79.35082929925004	1.6073679239234764	0.5434948841063059	0.18658357273490278
10.422530448740936	78.9960403849289	1.6126989491390804	0.5426006122484198	0.18692469140150747
10.436633981147892	78.64141984788054	1.618038291537878	0.5417064015756774	0.18726689688762435
10.450737513554849	78.28696909225428	1.6233859402134974	0.5408122549253205	0.187610192877088
10.464841045961805	77.93268956505464	1.6287418844843007	0.5399181750558143	0.1879545830688124
10.478944578368763	77.57858273644202	1.6341061137903903	0.5390241646764309	0.18830007117665912
10.49304811077572	77.22465000308948	1.6394786171851004	0.5381302265908354	0.18864666092939356
10.507151643182675	76.8708927966562	1.6448593839062504	0.5372363635357372	0.18899435607077936
10.521255175589632	76.51731257686511	1.6502484033405953	0.5363425781913266	0.18934316035969528
10.535358707996588	76.16391075276718	1.6556456646448439	0.5354488732879895	0.1896930775702344
10.549462240403546	75.81068872343604	1.6610511569053286	0.5345552515612313	0.19004411149172315
10.563565772810502	75.45764790242252	1.6664648692668587	0.5336617157155842	0.19039626592877368
10.577669305217459	75.10478970327726	1.6718867908742459	0.5327682684411561	0.19074954470136568
10.591772837624415	74.752115539551	1.6773169108723012	0.531874912413727	0.19110395164491265
10.605876370031373	74.39962682465794	1.6827552184061516	0.5309816502947555	0.19145949061032544
10.61997990243833	74.04732495389302	1.6882017026246294	0.5300884847305312	0.1918161654638118
10.634083434845286	73.69521130899751	1.693656352585656	0.5291954183785768	0.19217398008730702
10.648186967252242	73.34328727643873	1.6991191573120792	0.5283024538920719	0.19253293837862653
10.662290499659196	72.99155424268395	1.7045901058267474	0.5274095939101583	0.19289304425135567
10.676394032066154	72.64001359420044	1.7100691871525096	0.5265168410580323	0.19325430163491808
10.69049756447311	72.28866671744905	1.7155563903122404	0.52562419794703	0.19361671447464399
10.704601096880067	71.93751498389298	1.7210517043572946	0.5247316671668604	0.19398028673182535
10.718704629287023	71.58655974856931	1.726555118272969	0.5238392513118203	0.1943450223837423
10.73280816169398	71.23580237179583	1.7320666209894475	0.5229469529777506	0.1947109254237749
10.746911694100937	70.88524421389029	1.7375862014369132	0.5220547747468651	0.19507799986148677
10.761015226507894	70.53488663517061	1.743113848545548	0.521162719187841	0.19544624972269498
10.77511875891485	70.18473099595452	1.748649551245535	0.5202707888559066	0.19581567904954114
10.789222291321806	69.83477865409155	1.7541932985579154	0.5193789862680361	0.19618629190076753
10.803325823728764	69.48503094980654	1.7597450794770022	0.5184873139353738	0.19655809235165372
10.81742935613572	69.13548921632494	1.7653048828514386	0.5175957743957748	0.19693108449376548
10.831532888542677	68.78615478686537	1.7708726975294138	0.5167043701740006	0.19730527243527746
10.845636420949633	68.43702899464647	1.7764485123591163	0.5158131037816798	0.19768066030104642
10.85973995335659	68.08811317288693	1.7820323161887348	0.5149219777173941	0.19805725223268353
10.873843485763548	67.7394086557414	1.787624097941065	0.51403099444648	0.19843505238859888
10.887947018170504	67.39091676478424	1.7932238465684363	0.5131401564134818	0.1988140649441223
10.90205055057746	67.04263881007067	1.7988315508765438	0.5122494660900538	0.1991942940916376
10.916154082984416	66.6945761015388	1.8044471996685718	0.5113589259357574	0.19957574404057837
10.930257615391374	66.34672994912668	1.8100707817477055	0.5104685383974588	0.19995841901750125
10.94436114779833	65.99910166277247	1.815702285917128	0.5095783059094117	0.20034232326616047
10.958464680205287	65.65169254994642	1.821341701035856	0.5086882308782779	0.2007274610472576
10.972568212612243	65.30450390737916	1.8269890160290723	0.5077983156805195	0.20111383663837337
10.9866717450192	64.95753702175112	1.832644219552052	0.5069085627530174	0.2015014543358634
11.000775277426158	64.61883463359506	1.8383074080277102	0.5060189455613585	0.20188128811787656
11.014878809833114	64.28466442632296	1.8439786288627853	0.5051294508615529	0.20225744055872902
11.02898234224007	63.950688881143584	1.8496579413381564	0.5042400622947545	0.2026347771081849
11.043085874647026	63.61690910058343	1.855345336542451	0.50335078183977	0.2030133018077294
11.057189407053983	63.283326270602366	1.8610408042698605	0.5024616118113705	0.20339301868881848
11.07129293946094	62.949941596837476	1.8667443340073624	0.501572554594559	0.2037739317951067
11.085396471867897	62.6167562224014	1.8724559157995897	0.5006836124134945	0.20415604518667457
11.099500004274853	62.283771385421346	1.8781755387572074	0.49979478772977093	0.20453936293782396
11.11360353668181	61.950988379362265	1.8839031915029734	0.4989060831222637	0.2049238891406719
11.127707069088768	61.61840845563702	1.8896388629948686	0.4980175010677219	0.205309627902828
11.141810601495724	61.28603282517143	1.8953825424181954	0.49712904397004276	0.20569658334823218
11.15591413390268	60.95386264651448	1.9011342193451513	0.49624071411844883	0.2060847596176024
11.170017666309636	60.6218990643045	1.9068938834124334	0.49535251377353084	0.2064741608680569
11.184121198716593	60.290143352890865	1.9126615234029438	0.4944644454101441	0.20686479127333948
11.198224731123549	59.95859670660959	1.9184371285041764	0.4935765113838727	0.2072566550240401
11.212328263530505	59.62726024733928	1.924220688331444	0.4926887139256564	0.2076497563275891
11.226431795937462	59.296135214968515	1.930012191946775	0.491801055400912	0.20804409940798368
11.240535328344418	58.96522276339601	1.9358116285941511	0.4909135381153338	0.20843968850608538
11.254638860751374	58.63452404379078	1.9416189876055554	0.49002616433994495	0.20883652787986348
11.268742393158332	58.304040264510114	1.9474342582115405	0.4891389363610069	0.20923462180443878
11.282845925565288	57.9737725646196	1.9532574295820126	0.4882518564692391	0.20963397457229294
11.296949457972245	57.64372210976377	1.9590884909674122	0.48736492692284816	0.2100345904928382
11.311052990379201	57.31389008014784	1.9649274316336074	0.48647814996474636	0.2104364738926498
11.325156522786159	56.984277595889225	1.970774240721021	0.4855915278594165	0.21083962911578763
11.339260055193115	56.65488582523033	1.976628907467136	0.4847050628347723	0.21124406052376093
11.353363587600072	56.32571592881239	1.9824914210958742	0.48381875711118816	0.2116497724955585
11.367467120007028	55.996769017479906	1.9883617707334256	0.48293261292343415	0.21205676942771354
11.381570652413984	55.66804625623455	1.994239945610666	0.4820466324680137	0.2124650557344435
11.395674184820942	55.33954879229043	2.000125934937987	0.48116081793587095	0.2128746358477247
11.409777717227898	55.0112777337674	2.0060197278602523	0.48027517152409316	0.2132855142173448
11.423881249634855	54.6832342075288	2.011921313537085	0.47938969541509935	0.21369769531091987
11.437984782041811	54.35541934084363	2.017830681128571	0.4785043917804248	0.21411118361402404
11.452088314448767	54.02783426098091	2.023747819794797	0.47761926278090727	0.21452598363026734
11.466191846855725	53.70048009462344	2.0296727186984396	0.4767343105660856	0.2149420998813685
11.480295379262682	53.373357951305465	2.0356053670406116	0.47584953726503854	0.21535953690714296
11.494398911669638	53.046468931991434	2.041545753971131	0.4749649450095871	0.21577829926574468
11.508502444076594	52.719814139805756	2.0474938686179383	0.47408053592672217	0.21619839153371748
11.522605976483552	52.39339467787279	2.053449700108976	0.47319631213301994	0.21661981830603455
11.536709508890509	52.06721164931704	2.059413237572184	0.4723122757347076	0.21704258419617814
11.550813041297465	51.74126615300638	2.0653844701549984	0.4714284288227356	0.21746669383620104
11.564916573704421	51.415559267883125	2.0713633870416226	0.4705447734684577	0.21789215187676483
11.579020106111377	51.090092073718914	2.077349977352084	0.4696613117495183	0.2183189629873141
11.593123638518335	50.764865650892155	2.0833442302015333	0.4687780457346965	0.21874713185612868
11.607227170925292	50.439881079781394	2.089346134705118	0.46789497748271613	0.21917666319040155
11.621330703332248	50.11513944077192	2.0953556799783777	0.4670121090422086	0.21960756171632193
11.635434235739204	49.79064181111431	2.10137285521558	0.46612944243187016	0.22003983217934434
11.64953776814616	49.46638925200864	2.1073976495881515	0.46524697966641815	0.22047347934403475
11.663641300553119	49.142382820216085	2.1134300522065823	0.4643647227662684	0.22090850799405987
11.677744832960075	48.81862357249799	2.1194700521813608	0.46348267374207697	0.22134492293241365
11.691848365367031	48.49511256561556	2.1255176386229784	0.46260083459479784	0.2217827289815015
11.705951897773987	48.17185085700363	2.131572800656752	0.46171920731199767	0.22222193098323237
11.720055430180945	47.84883950047916	2.1376355274959598	0.4608377938494903	0.22266253379916243
11.7341589625879	47.52607953421938	2.143705808282092	0.4599565961717714	0.22310454231050947
11.748262494994856	47.20357199466256	2.1497836321394095	0.4590756162382388	0.22354796141823674
11.762366027401812	46.88131791824703	2.1558689881921698	0.4581948559988931	0.22399279604314545
11.776469559808769	46.559318341411085	2.1619618655646327	0.4573143173943933	0.22443905112596077
11.790573092215727	46.23757429847874	2.1680622534127454	0.45643400234816867	0.22488673162731634
11.804676624622683	45.91608681087818	2.174170140920428	0.45555391276745116	0.22533584252788075
11.81878015702964	45.594856895187256	2.180285517229417	0.4546740505609199	0.225786388828665
11.832883689436596	45.27388556797546	2.18640837148089	0.45379441762829453	0.22623837555095627
11.846987221843552	44.953173845812294	2.192538692816024	0.45291501586024785	0.2266918077364039
11.86109075425051	44.632722746831135	2.1986764703786714	0.45203584713779354	0.2271466904470986
11.875194286657466	44.31253329851571	2.204821693361131	0.45115691332094987	0.2276030287654848
11.889297819064423	43.99260647155318	2.2109743509345026	0.45027821626618014	0.2280608277947257
11.903401351471379	43.672943252184865	2.2171344322404054	0.4493997578284703	0.2285200926588431
11.917504883878337	43.359195932520485	2.2233019729254266	0.4485215283187105	0.22897266208294978
11.931608416285293	43.05186022375292	2.229477129353822	0.44764348818560706	0.2294177225789741
11.94571194869225	42.74475842003623	2.2356599436072617	0.4467656263449139	0.22986417610090024
11.959815481099206	42.437891458074	2.2418504050880723	0.4458879447852786	0.23031202738718737
11.973919013506162	42.13126021701774	2.24804850427611	0.44501044521996336	0.2307612812198551
11.98802254591312	41.82486565808548	2.2542542307117643	0.4441331295858265	0.2312119423984975
12.002126078320076	41.518708675523364	2.2604675746322753	0.4432559996389914	0.23166401574438356
12.016229610727033	41.21279006372548	2.266688527337816	0.4423790568658479	0.23211750609707674
12.030333143133989	40.90711090189532	2.2729170769892115	0.4415023035172111	0.23257241831604178
12.044436675540945	40.60167196542642	2.2791532150553504	0.44062574102145347	0.23302875727899522
12.058540207947903	40.29647427473583	2.2853969302737593	0.4397493714698414	0.23348652788334637
12.07264374035486	39.99151880734324	2.2916482118204793	0.43887319683649484	0.23394573504626917
12.086747272761816	39.686806566303076	2.2979070485681055	0.4379972191605348	0.23440638370424735
12.100850805168772	39.382338430293515	2.3041734306528645	0.43712144016288723	0.23486847881396666
12.11495433757573	39.07811535941981	2.31044734736939	0.4362458617618148	0.2353320253515213
12.129057869982686	38.77413822157405	2.3167287888745687	0.4353704856565117	0.23579702831287125
12.143161402389643	38.47040794320451	2.323017744782495	0.43449531367041216	0.23626349271391367
12.157264934796599	38.16692539435983	2.329314205139574	0.433620347513372	0.2367314235903212
12.171368467203555	37.863691469644614	2.3356181598045582	0.43274558893289716	0.23720082599800188
12.185471999610513	37.56070708715201	2.341929598335517	0.4318710397413459	0.23767170501303986
12.19957553201747	37.257973129350674	2.348248510619072	0.43099670166308446	0.23814406573171681
12.213679064424426	36.95549050890071	2.354574886197856	0.4301225764977694	0.23861791327085471
12.227782596831382	36.65326010419921	2.360908714948849	0.4292486659559265	0.23909325276748544
12.241886129238338	36.351282780656135	2.367249986826631	0.42837497172146	0.23957008937922372
12.255989661645295	36.049559446150795	2.37359869131766	0.4275014955834321	0.24004842828442627
12.27009319405225	35.74809100903689	2.379954817903234	0.4266282393239219	0.240528274682145
12.284196726459207	35.446878314909355	2.386318356683319	0.4257552045679488	0.2410096337919401
12.298300258866163	35.14592221902908	2.3926892975846292	0.42488239297472075	0.2414925108543429
12.312403791273121	34.84522361629763	2.3990676301136484	0.42400980629673646	0.24197691113104414
12.326507323680078	34.544783383190016	2.4054533439643007	0.42313744623352334	0.242462839904729
12.340610856087034	34.24460235226302	2.411846429227626	0.4222653143817138	0.24295030247908705
12.35471438849399	33.94468138309996	2.418246875673029	0.42139341240760697	0.2434393041791336
12.368817920900947	33.64502133717725	2.4246546730504206	0.42052174197456027	0.2439298503511927
12.382921453307905	33.345623070311625	2.4310698111433244	0.41965030473033005	0.24442194636279246
12.397024985714861	33.04648742369207	2.437492279820986	0.4187791022947327	0.24491559760311798
12.411128518121817	32.747615236796946	2.4439220689626056	0.4179081362778517	0.24541080948301225
12.425232050528773	32.4490073507193	2.4503591684214996	0.417037408288618	0.24590758743520713
12.43933558293573	32.15066460009323	2.4568035680540987	0.41616691992792576	0.24640593691414087
12.453439115342688	31.852587815501895	2.4632552577379307	0.4152966727844093	0.24690586339595455
12.467542647749644	31.554777831010004	2.4697142273341486	0.41442666844339693	0.24740737237874622
12.4816461801566	31.257235479085242	2.476180466690172	0.4135569084863042	0.24791046938271338
12.495749712563557	30.95996157383946	2.482653965717372	0.41268739447227853	0.24841515995036179
12.509853244970515	30.662956928452274	2.489134714330821	0.41181812795256156	0.24892144964647167
12.523956777377471	30.366222356103425	2.4956227024455897	0.41094911047140736	0.24942934405818798
12.538060309784427	30.069758669972522	2.502117919976752	0.41008034356612166	0.2499388487951174
12.552163842191383	29.773566683239224	2.5086203568393795	0.40921182876710094	0.2504499694894256
12.56626737459834	29.477647208382937	2.5151300029662216	0.40834356759371293	0.25096271179579555
12.580370907005298	29.18200104300004	2.5216468483214496	0.4074755615511291	0.2514770813916567
12.594474439412254	28.886628977838768	2.5281708828669087	0.40660781213832364	0.25199308397743264
12.60857797181921	28.59153180364715	2.534702096564449	0.4057403208475643	0.2525107252765004
12.622681504226167	28.296710311173243	2.5412404793759173	0.4048730891644491	0.25303001103528994
12.636785036633123	28.002165291165106	2.5477860212631622	0.404006118567944	0.25355094702338443
12.650888569040081	27.70789753425958	2.55433871219374	0.4031394105290862	0.25407353903360846
12.664992101447037	27.413907823009488	2.5608985422416555	0.4022729664875142	0.2545977928819398
12.679095633853994	27.120196926583684	2.567465501460393	0.4014067878812462	0.2551237144079324
12.69319916626095	26.826765612896942	2.5740395798752407	0.40054087614847467	0.2556513094747709
12.707302698667908	26.533614649864006	2.5806207675114865	0.39967523272100813	0.2561805839693005
12.721406231074864	26.24074480539972	2.587209054394418	0.3988098590243053	0.256711543802131
12.73550976348182	25.94815684741883	2.593804430549324	0.3979447564775104	0.2572441949077399
12.749613295888777	25.65585154255346	2.6004068860335954	0.39707992648604495	0.25777854324455535
12.763716828295733	25.363829643296512	2.6070164110446212	0.39621537041669563	0.25831459479499713
12.777820360702691	25.072091893975454	2.613632995704809	0.3953510896475608	0.2588523555657272
12.791923893109646	24.780639038874668	2.620256630123449	0.39448708555369294	0.25939183158770307
12.806027425516602	24.48947182227841	2.626887304409834	0.3936233595040858	0.25993302891627496
12.820130957923558	24.198590988470986	2.6335250086732565	0.39275991286170975	0.2604759536312924
12.834234490330516	23.90799728173666	2.6401697330230074	0.39189674698354393	0.2610206118372112
12.848338022737472	23.617691439382458	2.646821467631918	0.39103386320599054	0.26156700966293234
12.862441555144429	23.327674186144403	2.65348020274544	0.3901712628429006	0.26211515326202744
12.876545087551385	23.044239418698066	2.6601459842339934	0.3893089344325166	0.2626530813515682
12.890648619958341	22.76590989430522	2.6668190026387353	0.388446833387444	0.2631834720243526
12.9047521523653	22.487837583578358	2.673499285343901	0.3875849526893529	0.2637155161266538
12.918855684772256	22.210023132237946	2.680186823703428	0.3867232935949636	0.2642492193474868
12.932959217179212	21.932467236916626	2.686881608434993	0.38586185750094515	0.26478458740257504
12.947062749586168	21.655170581947043	2.6935836304172027	0.38500064576113713	0.2653216260321278
12.961166281993124	21.378133807944266	2.70029288109733	0.38413965959378926	0.2658603409982376
12.975269814400082	21.10135764512274	2.707009350711113	0.3832789004878715	0.26640073808629144
12.989373346807039	20.82484284449262	2.713733029157193	0.3824183700026019	0.26694282310422635
13.003476879213995	20.548590097764006	2.7204639071306866	0.38155806950937254	0.26748660188343737
13.017580411620951	20.272600106570895	2.7272019751243137	0.3806980004195921	0.26803208027852826
13.03168394402791	19.996873511484164	2.7339472243512137	0.3798381639751419	0.2685792641671735
13.045787476434866	19.72141101079938	2.740699645367249	0.37897856156146625	0.2691281594503726
13.059891008841822	19.446213284961257	2.7474592288460844	0.3781191945313611	0.26967877205235474
13.073994541248778	19.171280997142873	2.7542259656866954	0.3772600641808411	0.2702311079209619
13.088098073655734	18.896614824498265	2.760999846608828	0.3764011718408159	0.2707851730277768
13.102201606062692	18.622215414275246	2.76778086253643	0.37554251879039313	0.27134097336805346
13.116305138469649	18.348083449680434	2.7745690041923305	0.374684106348505	0.27189851496072687
13.130408670876605	18.074219602599964	2.781364262338005	0.3738259358197181	0.2724578038485883
13.144512203283561	17.800624498131626	2.788166627915593	0.3729680084623689	0.2730188460983064
13.158615735690518	17.527298809716143	2.79497609170444	0.3721103255659717	0.2735816478009208
13.172719268097476	17.254243212595505	2.801792644478428	0.37125288841574355	0.274146215071726
13.186822800504432	16.98145831668871	2.808616277251302	0.37039569823763396	0.2747125540503521
13.200926332911388	16.708944775204664	2.815446980869927	0.3695387562897222	0.2752806709007354
13.215029865318344	16.436703261444926	2.822284746106082	0.3686820638415138	0.27585057181131634
13.229133397725303	16.16473438762161	2.829129563990984	0.3678256220991276	0.27642226299529693
13.243236930132259	15.893038778066437	2.835981425497328	0.36696943227660805	0.27699575069060856
13.257340462539215	15.62161709689767	2.8428403214261664	0.36611349562110596	0.27757104115995485
13.271443994946171	15.350469969652204	2.8497062427557607	0.36525781333499874	0.2781481406910135
13.285547527353128	15.079597990457481	2.856579180605896	0.36440238658406887	0.27872705559656025
13.299651059760086	14.809001811820202	2.8634591258262394	0.36354721658919276	0.2793077922145275
13.31375459216704	14.538682074780713	2.8703460693241483	0.36269230455326373	0.2798903569081314
13.327858124573996	14.268639368213078	2.8772400022619653	0.361837651617529	0.28047475606598865
13.341961656980953	13.998874299977444	2.8841409157000197	0.3609832589410128	0.2810609961021998
13.356065189387909	13.729387481263203	2.8910488006816886	0.3601291276815952	0.2816490834564721
13.370168721794867	13.460179523259702	2.8979636482503524	0.35927525899227086	0.28223902459423134
13.384272254201823	13.191251037156409	2.9048854494493868	0.3584216540211743	0.28283082600673287
13.39837578660878	12.92260263398607	2.9118141953237022	0.35756831391126864	0.28342449421117
13.412479319015736	12.654234911887286	2.918749877018908	0.3567152397785148	0.28402003575062956
13.426582851422694	12.386148456973798	2.925692485723939	0.35586243272464657	0.2846174571944305
13.44068638382965	12.118343856922364	2.9326420125992043	0.35500989385304693	0.2852167651382591
13.454789916236606	11.850821699409646	2.9395984488051154	0.35415762426247244	0.28581796620419436
13.468893448643563	11.583582572112334	2.9465617855020843	0.35330562504707674	0.2864210670408213
13.482996981050519	11.316627062707123	2.9535320138505217	0.3524538972964363	0.2870260743233464
13.497100513457477	11.04995575737178	2.960509125039758	0.3516024420892393	0.28763299475375576
13.511204045864433	10.783569229996392	2.9674931103681814	0.35075126047580996	0.2882418350609588
13.52530757827139	10.517468048746263	2.9744839611080938	0.34990035350779236	0.28885260200069646
13.539411110678346	10.251652781776425	2.9814816685276946	0.34904972223334507	0.28946530235578477
13.553514643085302	9.986123997241904	2.9884862238951855	0.3481993676962629	0.29007994293624223
13.56761817549226	9.720882263297693	2.9954976184787667	0.3473492909360013	0.29069653057940764
13.581721707899217	9.455928146595662	3.0025158435895967	0.34649949297834803	0.29131507215010816
13.595825240306173	9.191262202495714	3.0095408906298404	0.3456499748250471	0.2919355745407925
13.609928772713129	8.926884981384175	3.016572750978114	0.3448007374788056	0.29255804467152946
13.624032305120087	8.662797033630396	3.0236114160123533	0.3439517819383259	0.2931824894901846
13.638135837527043	8.398998909603822	3.0306568771104923	0.34310310919817955	0.2938089159725419
13.652239369934	8.135491159673316	3.0377091256505366	0.34225472024881287	0.2944373311224249
13.666342902340956	7.872274330702856	3.044768153068306	0.3414066160640786	0.29506774197156593
13.680446434747912	7.609348957724101	3.0518339508699768	0.34055879759861063	0.29570015558002205
13.69454996715487	7.346715573277279	3.0589065105480358	0.33971126580606503	0.29633457903646987
13.708653499561827	7.084374709902718	3.06598582359497	0.3388640216361737	0.2969710194581161
13.722757031968783	6.822326900140649	3.073071881503267	0.338017066034764	0.297609483990823
13.736860564375739	6.560572677137982	3.080164675765084	0.3371703999438501	0.29824997980924
13.750964096782695	6.299112583215325	3.0872641979065114	0.33632402429428654	0.2988925141171107
13.765067629189653	6.037947134053562	3.094370439569885	0.33547793998814956	0.29953709414702734
13.77917116159661	5.777076835200032	3.1014833924188334	0.33463214791925344	0.3001837271606296
13.793274694003566	5.51650219220197	3.1086030481169886	0.33378664897775645	0.3008324204488411
13.807378226410522	5.256223710606648	3.1157293983279835	0.3329414440501799	0.30148318133199686
13.82148175881748	4.996241895961301	3.1228624347154486	0.3320965340194265	0.30213601715997124
13.835585291224437	4.736557253813269	3.130002148943015	0.3312519197647994	0.3027909353123068
13.849688823631391	4.477170289709788	3.137148532674314	0.3304076021620196	0.30344794319834434
13.863792356038347	4.218081509198127	3.144301577572977	0.3295635820832452	0.3041070482573527
13.877895888445304	3.9592914178255585	3.151461275302636	0.32871986039708834	0.30476825795865925
13.891999420852262	3.7008005211393185	3.158627617526923	0.32787643796863397	0.3054315798017817
13.906102953259218	3.4426094153479543	3.165800595404086	0.32703331576688877	0.30609702131677224
13.920206485666174	3.194117183476299	3.1729803380191686	0.32619046546699726	0.306740210300119
13.93431001807313	2.946799997302786	3.180167012450473	0.3253478507987513	0.3073830465857242
13.948413550480087	2.6997503622726846	3.1873606165616515	0.32450547150014875	0.3080278830847719
13.962517082887045	2.452968752391954	3.19456114268629	0.32366332848104507	0.30867472673122526
13.976620615294001	2.2064556540991886	3.2017685829259066	0.3228214226967049	0.3093235844855233
13.990724147700957	1.960211570190346	3.208982929088422	0.3219797551605753	0.30997446333554096
14.004827680107914	1.7142369716690642	3.216204173445203	0.32113832678419885	0.31062737029664833
14.018931212514872	1.4685323339617498	3.223432308202496	0.3202971384891812	0.31128231241191184
14.033034744921828	1.2230981307039712	3.2306673255564835	0.31945619119554314	0.31193929675228704
14.047138277328784	0.9779348350345226	3.2379092177106417	0.31861548581807597	0.3125983304165834
14.06124180973574	0.7330429098924796	3.245157976971216	0.31777502324629536	0.3132594205316637
14.075345342142697	0.48842282136728304	3.2524135955945264	0.31693480437663735	0.3139225742525648
14.089448874549655	0.24407503211643583	3.2596760658745905	0.3160948300940394	0.3145877987625929
14.103552406956611	-9.291178937331779e-15	3.266945380136154	0.31525510127345824	0.3152551012734583