0.00002	300.	3.3949803671543235e-17	0.9999999999949821	0.18347678379673735
0.010928898666656747	299.99903766953577	5.539566893091927e-9	0.9999985016445204	0.18347703071933288
0.021837797333313494	299.99615772951154	4.419479421990124e-8	0.9999940175685152	0.1834777696837779
0.032746695999970245	299.991360239632	1.490197309490347e-7	0.9999865478489444	0.1834790006925818
0.04365559466662699	299.9846452994379	3.5306639631632194e-7	0.9999760926232832	0.183480723749932
0.05456449333328374	299.9760130480581	6.893837917536568e-7	0.9999626520825592	0.18348293886169634
0.06547339199994047	299.96546366434916	1.1910168990434175e-6	0.9999462264719714	0.18348564603541
0.07638229066659723	299.95299736702503	1.891005638427273e-6	0.9999268160925284	0.18348884528026727
0.08729118933325397	299.93861441507624	2.8223837801522744e-6	0.9999044213030359	0.18349253660712733
0.09820008799991072	299.92231510690556	4.018178012199508e-6	0.9998790425160574	0.18349672002851591
0.10910898666656746	299.90409977223146	5.511409250300664e-6	0.9998506801355477	0.1835013955591155
0.12001788533322422	299.88396879726224	7.335084918088505e-6	0.9998193347509079	0.1835065632142801
0.13092678399988097	299.8619226138767	9.522200326319995e-6	0.9997850070285874	0.18351222301080483
0.1418356826665377	299.83796165716427	0.00001210574998840492	0.9997476974466213	0.18351837496923412
0.1527445813331945	299.8120864229696	0.00001511871082467059	0.999707406686961	0.1835250191103827
0.16365347999985122	299.78429746331295	0.000018594040647144344	0.9996641355948798	0.18353215545599502
0.17456237866650795	299.7545953379286	0.000022564694382290223	0.9996178848532217	0.1835397840313193
0.1854712773331647	299.7229806702591	0.000027063603081471736	0.9995686553647045	0.18354790486170422
0.19638017599982144	299.689454121184	0.00003212368208099205	0.9995164480680185	0.1835565179744215
0.2072890746664782	299.6540163687896	0.000037777839392153415	0.9994612638087134	0.18356562339971863
0.21819797333313495	299.61666816271435	0.00004405895029188598	0.9994031037067185	0.18357522116762315
0.22910687199979168	299.5774102720595	0.00005099988050478022	0.9993419687919125	0.18358531131096337
0.24001577066644844	299.5362435008006	0.00005863347820293572	0.9992778601231183	0.1835958938644867
0.2509246693331052	299.49316871757935	0.00006699255674979633	0.9992107789851015	0.1836069688631584
0.26183356799976193	299.44818680106516	0.00007610992381861846	0.9991407265127582	0.18361853634532463
0.27274246666641866	299.4012986845216	0.00008601835513569054	0.9990677040056665	0.18363059635012366
0.2836513653330754	299.352505348751	0.00009675059715869895	0.9989917128685065	0.18364314891785058
0.2945602639997321	299.30180778669506	0.00010833938866276883	0.9989127543749703	0.1836561940920434
0.3054691626663889	299.2492070596961	0.0001208174229552392	0.9988308300568053	0.18366973191621952
0.31637806133304563	299.19470425641106	0.00013421737425292193	0.9987459414128685	0.18368376243625173
0.3272869599997024	299.13830049104786	0.0001485718987622102	0.9986580899048533	0.1836982857004432
0.33819585866635915	299.07999694680274	0.00016391360128611236	0.9985672772551604	0.1837133017570187
0.3491047573330159	299.0197948197119	0.0001802750765834822	0.9984735050559532	0.18372881065741067
0.3600136559996726	298.95769535085833	0.00019768888374218624	0.9983767749993108	0.18374481245435742
0.37092255466632934	298.8936998372785	0.0002161875357485925	0.9982770889456617	0.18376130720125036
0.38183145333298607	298.82780958573665	0.0002358035374338039	0.9981744486059619	0.18377829495483664
0.39274035199964286	298.76002596557834	0.0002565693391424512	0.9980688559111792	0.18379577577209696
0.40364925066629964	298.69035038226707	0.00027851735830482954	0.9979603128245824	0.1838137497118547
0.41455814933295637	298.6187842587449	0.0003016799962068375	0.9978488212179111	0.1838322168358601
0.4254670479996131	298.54532908796153	0.0003260895873885322	0.997734383234679	0.18385117720565688
0.43637594666626983	298.4699863812373	0.0003517784483361291	0.9976170009263583	0.18387063088561237
0.44728484533292656	298.39275768514807	0.00037877886041519046	0.9974966763763963	0.18389057794190727
0.45819374399958335	298.3136446086965	0.00040712304015451894	0.9973734118881251	0.183911018440977
0.4691026426662401	298.2326487704357	0.00043684319380277615	0.9972472096154033	0.18393195245264105
0.48001154133289686	298.1497718430111	0.00046797146880643293	0.9971180718784164	0.18395338004744896
0.4909204399995536	298.06501554452893	0.0005005399619604463	0.9969860010961173	0.18397530129713127
0.5018293386662104	297.97838160548986	0.0005345807561727997	0.9968509995589265	0.1839977162765776
0.512738237332867	297.88987182351775	0.0005701258560356956	0.996713069813854	0.18402062506057487
0.5236471359995238	297.79948802163887	0.0006072072352583173	0.9965722143700069	0.1840440277263529
0.5345560346661806	297.7072320483419	0.0006458568364605636	0.9964284357035976	0.18406792435356006
0.5454649333328373	297.6131058189339	0.000686106518752147	0.9962817365453213	0.1840923150217193
0.5563738319994941	297.517111260986	0.0007279881256471259	0.9961321194945698	0.1841171998135073
0.5672827306661508	297.4192503469685	0.0007715334424977942	0.9959795872538664	0.18414257881276477
0.5781916293328075	297.31952510240865	0.0008167741834212404	0.9958241426859759	0.1841684521040791
0.5891005279994642	297.21793756217676	0.0008637420496798775	0.9956657885061176	0.18419481977540875
0.600009426666121	297.1144898221618	0.0009124686578151422	0.9955045276494433	0.1842216819149252
0.6109183253327779	297.0091840125772	0.0009629855758147693	0.9953403630763965	0.1842490386125762
0.6218272239994346	296.9020222814967	0.0010153243463095118	0.9951732976602201	0.18427688996109234
0.6327361226660914	296.7930068444708	0.0010695164124367793	0.9950033345408312	0.18430523605298807
0.643645021332748	296.68213993375355	0.0011255931917809226	0.9948304767626353	0.18433407698369467
0.6545539199994048	296.5694238162235	0.0011835860489392623	0.9946547274063818	0.18436341285044677
0.6654628186660615	296.45486081854364	0.0012435262554999502	0.9944760897639697	0.1843932437506562
0.6763717173327183	296.33845327668786	0.0013054450684731888	0.9942945669786358	0.18442356978503155
0.687280615999375	296.2202035797659	0.0013693736594714988	0.994110162361358	0.18445439105485115
0.6981895146660317	296.1001141591348	0.001435343129971411	0.9939228793131335	0.1844857076627143
0.7090984133326885	295.9781874581816	0.001503384561200657	0.9937327211100864	0.18451751971438982
0.7200073119993452	295.85442598496695	0.001573528924348505	0.9935396912815689	0.18454982731549743
0.7309162106660021	295.72883227063863	0.0016458071508582265	0.9933437933069781	0.18458263057405952
0.7418251093326588	295.60140884321083	0.0017202501813589606	0.9931450304244416	0.18461592960214301
0.7527340079993156	295.47215834410304	0.0017968887492314648	0.9929434064982631	0.18464972450860215
0.7636429066659722	295.34108345260455	0.001875753517191968	0.9927389254454784	0.18468401540381707
0.774551805332629	295.2081868480045	0.0019568751479567023	0.992531590962451	0.18471880240204644
0.7854607039992857	295.0734712095921	0.0020402843042418967	0.9923214065401961	0.18475408562142703
0.7963696026659425	294.9369392338511	0.0021260116190275243	0.9921083755888244	0.18478986518278454
0.8072785013325993	294.7985937369701	0.0022140874984739466	0.9918925021646838	0.18482614120302152
0.8181873999992559	294.658437583088	0.002304542246644105	0.9916737904766626	0.18486291380005535
0.8290962986659127	294.5164736362768	0.002397406167258509	0.9914522445133549	0.18490018309568534
0.8400051973325694	294.3727047606082	0.002492709564037663	0.99122786805616	0.18493794921557632
0.8509140959992262	294.2271338365301	0.002590482706856785	0.9910006648101425	0.18497621228843786
0.861822994665883	294.0797638545079	0.0026907556344725153	0.9907706390855154	0.18501497243992593
0.8727318933325398	293.9305978501432	0.0027935582895908286	0.9905377953023247	0.1850542297962517
0.8836407919991965	293.7796388591687	0.002898920614622945	0.9903021376633331	0.1850939844874646
0.8945496906658532	293.62688991731704	0.003006872551980084	0.9900636701662952	0.18513423664746678
0.90545858933251	293.47235408727715	0.003117443991120403	0.9898223967891843	0.18517498641191318
0.9163674879991667	293.31603454394934	0.0032306645681560416	0.9895783221378097	0.1852162339129825
0.9272763866658235	293.1579344913695	0.0033465638440920305	0.9893314508406763	0.18525797928519463
0.9381852853324801	292.998057133573	0.0034651713799274354	0.9890817873110332	0.1853002226669097
0.9490941839991369	292.836405674652	0.0035865167366571937	0.9888293357592385	0.18534296420031587
0.9600030826657937	292.6729833602561	0.0037106293953415724	0.9885741004504118	0.18538620402743872
0.9709119813324504	292.5077935459136	0.0038375385710794677	0.9883160862677424	0.1854299422867031
0.9818208799991073	292.3408396046826	0.003967273424053415	0.9880552980427353	0.18547417911989314
0.992729778665764	292.17212490962163	0.004099863114445946	0.9877917403945266	0.1855189146726177
1.0036386773324206	292.00165283392397	0.004235336802017189	0.9875254177426682	0.18556414909432134
1.0145475759990774	291.82942679534676	0.004373723531724724	0.9872563346511264	0.18560988253568406
1.025456474665734	291.655450318192	0.004515052081153638	0.9869844962604123	0.18565611514313218
1.0363653733323908	291.47972694223296	0.004659351190053634	0.9867099076025185	0.18570284706546783
1.0472742719990478	291.3022602072428	0.004806649598174409	0.9864325734997753	0.1857500784553015
1.0581831706657046	291.12305365286284	0.004956976043246445	0.9861524985812982	0.18579780946926225
1.0690920693323613	290.94211086301084	0.005110359108817108	0.9858696877135844	0.18584604026742238
1.080000967999018	290.75943552180183	0.005266827119577657	0.9855841462750248	0.18589477100520496
1.0909098666656747	290.5750313257914	0.005426408375554919	0.9852958794957123	0.18594400184014495
1.1018187653323315	290.3889019715352	0.005589131176775718	0.9850048923986116	0.18599373293357024
1.1127276639989883	290.201051157598	0.005755023817722142	0.9847111898244417	0.18604396445049692
1.1236365626656448	290.01148264769404	0.005924114397277181	0.9844147769405203	0.18609469655583352
1.1345454613323016	289.8202002832737	0.0060964307724534995	0.9841156593456222	0.1861459294133327
1.1454543599989584	289.6272079103369	0.006272000785363778	0.9838138424636917	0.18619766319021167
1.1563632586656152	289.43250937488324	0.006450852278120701	0.9835093315139998	0.18624989805746536
1.167272157332272	289.23610853215104	0.0066330130807373275	0.983202131551349	0.18630263418827522
1.1781810559989285	289.0380093346866	0.00681851078498087	0.9828922480410934	0.1863558717489606
1.1890899546655853	288.8382157838085	0.007007372765740487	0.9825796867871851	0.18640961090965305
1.199998853332242	288.63673188016617	0.007199626390063778	0.982264453401844	0.18646385184484096
1.2109077519988989	288.43356162440875	0.007395299024998345	0.9819465532950508	0.18651859473277174
1.2218166506655557	288.2287090297164	0.007594418014317219	0.9816259917398868	0.1865738397536276
1.2327255493322122	288.0221782116369	0.007797010421382866	0.9813027744952029	0.18662958708075525
1.243634447998869	287.8139733324044	0.008003103124462233	0.9809769075577535	0.18668583688914164
1.2545433466655258	287.6040985542345	0.008212722998578741	0.9806483967233567	0.18674258935767
1.2654522453321826	287.392558039343	0.008425896918755815	0.9803172475879777	0.18679984466895963
1.2763611439988392	287.17935595165636	0.008642651719765006	0.9799834656494937	0.18685760301125712
1.287270042665496	286.9644965378842	0.00886301391868835	0.9796470569489554	0.18691586457194775
1.298178941332153	286.747984109567	0.009087009882235764	0.9793080276667674	0.1869746295327331
1.3090878399988097	286.52982297915827	0.009314665976233262	0.9789663837793201	0.18703389807882534
1.3199967386654665	286.3100174591114	0.009546008566506873	0.9786221310654402	0.18709367039915073
1.330905637332123	286.08857186005065	0.009781063955633896	0.9782752752549689	0.18715394669023985
1.3418145359987799	285.8654905697928	0.010019858100770072	0.9779258226523931	0.18721472714936735
1.3527234346654367	285.640778027923	0.010262416842054117	0.9775737796145462	0.18727601196938928
1.3636323333320934	285.4144386741917	0.010508766019538268	0.9772191522950334	0.18733780134682007
1.37454123199875	285.18647694836534	0.010758931473278287	0.976861946652103	0.1874000954818682
1.3854501306654068	284.95689732721524	0.011012938950244454	0.9765021686549568	0.18746289457331913
1.3963590293320636	284.72570436854267	0.01127081383666941	0.9761398248499388	0.1875261988190996
1.4072679279987204	284.49290263648237	0.011532581431797351	0.9757749217631346	0.18759000842296125
1.4181768266653771	284.258496695169	0.011798267034872485	0.9754074657198303	0.1876543235923383
1.4290857253320337	284.0224911096802	0.01206789594496225	0.975037462852541	0.1877191445381104
1.4399946239986905	283.7848905281414	0.012341493329006692	0.9746649193791874	0.18778447145895422
1.4509035226653473	283.5456996739163	0.01261908399255097	0.9742898420669945	0.18785030455297225
1.461812421332004	283.3049232586871	0.012900692680159483	0.9739122376044982	0.18791664402749814
1.4727213199986606	283.06256599413587	0.013186344136396617	0.9735321124820586	0.18798349009352028
1.4836302186653174	282.818632592572	0.013476063104326844	0.973149473002134	0.1880508429655921
1.4945391173319742	282.57312781964623	0.01376987414695697	0.9727643256393106	0.18811870285544005
1.505448015998631	282.32605653389095	0.0140678014797079	0.9723766773630227	0.1881870699677913
1.5163569146652878	282.07742360311954	0.014369869278455192	0.9719865350192399	0.1882559445100244
1.5272658133319443	281.8272338951454	0.014676101719074396	0.9715939052583353	0.18832532669313795
1.5381747119986011	281.5754922715643	0.014986522972336247	0.9711987945518317	0.18839521673363502
1.5490836106652581	281.32220357830244	0.015301156976859038	0.9708012096319683	0.1884656148649967
1.559992509331915	281.0673727816815	0.015620027349069131	0.970401157653203	0.18853652130431797
1.5709014079985715	280.81100487108375	0.01594315768169054	0.969998645615864	0.18860793626697084
1.5818103066652283	280.5531048358914	0.016270571567447295	0.969593680327169	0.18867985997192369
1.592719205331885	280.2936776601207	0.016602292587371007	0.9691862684295403	0.18875229264366417
1.6036281039985418	280.0327283334969	0.01693834404013125	0.9687764169051527	0.1888252345191798
1.6145370026651986	279.77026192093996	0.01727874893487425	0.9683641330775681	0.18889868582892103
1.6254459013318552	279.50628349590414	0.017623530267621094	0.9679494240976145	0.18897264680504278
1.636354799998512	279.2407981318436	0.017972711034392887	0.9675322969254337	0.18904711768328597
1.6472636986651688	278.9738109261056	0.018326314209169282	0.9671127583763492	0.18912209869743846
1.6581725973318255	278.70532708729314	0.018684362437519315	0.9666908156718036	0.18919759006632908
1.6690814959984823	278.4353517974851	0.019046878113725494	0.9662664762894944	0.18927359202734886
1.6799903946651389	278.16389023249803	0.019413883625745695	0.9658397475240237	0.18935010482329515
1.6908992933317957	277.8909475681483	0.019785401361537825	0.9654106364817486	0.1894271287005304
1.7018081919984525	277.61652902657573	0.020161453670718636	0.964979150153413	0.18950466389784845
1.7127170906651092	277.3406399777984	0.020542062532365693	0.9645452959911893	0.18958271062947854
1.7236259893317658	277.06328575546576	0.020927249718624887	0.9641090816134842	0.18966126912900572
1.7345348879984226	276.78447168933565	0.021317036999421307	0.9636705144508332	0.1897403396346335
1.7454437866650794	276.50420310916604	0.021711446144680017	0.9632296017480109	0.18981992238808382
1.7563526853317362	276.22248533823256	0.022110498860837928	0.9627863506766545	0.18990001763820993
1.767261583998393	275.93932378194097	0.02251421644877663	0.9623407689096931	0.18998062562680934
1.7781704826650495	275.654723919436	0.022922620050053397	0.9618928641966297	0.19006174658371247
1.7890793813317065	275.36869123052384	0.023335730805854188	0.9614426440985708	0.19014338074205175
1.7999882799983633	275.0812311950108	0.02375356985736494	0.9609901159933253	0.1902255283384284
1.81089717866502	274.7923492072953	0.02417615824802141	0.9605352872404912	0.1903081896386953
1.8218060773316767	274.50205070138765	0.024603516594666825	0.9600781657155826	0.19039136491260936
1.8327149759983334	274.21034122961015	0.025035665397852333	0.9596187592941765	0.19047505440427923
1.8436238746649902	273.9172263443337	0.025472625158126837	0.9591570756654513	0.19055925836125495
1.854532773331647	273.6227115977799	0.025914416375980034	0.9586931223377599	0.1906439770345846
1.8654416719983038	273.32680252864344	0.026361059414027076	0.9582269068623064	0.1907292106862498
1.8763505706649604	273.0295046989822	0.026812574204992695	0.957758437291953	0.19081495958549496
1.8872594693316171	272.7308236876823	0.02726898059815281	0.9572877216240793	0.190901224002101
1.898168367998274	272.43076507362986	0.027730298442783317	0.9568147676722188	0.1909880042093073
1.9090772666649307	272.1293344414682	0.028196547587444238	0.9563395830724208	0.19107530048228166
1.9199861653315875	271.82653756077514	0.02866774769881956	0.9558621755672118	0.19116311305397785
1.930895063998244	271.5223801712976	0.029143918026027473	0.9553825533634139	0.19125144217773182
1.9418039626649009	271.2168679447497	0.029625077760068248	0.9549007245719034	0.19134028812978815
1.9527128613315576	270.9100065528455	0.030111246091942136	0.9544166971223096	0.19142965118981844
1.9636217599982144	270.60180167859517	0.03060244220948654	0.953930478772811	0.19151953163790994
1.974530658664871	270.29225919535025	0.03109868506614945	0.9534420774610415	0.1916099297104178
1.9854395573315278	269.9813849888352	0.0315999932262071	0.952951501529612	0.1917008456513603
1.9963484559981846	269.66918491260424	0.032106385217417405	0.9524587591928574	0.19179227971757093
2.0072573546648416	269.35566482021136	0.032617879567538276	0.9519638584865415	0.1918842321692284
2.0181662533314983	269.0408305464149	0.03313449479468254	0.9514668072868115	0.19197670327512553
2.0290751519981547	268.7246878549748	0.033656249120424746	0.9509676137324509	0.1920696933317744
2.0399840506648115	268.40724270389654	0.03418316042136448	0.9504662862880451	0.19216320259215586
2.0508929493314683	268.08850108627007	0.034715246554702935	0.949962833266044	0.19225723130333702
2.061801847998125	267.7684689951852	0.03525252537764132	0.9494572628029744	0.1923517797156641
2.072710746664782	267.44715236581885	0.03579501472611047	0.9489495828944047	0.19244684809905327
2.0836196453314386	267.1245569205728	0.03634273207992464	0.9484398018736888	0.1925424367908643
2.0945285439980954	266.80068861147396	0.03689569462404456	0.9479279283167068	0.1926385460730058
2.1054374426647517	266.47555342377115	0.03745391953454912	0.9474139706340723	0.19273517622165726
2.116346341331409	266.14915734271324	0.0380174239875172	0.946897937062986	0.19283232751628726
2.1272552399980653	265.82150636390884	0.03858622512333146	0.9463798357212857	0.19293000023768003
2.1381641386647225	265.49260648094054	0.03916033968289856	0.9458596751134285	0.19302819467677232
2.149073037331379	265.1624636331743	0.03973978415669528	0.9453374639156626	0.19312691114509806
2.1599819359980357	264.8310837570064	0.04032457503134814	0.9448132106342296	0.19322614995830484
2.170890834664693	264.4984727888332	0.04091472879348364	0.9442869236043929	0.19332591143536268
2.1817997333313492	264.16463687096376	0.04151026187910001	0.9437586110633074	0.1934261958426896
2.1927086319980065	263.82958243086523	0.04211119029795804	0.9432282816588331	0.1935270033767898
2.203617530664663	263.4933155496625	0.04271752984883889	0.9426959441506083	0.19362833433486326
2.2145264293313196	263.1558422971198	0.04332929632912066	0.9421616071275425	0.19373018902049285
2.2254353279979764	262.81716874300145	0.043946505536181395	0.9416252790101365	0.19383256774050947
2.236344226664633	262.47730096650434	0.044569173181708666	0.9410869681678585	0.19393547080281354
2.2472531253312895	262.13624519521767	0.045197314523848835	0.9405466834042604	0.1940388984818111
2.2581620239979467	261.79400773443314	0.04583094467151419	0.9400044335481352	0.19414285103557566
2.269070922664603	261.45059488961334	0.046470078733532205	0.9394602272586035	0.19424732872524755
2.2799798213312603	261.10601296576766	0.047114731818717406	0.9389140730290789	0.19435233181519895
2.2908887199979167	260.76026796616725	0.047764918901294064	0.938365979364868	0.19445786065732823
2.3017976186645734	260.4133659381693	0.04842065449159979	0.9378159552057848	0.1945639155979348
2.3127065173312302	260.06531318774375	0.04908195300018337	0.9372640094505182	0.19467049691568253
2.323615415997887	259.71611602086034	0.049748828837593545	0.9367101508306471	0.19477760489233797
2.334524314664544	259.3657807434885	0.05042129641394043	0.9361543879151002	0.1948852398127926
2.3454332133312006	259.01431364102217	0.05109936995998304	0.9355967293394312	0.19499340197295909
2.356342111997857	258.6617209383295	0.05178306325221362	0.9350371841491637	0.1951020916907855
2.367251010664514	258.3080088494287	0.052472389996295735	0.9344757613115315	0.19521130929012462
2.3781599093311705	257.95318358833805	0.05316736389789286	0.9339124696292332	0.19532105509797937
2.3890688079978277	257.5972513833574	0.05386799866083226	0.9333473177464613	0.19543132944059746
2.399977706664484	257.2402187293723	0.05457430776597354	0.9327803144248733	0.19554213257530195
2.410886605331141	256.8820920017699	0.055286304263812196	0.9322114687952314	0.19565346479701784
2.421795503997798	256.52287748392877	0.05600400115598317	0.9316407898834206	0.19576532642916
2.4327044026644544	256.1625814592279	0.05672741144412133	0.9310682865534278	0.1958777177982398
2.4436133013311117	255.80121022941043	0.05745654812426008	0.9304939675177322	0.19599063922869744
2.454522199997768	255.43877030543152	0.05819142391785132	0.9299178416646146	0.19610409098989046
2.465431098664425	255.07526816754054	0.058932051155707946	0.9293399181934222	0.19621807336410066
2.4763399973310816	254.7107102626255	0.05967844213903038	0.9287602061767498	0.19633258664609843
2.4872488959977384	254.34510303757426	0.06043060916901898	0.9281787145280251	0.19644763113362906
2.4981577946643947	253.97845290741023	0.06118856453163142	0.927595452023021	0.19656320713613806
2.509066693331052	253.6107661753878	0.061952320173992874	0.9270104276840868	0.19667931499636132
2.5199755919977083	253.24204935648095	0.06272188771085309	0.9264236507672379	0.19679595500150732
2.5308844906643655	252.87230899855896	0.06349727874301053	0.9258351303851989	0.19691312743263295
2.541793389331022	252.50155164949126	0.06427850487126355	0.9252448754942549	0.19703083257368006
2.5527022879976786	252.1297837707848	0.06506557766435025	0.924652894934719	0.19714907073586982
2.5636111866643354	251.7570115595757	0.06585850829158965	0.9240591978569987	0.19726784230729463
2.574520085330992	251.3832414634429	0.06665730765189541	0.9234637935668916	0.19738714760735185
2.585428983997649	251.00847995804304	0.06746198663910735	0.9228666912189376	0.19750698695038202
2.5963378826643058	250.63273351903274	0.06827255614706505	0.9222678998138204	0.19762736065363348
2.607246781330962	250.25600863178028	0.0690890270196328	0.9216674282582474	0.1977482690352411
2.6181556799976193	249.8783117358231	0.06991140966527498	0.9210652858020782	0.19786971242915014
2.6290645786642757	249.4996491913797	0.07073971426809292	0.9204614817939184	0.19799169119191776
2.639973477330933	249.12002735632547	0.0715739510103287	0.9198560254299346	0.19811420568362464
2.6508823759975892	248.73945258853584	0.07241413007422426	0.9192489257549173	0.19823725626731517
2.661791274664246	248.35793152710716	0.07326026157961353	0.9186401917346908	0.1983608432295359
2.6727001733309033	247.9754710487705	0.07411235519841743	0.9180298326841028	0.19848496679074085
2.6836090719975596	247.59207761652002	0.07497042041082885	0.9174178579777351	0.19860962728981368
2.6945179706642164	247.20775768694375	0.07583446669643377	0.916804276839022	0.19873482507030676
2.705426869330873	246.8225177166298	0.07670450353481817	0.9161890983426332	0.19886056047863626
2.71633576799753	246.43636418300883	0.0775805403023733	0.9155723315297645	0.1989868338561953
2.7272446666641867	246.0493037157818	0.078462585915176	0.9149539857958906	0.199113645500553
2.7381535653308435	245.66134300153234	0.07935064916144585	0.9143340705247921	0.19924099569619674
2.7490624639975	245.27248872684817	0.08024473882940034	0.9137125949513036	0.19936888473027858
2.759971362664157	244.8827475748255	0.08114486370704335	0.9130895681644845	0.19949731289359515
2.7708802613308134	244.4921258288458	0.08205103241726298	0.9124649992864117	0.199626280590998
2.7817891599974707	244.10062987082566	0.08296325312838375	0.911838897779115	0.19975578819759982
2.792698058664127	243.70826634589588	0.08388153393155934	0.9112112730384664	0.1998858360159593
2.803606957330784	243.3150418991871	0.08480588291794351	0.9105821343140996	0.20001642435128494
2.8145158559974406	242.92096317428457	0.08573630817725526	0.9099514907137513	0.2001475535119385
2.8254247546640974	242.52603673244226	0.08667281758691386	0.9093193514266154	0.20027922383226546
2.836333653330754	242.1302690506086	0.08761541859000041	0.9086857259531896	0.20041143566714753
2.847242551997411	241.73366660830573	0.08856411857652681	0.9080506237034686	0.20054418937179871
2.8581514506640673	241.33623588505577	0.08951892493650515	0.9074140539437838	0.20067748530415952
2.8690603493307245	240.93798338746356	0.09047984505655456	0.906776025803031	0.20081132381729822
2.879969247997381	240.53891594444687	0.09144688607684111	0.9061365485247557	0.20094570517417656
2.890878146664038	240.13904016049258	0.09242005473178845	0.9054956316278725	0.2010806296982131
2.9017870453306944	239.73836253819792	0.09339935771821702	0.904853284526462	0.20121609774346308
2.912695943997351	239.3368895801601	0.09438480173294736	0.9042095164935705	0.20135210966664305
2.9236048426640084	238.93462780211524	0.09537639346364447	0.9035643366730993	0.20148866582295993
2.934513741330665	238.53158384312027	0.09637413930019839	0.9029177543729443	0.20162576652902695
2.9454226399973216	238.12776433756034	0.09737804527783983	0.9022697791190496	0.20176341210190252
2.9563315386639784	237.72317590703685	0.09838811741118839	0.9016204203173654	0.20190160286492326
2.967240437330635	237.31782517315116	0.09940436171486361	0.90096968723552	0.20204033914394023
2.978149335997292	236.9117187278709	0.10042678418283266	0.9003175890258523	0.20217962127497066
2.9890582346639487	236.50486306836459	0.10145539045672711	0.8996641350555394	0.20231944961559237
2.999967133330605	236.0972648218225	0.10249018588302315	0.8990093348463463	0.20245982448491942
3.0108760319972623	235.6889306323884	0.10353117579908946	0.8983531977909838	0.20260074619972537
3.0217849306639186	235.2798671442061	0.1045783655422946	0.8976957331465292	0.2027422150792144
3.032693829330576	234.8700809414339	0.10563176041024078	0.8970369500756269	0.20288423146214143
3.043602727997232	234.45957845925446	0.10669136529969757	0.8963768579988636	0.20302679572586188
3.054511626663889	234.04836626701677	0.10775718487563606	0.8957154664265755	0.20316990820510078
3.0654205253305458	233.63645094490147	0.10882922380022811	0.8950527847364207	0.20331356923370023
3.0763294239972026	233.22383907308924	0.10990748673564545	0.8943888221730416	0.2034577791479148
3.0872383226638593	232.8105372231339	0.11099197828202308	0.8937235879098164	0.20360253828940747
3.098147221330516	232.39655190624006	0.11208270260983637	0.8930570914008784	0.20374784701305948
3.1090561199971725	231.9818896078499	0.11317966370784614	0.892389342140445	0.20389370567679177
3.1199650186638297	231.56655681330963	0.11428286556417032	0.8917203494905578	0.20404011464087568
3.130873917330486	231.15056000796557	0.1153923121669267	0.8910501226827776	0.20418707426800517
3.141782815997143	230.7339058324149	0.11650800742450106	0.8903786708954693	0.204334584876466
3.1526917146637996	230.31660097841842	0.11762995480880822	0.8897060035892128	0.20448264676285358
3.1636006133304564	229.89865193604592	0.11875815764428392	0.8890321302319028	0.20463126028166073
3.1745095119971136	229.48006519444732	0.11989261925527116	0.8883570601613784	0.2047804257899992
3.18541841066377	229.06084724282607	0.12103334296611648	0.8876808025875607	0.20493014364730752
3.1963273093304267	228.64100461251965	0.1221803319846225	0.8870033667024224	0.2050804141975773
3.2072362079970835	228.2205438860472	0.12333358908605718	0.8863247619715392	0.20523123776141933
3.2181451066637403	227.79947163607682	0.12449311694573344	0.8856449978239556	0.2053826146640412
3.229054005330397	227.37779443527648	0.12565891823896438	0.8849640835612971	0.2055345452328497
3.239962903997054	226.95551885336147	0.1268309956405547	0.8842820283603797	0.20568702979826992
3.2508718026637102	226.53265132068236	0.12800935165656754	0.8835988414282813	0.2058400687276315
3.2617807013303675	226.1091983214854	0.12919398838108784	0.8829145322222743	0.2059936623628674
3.272689599997024	225.68516641464623	0.13038490784651247	0.8822291101292559	0.20614781102494398
3.283598498663681	225.2605621590405	0.13158211208523826	0.8815425844113806	0.20630251503694466
3.2945073973303374	224.83539210437937	0.13278560312665091	0.8808549642108281	0.20645777472689142
3.305416295996994	224.40966262025188	0.13399538277472509	0.8801662587506782	0.2066135904748534
3.316325194663651	223.98338011348702	0.1352114524575196	0.8794764774677352	0.20676996263829336
3.3272340933303077	223.556551041335	0.13643381356762233	0.8787856297065567	0.20692689155945387
3.3381429919969645	223.1291818610459	0.13766246749762123	0.8780937246895502	0.2070843775826894
3.3490518906636213	222.70127903398	0.1388974156329184	0.8774007715253048	0.20724242105350757
3.3599607893302776	222.27284901838195	0.1401386590920792	0.8767067794388784	0.2074010223166447
3.370869687996935	221.84389817448144	0.14138619865425556	0.8760117578335592	0.2075601817348983
3.381778586663591	221.4144328465274	0.14264003507663994	0.8753157160104985	0.20771989967623347
3.392687485330248	220.9844593787687	0.14390016911642503	0.874618663151219	0.20788017651073692
3.403596383996905	220.55398417233582	0.14516660152007255	0.8739206083288522	0.20804101259289673
3.4145052826635616	220.1230138930652	0.14643933274681753	0.8732215607492437	0.20820240818925456
3.425414181330219	219.6915549451338	0.14771836294895044	0.8725215297658562	0.2083643636384466
3.436323079996875	219.25961368409688	0.14900369226407395	0.8718205246260131	0.20852687929550368
3.447231978663532	218.8271964655097	0.15029532082979105	0.8711185544599843	0.20868995551746805
3.4581408773301887	218.39430964256314	0.15159324875965802	0.8704156283033871	0.20885359266207695
3.4690497759968455	217.96095959856814	0.15289747583588334	0.8697117553605349	0.20901779106438653
3.4799586746635023	217.52715276782624	0.15420800159977432	0.8690069449249619	0.2091825510403308
3.490867573330159	217.0928955872008	0.15552482558723002	0.868301206178614	0.20934787290705326
3.5017764719968154	216.658194493555	0.1568479473341496	0.8675945481890205	0.20951375698351812
3.5126853706634726	216.22305580423867	0.15817736632837864	0.8668869799515107	0.2096802036245524
3.523594269330129	215.7874856264713	0.15951308168316078	0.8661785106642848	0.2098472132345585
3.534503167996786	215.3514903035361	0.16085509233698553	0.8654691495581405	0.21001478614123117
3.5454120666634426	214.9150761905465	0.16220339722741933	0.8647589057510364	0.21018292267044278
3.5563209653300993	214.47824964261585	0.16355799529202888	0.8640477882490546	0.21035162314984193
3.567229863996756	214.0410169848495	0.16491888539866845	0.8633358060058807	0.21052088791763324
3.578138762663413	213.60338443206348	0.16628606602575277	0.8626229681877443	0.2106907173326176
3.5890476613300697	213.1653581815359	0.16765953551682694	0.8619092839605162	0.21086111175102035
3.5999565599967265	212.7269444307587	0.1690392922153148	0.8611947623790658	0.21103207153075743
3.610865458663383	212.28814937722368	0.17042533446464025	0.8604794123888385	0.2112035970315524
3.62177435733004	211.84897932735697	0.1718176605181044	0.859763242901062	0.21137568858062838
3.6326832559966964	211.40944055381067	0.1732162682421344	0.8590462630347386	0.21154834650163626
3.643592154663353	210.96953919662957	0.17462115539954098	0.8583284818837273	0.21172157115352028
3.65450105333001	210.52928139584768	0.17603231975313444	0.8576099084333041	0.2118953628969809
3.6654099519966667	210.0886732927926	0.17744975906571647	0.8568905515617848	0.21206972209404257
3.676318850663324	209.64772116324667	0.17887347098398879	0.85617042013546	0.21224464905961396
3.6872277493299803	209.20643125456925	0.18030345278201335	0.8554495232144417	0.212420144103062
3.698136647996637	208.7648097299668	0.1817397016598957	0.854727869811055	0.2125962075594662
3.709045546663294	208.3228627526458	0.18318221481774125	0.8540054688315987	0.21277283976550762
3.7199544453299507	207.88059648337767	0.1846309894546851	0.8532823290786701	0.21295004105997292
3.7308633439966075	207.43801702532375	0.18608602260814172	0.8525584593800488	0.21312781178768558
3.7417722426632642	206.99513052772787	0.1875473109744187	0.8518338687300488	0.21330615226536287
3.7526811413299206	206.55194316980464	0.18901485120659228	0.8511085660524536	0.21348506280180268
3.763590039996578	206.1084611307688	0.19048863995773865	0.850382560167583	0.21366454370724244
3.774498938663234	205.6646905633102	0.1919686738754243	0.8496558597981034	0.21384459530143188
3.7854078373298914	205.22063728437726	0.19345494938177304	0.8489284737421842	0.2140252179988234
3.7963167359965477	204.7763072602085	0.19494746260587467	0.8482004109250423	0.21420641215099898
3.8072256346632045	204.33170654397756	0.1964462096578806	0.8474716801843056	0.2143881780823282
3.8181345333298613	203.88684118885803	0.1979511866479424	0.846742290256601	0.21457051611859834
3.829043431996518	203.44171725136007	0.19946238967644006	0.8460122497865366	0.21475342658639743
3.839952330663175	202.99634073778086	0.20097981459299574	0.8452815675135258	0.2149369098215523
3.8508612293298317	202.5507175183258	0.20250345698153283	0.844550252281913	0.21512096618392365
3.861770127996488	202.10485344921779	0.20403331241321873	0.8438183128458717	0.21530559603722543
3.8726790266631452	201.6587543866796	0.20556937645922083	0.8430857578609371	0.21549079974664984
3.8835879253298016	201.21242626889642	0.20711164467872964	0.8423525958945082	0.2156765776533179
3.8944968239964584	200.76587530745317	0.2086601123750644	0.8416188356122076	0.21586293000299034
3.9054057226631156	200.3191073869497	0.21021477461189328	0.8408844857642321	0.21604985712924807
3.916314621329772	199.8721283487892	0.21177562644399534	0.8401495550099933	0.21623735937967398
3.927223519996429	199.42494403437487	0.21334266292614995	0.8394140519126876	0.2164254371031996
3.9381324186630855	198.97756028743058	0.21491587908691573	0.8386779849603108	0.21661409064574205
3.9490413173297423	198.52998298593403	0.2164952696667814	0.8379413627627049	0.21680332032234767
3.959950215996399	198.08221803278644	0.2180808292283318	0.8372041939676428	0.21699312643611732
3.970859114663056	197.63427133139592	0.21967255233154065	0.8364664871298109	0.21718350929134542
3.9817680133297126	197.18614878517045	0.221270433536382	0.8357282507101456	0.2173744691934487
3.9926769119963694	196.73785615328956	0.2228744673506728	0.8349894931157307	0.21756600648816646
4.003585810663026	196.2893990003351	0.2244846479636587	0.8342502228972393	0.21775812155838176
4.014494709329683	195.8407831179549	0.22610096944618113	0.8335104485995897	0.2179508147127074
4.025403607996339	195.3920143044788	0.22772342586896946	0.8327701786751551	0.21814408625883797
4.036312506662997	194.9430983582365	0.22935201130275323	0.8320294214849324	0.21833793650552677
4.047221405329653	194.49404102815905	0.23098671974669788	0.8312881853520432	0.21853236577728416
4.058130303996309	194.04484793328962	0.23262754487835846	0.8305464787443851	0.21872737441857723
4.0690392026629665	193.59552468616496	0.2342744802855459	0.8298043101042454	0.2189229627650039
4.079948101329623	193.14607689943122	0.2359275195560771	0.829061687783615	0.2191191311532046
4.09085699999628	192.69651018604523	0.23758665627776557	0.8283186200454001	0.21931587992082419
4.101765898662936	192.24683026509766	0.23925188395087063	0.8275751151277032	0.2195132093735957
4.1126747973295945	191.79704277265122	0.24092319576543075	0.826831181404198	0.2197111198231447
4.123583695996251	191.34715323068582	0.24260058484289132	0.8260868272091204	0.21990961160859043
4.134492594662907	190.8971671611812	0.2442840443046979	0.825342060788747	0.22010868507008854
4.1454014933295635	190.44709008943113	0.2459735672721801	0.8245968903026342	0.2203083405476897
4.156310391996221	189.99692768175876	0.24766914675983065	0.8238513239006593	0.22050857832720494
4.167219290662878	189.54668553214677	0.2493707754916023	0.8231053698534596	0.22070939869942163
4.178128189329534	189.0963691555407	0.2510784461430785	0.8223590363795175	0.22091080197935958
4.189037087996192	188.64598406688614	0.2527921513898432	0.8216123316117057	0.22111278848291205
4.199945986662848	188.19553577803632	0.25451188390586443	0.8208652635995379	0.22131535852709774
4.210854885329504	187.74502975029142	0.2562376362210835	0.8201178404102218	0.221518512424145
4.2217637839961615	187.29447147550053	0.257969400609921	0.8193700702064989	0.22172225046146893
4.232672682662819	186.84386646388526	0.2597071693205642	0.8186219610852805	0.22192657292258158
4.243581581329475	186.39322022566708	0.2614509346012002	0.8178735210602195	0.22213148009167663
4.254490479996131	185.9425382336793	0.2632006886923697	0.8171247580680909	0.22233697226504473
4.265399378662788	185.49182561607336	0.26495642363468846	0.8163756801030303	0.2225430498324919
4.276308277329446	185.0410876694523	0.2667181312632405	0.8156262952196787	0.22274971310981326
4.287217175996102	184.59032976162092	0.2684858034046496	0.8148766113965296	0.22295696238946774
4.2981260746627585	184.13955726038392	0.2702594318855402	0.8141266365310765	0.22316479796455277
4.309034973329415	183.6887755326342	0.2720390085207912	0.8133763784488965	0.22337322013037805
4.319943871996072	183.23798985536047	0.2738245249115554	0.8126258450427705	0.2235822292035359
4.330852770662729	182.7872053823874	0.2756159724736091	0.8118750442524861	0.22379182551416407
4.341761669329386	182.33642725994636	0.2774133426166683	0.8111239839421609	0.22400200939313952
4.352670567996042	181.88566063426853	0.27921662675044945	0.8103726718970741	0.22421278117204668
4.363579466662699	181.4349107452849	0.28102581627293616	0.8096211158326008	0.22442414115398746
4.374488365329356	180.98418304773324	0.2828409023758819	0.808869323526516	0.2246360895619389
4.385397263996013	180.53348266790962	0.28466187608125837	0.8081173027936494	0.22484862670542324
4.39630616266267	180.08281470209994	0.2864887284063133	0.8073650613744405	0.22506175290325045
4.407215061329326	179.63218424658996	0.2883214503682946	0.8066126069326915	0.2252754684748181
4.418123959995983	179.18159641220288	0.2901600329598966	0.8058599470729413	0.22548977372823414
4.429032858662639	178.73105634815656	0.2920044669501021	0.8051070894741194	0.2257046689319495
4.439941757329296	178.28056918796315	0.2938547429887669	0.8043540418190009	0.22592015435952428
4.4508506559959535	177.8301400640417	0.29571085172466005	0.8036008117157618	0.22613623028560534
4.46175955466261	177.37977410881143	0.2975727838065503	0.8028474066981708	0.22635289698518343
4.472668453329266	176.9294763074208	0.29944052983329866	0.802093834259482	0.22657015476905934
4.483577351995923	176.47925149970263	0.3013140801631047	0.8013401019786935	0.22678800396244475
4.49448625066258	176.0291047114147	0.30319342508401603	0.800586217407361	0.2270064448314848
4.505395149329237	175.57904097086237	0.3050785548841469	0.7998321880238586	0.22722547764187226
4.516304047995893	175.1290653063511	0.3069694598516112	0.7990780212343054	0.22744510265953397
4.527212946662551	174.67918265919133	0.3088661302070992	0.7983237244174619	0.22766532018061345
4.538121845329207	174.2293978425306	0.31076855593538116	0.7975693050348145	0.22788613051493953
4.549030743995863	173.77971569349882	0.3126767269708603	0.7968147705090062	0.22810753394881617
4.5599396426625205	173.3301410492264	0.31459063324794007	0.7960601281916507	0.22832953076880108
4.570848541329178	172.88067874777408	0.31651026470092425	0.7953053853642438	0.22855212126153587
4.581757439995834	172.43133368387262	0.31843561118509417	0.7945505492899176	0.2287753057020885
4.59266633866249	171.98211063526387	0.3203666623349049	0.7937956273049319	0.22899908437818584
4.603575237329147	171.53301430715646	0.3223034077465477	0.7930406267005785	0.22922345758856627
4.614484135995805	171.08404940475893	0.3242458370162138	0.7922855546992013	0.2294484256321973
4.625393034662461	170.63522063985243	0.3261939397398442	0.7915304184551689	0.22967398880580578
4.6363019333291176	170.18653286922844	0.3281477054268491	0.7907752251106868	0.22990014734329334
4.647210831995775	169.73799082322427	0.3301071233839929	0.7900199818697996	0.2301269015033375
4.658119730662431	169.28959915578184	0.3320721828895683	0.7892646958871359	0.23035425156985312
4.669028629329088	168.84136252084312	0.33404287322186826	0.7885093742504583	0.23058219782685233
4.679937527995745	168.39328557507744	0.3360191836576527	0.7877540239824119	0.2308107405554007
4.690846426662402	167.94537300188634	0.33800110336702527	0.7869986521075276	0.2310398799913608
4.701755325329058	167.49762945601654	0.33998862134768104	0.7862432656935402	0.2312696163703581
4.712664223995715	167.05005958223236	0.34198172658176185	0.7854878717524983	0.231499949935391
4.723573122662372	166.60266802529821	0.3439804080514097	0.7847324772316748	0.23173088092931904
4.734482021329029	166.155459388992	0.345984654730601	0.7839770890194108	0.23196240960735634
4.745390919995685	165.7084380007121	0.34799445544292273	0.7832217140343892	0.2321945362922313
4.756299818662342	165.26160835179965	0.35000979888730427	0.7824663592092953	0.23242726122891888
4.767208717328998	164.8149749812255	0.35203067375969765	0.7817110314152034	0.23266058464542227
4.778117615995656	164.36854242796045	0.35405706875605514	0.7809557374604386	0.23289450676947196
4.7890265146623126	163.92231520171964	0.3560889725586282	0.7802004840997482	0.23312902784253553
4.799935413328969	163.4762976250084	0.3581263736855932	0.7794452781275196	0.23336414816590142
4.810844311995625	163.03049401319376	0.3601692605513122	0.7786901263403038	0.23359986800507365
4.8217532106622825	162.58490869001886	0.3622176215688906	0.7779350354739146	0.2338361876193261
4.83266210932894	162.13954597922688	0.36427144515143406	0.7771800122033463	0.23407310726771333
4.843571007995596	161.69441025249165	0.3663307196973708	0.7764250631524159	0.23431062719711235
4.854479906662252	161.24950590205415	0.36839543344895	0.7756701949805039	0.23454874764117922
4.86538880532891	160.80483712150883	0.3704655745542258	0.7749154143444965	0.2347874688747338
4.876297703995566	160.36040809400694	0.372541131159959	0.7741607278424941	0.23502679117475878
4.887206602662223	159.91622300269964	0.3746220914129106	0.7734061420136861	0.23526671481801842
4.89811550132888	159.4722861088337	0.37670844344293863	0.7726516633492073	0.23550724003977475
4.909024399995537	159.0286017217711	0.3788001752294681	0.7718972983730805	0.23574836702548907
4.919933298662193	158.58517398744164	0.38089727467581075	0.7711430535971975	0.235990096027455
4.930842197328849	158.14200704794288	0.3829997296847863	0.7703889354761181	0.2362324272993952
4.941751095995507	157.6991050453724	0.38510752815921434	0.7696349504074083	0.23647536109464826
4.952659994662164	157.25647214315552	0.3872206579763188	0.7688811047475456	0.23671889763525772
4.96356889332882	156.81411250223906	0.3893391068669196	0.7681274048843176	0.23696303710365557
4.974477791995477	156.37203025219577	0.3914628625110867	0.7673738571796377	0.23720777970182025
4.985386690662134	155.9302295225069	0.39359191258886106	0.7666204679397519	0.23745312563116902
4.99629558932879	155.48871444204124	0.3957262447802249	0.7658672434158653	0.23769907509270555
5.007204487995447	155.04748892615032	0.3978658467067541	0.7651141898391873	0.23794562836559702
5.018113386662104	154.60655686543186	0.4000107058526958	0.7643613134676407	0.23819278570060956
5.029022285328761	154.16592229244782	0.4021608096860036	0.7636086205144273	0.23844054727975206
5.039931183995417	153.72558923976013	0.4043161456746309	0.7628561171389555	0.2386889132842253
5.050840082662074	153.28556173693417	0.4064767012858697	0.7621038094478078	0.23893788389599682
5.061748981328731	152.84584364309606	0.408642463911827	0.7613517035388321	0.23918745937015917
5.072657879995388	152.4064387344754	0.4108134208195312	0.7605998055303111	0.23943763995789683
5.083566778662044	151.96735082777636	0.41298955926657316	0.7598481214934985	0.23968842588006517
5.094475677328701	151.52858373970318	0.4151708665105435	0.7590966574476454	0.23993981735680434
5.105384575995357	151.09014129198115	0.41735732980782175	0.7583454193612587	0.2401918146057495
5.116293474662015	150.6520273342654	0.4195489363409603	0.7575944131945962	0.24044441782543474
5.127202373328672	150.2142455519014	0.4217456731790653	0.7568436449225979	0.2406976272523411
5.138111271995328	149.77679958708512	0.4239475273817628	0.7560931204749153	0.24095144313501535
5.149020170661985	149.3396930820125	0.4261544860086782	0.7553428457309492	0.2412058657213382
5.1599290693286415	148.9029297169531	0.4283665361205289	0.7545928265197552	0.24146089524041053
5.170837967995299	148.4665134515785	0.4305836647286826	0.7538430686494105	0.24171653177129607
5.181746866661955	148.03044796528772	0.4328058587313478	0.7530935779436378	0.24197277549521412
5.192655765328612	147.5947368581211	0.43503310501455716	0.7523443601841525	0.24222962662739983
5.203564663995269	147.1593837301189	0.4372653904643429	0.7515954211041861	0.2424870853822147
5.214473562661925	146.7243921769159	0.4395027019638867	0.7508467663906098	0.24274515197255944
5.225382461328582	146.2897657876034	0.44174502632638146	0.7500984017223989	0.24300382658192257
5.236291359995239	145.8555081895106	0.4439923502933667	0.7493503327716552	0.24326310935711848
5.247200258661896	145.4216230145736	0.4462446606031926	0.748602565165108	0.2435230004417399
5.258109157328552	144.98811389472849	0.448501943994209	0.7478551044827924	0.24378349997813364
5.2690180559952084	144.55498435229293	0.45076418718844236	0.7471079562676894	0.24404460815217677
5.279926954661867	144.12223757285383	0.45303137680120154	0.7463611260767194	0.2443063252644836
5.290835853328523	143.68987701036735	0.4553034994220595	0.7456146194353512	0.24456865147966916
5.301744751995179	143.25790614779652	0.4575805416423458	0.7448684418225974	0.24483158694825258
5.312653650661836	142.82632846810435	0.45986249005338986	0.7441225986724684	0.2450951318194705
5.323562549328493	142.395147420023	0.46214933122911184	0.7433770953841012	0.245359286253243
5.33447144799515	141.96436628043557	0.46444105164479094	0.7426319373671295	0.2456240504524095
5.345380346661806	141.53398828712028	0.4667376377456513	0.7418871300036476	0.24588942461791144
5.356289245328463	141.1040166788042	0.46903907597720496	0.7411426786317454	0.246155408948961
5.36719814399512	140.67445469421438	0.4713453527849637	0.7403985885461138	0.2464220036436338
5.378107042661776	140.24530570689745	0.47365645460763706	0.7396548650022239	0.2466892088385895
5.389015941328433	139.81657310290691	0.47597236780690705	0.7389115132552448	0.2469570246339463
5.399924839995091	139.38826002243832	0.4782930787045405	0.7381685385397309	0.24722545121811884
5.410833738661747	138.96036960318912	0.4806185736221454	0.7374259460481087	0.24749448877929844
5.4217426373284034	138.53290498285742	0.48294883888133033	0.736683740931015	0.2477641375044299
5.43265153599506	138.10586937383368	0.485283860792872	0.7359419283036096	0.24803439754139603
5.443560434661717	137.67926598649535	0.48762362560015887	0.7352005132766444	0.24830526900711936
5.454469333328374	137.25309795687355	0.489968119523827	0.7344595009323156	0.24857675203948693
5.465378231995031	136.82736842099953	0.49231732878451184	0.7337188963122436	0.24884884677487004
5.476287130661687	136.40208051379594	0.4946712396027748	0.7329787044179168	0.2491215533485345
5.487196029328344	135.97723726736766	0.4970298381745091	0.73223893022434	0.2493948719249245
5.4981049279950005	135.55284170862527	0.49939311063919983	0.7314995786973612	0.24966880264014177
5.509013826661658	135.1288969154297	0.501761043128857	0.730760654767507	0.24994334560327894
5.519922725328314	134.70540596564211	0.5041336217754905	0.7300221633263272	0.25021850092172476
5.530831623994971	134.28237192643036	0.5065108327097158	0.7292841092275251	0.25049426870523533
5.541740522661628	133.85979757652387	0.508892662008488	0.7285464973152094	0.2507706491616167
5.552649421328284	133.43768573024258	0.5112790957127682	0.7278093324145838	0.2510476424566342
5.563558319994941	133.016039293667	0.5136701198694261	0.7270726193098676	0.25132524871528994
5.5744672186615984	132.5948611728777	0.5160657205253308	0.7263363627478305	0.25160346806089234
5.585376117328255	132.17415427951335	0.5184658837262766	0.7256005674387283	0.25188230061236183
5.596285015994911	131.75392152009564	0.5208705954819797	0.724865238075145	0.2521617464702794
5.6071939146615675	131.33416562710812	0.5232798417604656	0.7241303793351275	0.2524418057785251
5.618102813328226	130.91488930083779	0.5256936085276718	0.7233959958614861	0.25272247869058034
5.629011711994882	130.4960952415717	0.528111881749535	0.722662092261041	0.25300376535830144
5.639920610661538	130.0777861818112	0.5305346473927016	0.721928673104598	0.2532856659188023
5.6508295093281955	129.65996501203225	0.5329618914065265	0.7211957429367127	0.25356818042709606
5.661738407994852	129.24263440944458	0.5353935997018066	0.7204633062870472	0.25385130899676367
5.672647306661509	128.82579700892973	0.537829758185778	0.7197313676522756	0.25413505175476625
5.683556205328165	128.40945544536945	0.5402703527656769	0.7189999314945485	0.25441940882626485
5.694465103994823	127.99361238005277	0.542715369351162	0.7182690022405668	0.2547043803235896
5.705374002661479	127.57827055844496	0.5451647938436377	0.7175385842874515	0.2549899663047651
5.716282901328135	127.16343262620366	0.5476186121146007	0.7168086820142243	0.25527616684492155
5.7271917999947926	126.74910121651082	0.5500768100333613	0.7160792997676722	0.2555629820212019
5.73810069866145	126.33527896254854	0.5525393734692291	0.715350441861526	0.2558504119086704
5.749009597328106	125.92196844069451	0.5550062882868433	0.7146221125791772	0.2561384566004575
5.7599184959947625	125.50917210442778	0.557477540330907	0.713894316181799	0.25642711621279596
5.770827394661419	125.09689253467313	0.559953115446569	0.7131670568981154	0.2567163907956843
5.781736293328077	124.68513232112466	0.562432999479419	0.7124403389247103	0.2570062803932218
5.792645191994733	124.27389405347652	0.5649171782750467	0.7117141664265553	0.257296785047225
5.80355409066139	123.86318010649451	0.5674056376505544	0.7109885435518164	0.2575879048741257
5.814462989328046	123.45299254244289	0.5698983633805023	0.7102634744391576	0.2578796400815508
5.825371887994703	123.04333371665962	0.5723953412774142	0.7095389631769771	0.2581719907556662
5.8362807866613595	122.63420599250895	0.574896557154869	0.7088150138225716	0.2584649569774562
5.847189685328017	122.22561173335511	0.577401996826445	0.7080916304029596	0.2587585388257366
5.858098583994673	121.8175534186828	0.5799116461070019	0.7073688169145168	0.2590527363243734
5.86900748266133	121.4100334152682	0.582425490793536	0.7066465773329034	0.259347549511624
5.879916381327987	121.00305386698571	0.5849435166709145	0.7059249156103737	0.2596429785048066
5.890825279994643	120.59661691724577	0.5874657095239864	0.7052038356699153	0.25993902341938174
5.901734178661301	120.1907247601337	0.5899920551425006	0.704483341403056	0.2602356843489914
5.9126430773279575	119.78537981922183	0.5925225393389187	0.7037634366612485	0.2605329612815191
5.923551975994614	119.38058434994444	0.5950571479101875	0.7030441252753166	0.2608308542481855
5.93446087466127	118.97634057743998	0.5975958666503677	0.702325411049354	0.26112936328842484
5.945369773327927	118.57265072303112	0.6001386813533344	0.7016072977596264	0.26142848844069905
5.956278671994585	118.16951682409054	0.6026855778077997	0.7008897891572977	0.26172822980493743
5.967187570661241	117.76694100887313	0.6052365418181105	0.7001728889583552	0.2620285874220765
5.978096469327897	117.36492551266886	0.60779155919584	0.6994566008480894	0.262329561285162
5.9890053679945545	116.96347257076765	0.610350615752562	0.6987409284849392	0.26263115138453813
5.999914266661211	116.56258429660937	0.6129136972917547	0.698025875504726	0.26293335775162396
6.010823165327868	116.16226255516673	0.6154807896133803	0.6973114455186055	0.26323618048975433
6.021732063994524	115.76250940254103	0.6180518785418766	0.6965976420995508	0.26353961961761097
6.032640962661182	115.36332690468335	0.620626949902565	0.6958844687942579	0.26384367514743834
6.043549861327838	114.96471711815163	0.6232059895182439	0.695171929125049	0.2641483470919772
6.054458759994494	114.56668194188472	0.6257889831910792	0.694460026598934	0.2644536355070458
6.065367658661152	114.1692232142901	0.628375916749892	0.6937487646847016	0.2647595404519482
6.076276557327809	113.7723427864195	0.6309667760314441	0.6930381468223672	0.26506606197772503
6.087185455994465	113.37604250932459	0.6335615468724979	0.6923281764272862	0.2653732001329002
6.0980943546611215	112.98032433153789	0.6361602151183595	0.6916188568862334	0.2656809549199248
6.109003253327778	112.58519011657279	0.6387627666264947	0.6909101915559085	0.2659893263488948
6.119912151994436	112.19064157179845	0.6413691872511371	0.6902021837706391	0.2662983144823344
6.130821050661092	111.79668040452437	0.643979462846517	0.6894948368410223	0.2666079193802933
6.141729949327749	111.40330841906838	0.6465935792790962	0.6887881540482472	0.266918141062542
6.152638847994406	111.01052776823516	0.6492115224772327	0.6880821386204935	0.2672289793970389
6.163547746661062	110.61834026296472	0.6518332783499097	0.6873767937723791	0.2675404343641181
6.174456645327719	110.2267476667638	0.6544588328013654	0.6866721226980755	0.2678525059588116
6.185365543994376	109.83575173795569	0.6570881717356313	0.6859681285693191	0.26816519417525103
6.196274442661033	109.44535407013527	0.6597212810641578	0.6852648145319706	0.2684784990600146
6.207183341327689	109.05555639645192	0.6623581467426751	0.684562183688689	0.26879242058530345
6.218092239994346	108.66636055121494	0.6649987547374002	0.6838602391153741	0.26910695867888984
6.229001138661003	108.2777683521652	0.6676430910133477	0.6831589838669494	0.26942211327161086
6.23991003732766	107.88978118660314	0.6702911415164016	0.6824584209860378	0.26973788444738256
6.2508189359943165	107.50240056332848	0.6729428922321009	0.6817585534752696	0.2700542722244646
6.261727834660973	107.11562814793078	0.6755983291619928	0.6810593843087933	0.2703712765562362
6.272636733327629	106.72946560171142	0.6782574383084381	0.6803609164396843	0.2706888973945537
6.283545631994286	106.34391445760329	0.6809202056968727	0.6796631527896553	0.27100713472893856
6.294454530660944	105.9589761637289	0.6835866173658263	0.6789660962540149	0.27132598856136686
6.3053634293276	105.57465217822511	0.6862566593515257	0.6782697497091151	0.27164545888501035
6.316272327994256	105.19094397330136	0.6889303176935856	0.6775741160098507	0.2719655456847736
6.3271812266609135	104.80785317196894	0.69160757848934	0.6768791979644617	0.2722862488778341
6.33809012532757	104.42538121550272	0.6942884278383767	0.6761849983608024	0.27260756843013717
6.348999023994227	104.04352947957517	0.6969728518299885	0.6754915199723606	0.27292950432737617
6.3599079226608835	103.66229935569655	0.699660836559897	0.6747987655506065	0.27325205654628293
6.370816821327541	103.28169238423804	0.7023523682060019	0.6741067377900343	0.27357522499652004
6.381725719994197	102.90170997855391	0.7050474329375628	0.6734154393707161	0.2738990096161249
6.392634618660853	102.52235350675343	0.7077460169100045	0.6727248729608277	0.2742234103552106
6.4035435173275115	102.14362434060003	0.7104481062853318	0.6720350412073259	0.2745484271594385
6.414452415994168	101.76552387315076	0.7131536873010724	0.6713459467043563	0.27487405995582875
6.425361314660824	101.38805346252163	0.7158627461992745	0.6706575920263675	0.2752003086650382
6.4362702133274805	101.01121445876183	0.7185752692137071	0.6699699797341572	0.27552717320570697
6.447179111994138	100.6350081911577	0.7212912425829336	0.6692831123689923	0.2758546535014938
6.458088010660795	100.25943584261495	0.724010652602575	0.6685969924288524	0.27618274952249794
6.468996909327451	99.8844986746267	0.7267334855888259	0.667911622385466	0.27651146118783515
6.479905807994108	99.51019797329029	0.7294597278553145	0.6672270046950876	0.2768407884019295
6.490814706660765	99.13653501775313	0.7321893657169484	0.6665431417968765	0.2771707310685099
6.501723605327421	98.76351090356981	0.7349223855373347	0.6658600360914801	0.2775012891544946
6.5126325039940784	98.39112673903031	0.7376587737150881	0.6651776899475715	0.2778324626006601
6.523541402660735	98.01938368669401	0.7403985166443242	0.6644961057200185	0.27816425131996764
6.534450301327392	97.64828290914943	0.7431416007191782	0.663815285747954	0.27849665522190126
6.545359199994048	97.2778255934672	0.7458880123793084	0.6631352323343587	0.27882967420189214
6.556268098660705	96.90801284002285	0.7486377381193933	0.6624559477420766	0.2791633081682533
6.567176997327362	96.53884568796124	0.7513907644204879	0.6617774342250499	0.2794975570425232
6.578085895994019	96.17032517642737	0.7541470777636456	0.6610996940222692	0.27983242074279085
6.5889947946606755	95.80245238771361	0.7569066646584555	0.6604227293450957	0.2801678991670546
6.599903693327332	95.4352284218199	0.7596695116962235	0.6597465423536693	0.2805039921896979
6.610812591993988	95.06865427258526	0.7624356054559406	0.6590711351993779	0.2808406997114631
6.621721490660646	94.7027309310682	0.7652049325155608	0.6583965100198956	0.281178021630445
6.632630389327303	94.33745939410859	0.7679774794661937	0.6577226689329696	0.2815159578392842
6.643539287993959	93.97284065853411	0.7707532329855421	0.6570496140039072	0.28185450821829766
6.654448186660616	93.60887567404673	0.7735321797578508	0.6563773472815668	0.28219367264791084
6.665357085327273	93.24556538620485	0.7763143064637877	0.6557058708029799	0.2825334510056137
6.67626598399393	92.88291074180798	0.7790995997845352	0.6550351865916366	0.28287384316700953
6.687174882660586	92.52091266941699	0.7818880464546919	0.6543652966342101	0.2832148490226931
6.698083781327243	92.15957202725252	0.784679633301158	0.6536962028636956	0.28355646844693055
6.7089926799939	91.79888966339561	0.7874743471596316	0.6530279071966398	0.28389870130505146
6.719901578660556	91.4388664259273	0.7902721748658112	0.652360411537144	0.2842415474586015
6.730810477327213	91.07950316292859	0.7930731032553957	0.651693717776965	0.2845850067653199
6.7417193759938705	90.72080072248056	0.7958771191640829	0.6510278277956159	0.2849290790791164
6.752628274660527	90.36275995266422	0.7986842094275715	0.6503627434604639	0.2852737642500488
6.763537173327183	90.00538170156061	0.8014943608815598	0.6496984666268288	0.28561906212430016
6.7744460719938395	89.64866676363506	0.804307560499021	0.6490349990781793	0.28596497256944103
6.785354970660497	89.29261583762575	0.8071237954148965	0.6483723425159522	0.28631149546095847
6.796263869327154	88.93722964376512	0.8099430526584067	0.6477104986766449	0.28665863063997254
6.80717276799381	88.5825089024865	0.8127653192581469	0.6470494692858939	0.28700637794352957
6.818081666660467	88.22845433422307	0.815590582242713	0.646389256058292	0.2873547372047187
6.828990565327124	87.8750666594081	0.8184188286407008	0.6457298606974764	0.28770370825264935
6.83989946399378	87.52234659847487	0.8212500454807062	0.6450712848962152	0.2880532909124275
6.8508083626604375	87.17029486501525	0.824084219867842	0.6444135303034787	0.2884034850160341
6.861717261327094	86.81891210048745	0.8269213391731601	0.6437565984431818	0.2887542904212299
6.872626159993751	86.4681989032176	0.8297613906534064	0.6431004908787301	0.28910570695657034
6.883535058660407	86.11815587095937	0.8326043615512093	0.6424452091696808	0.28945773444426315
6.894443957327064	85.76878360146651	0.8354502391091976	0.6417907548657207	0.2898103727024631
6.905352855993722	85.42008269249267	0.83829901057	0.6411371295067437	0.29016362154524955
6.916261754660378	85.07205374179162	0.8411506631762449	0.6404843346229285	0.2905174807826031
6.9271706533270345	84.72469735093496	0.8440051841911276	0.6398323717260384	0.2908719502214343
6.938079551993691	84.37801411229334	0.84686256110956	0.6391812422196022	0.2912270296764841
6.948988450660348	84.03200452445634	0.8497227814318499	0.6385309474960403	0.2915827189588746
6.959897349327005	83.68666907224443	0.8525858326314937	0.6378814889504303	0.2919390178742483
6.970806247993662	83.3420082404782	0.8554517021819882	0.637232867969117	0.29229592622409495
6.981715146660318	82.99802251397813	0.8583203775568301	0.636585085929781	0.29265344380572855
6.992624045326975	82.65471237756476	0.8611918462295166	0.6359381442015051	0.29301157041226483
7.003532943993632	82.31207831689962	0.8640660956764945	0.635292044143597	0.293370305832742
7.014441842660289	81.97012083407712	0.8669431135660856	0.6346467870260479	0.29372964986086453
7.025350741326945	81.62884034472103	0.8698228876554871	0.6340023740735634	0.2940896022891357
7.036259639993602	81.28823722989615	0.8727054056503974	0.6333588065248905	0.2944501629030754
7.047168538660259	80.94831187066738	0.8755906552565144	0.6327160856111063	0.2948113314839367
7.058077437326915	80.60906464809953	0.8784786241795353	0.6320742125556764	0.2951731078086836
7.068986335993572	80.27049594325747	0.8813693001251587	0.6314331885745144	0.29553549164996823
7.0798952346602295	79.9326061372061	0.8842626707990816	0.6307930148760399	0.2958984827761076
7.090804133326886	79.59539562795132	0.8871587240130044	0.6301536926170452	0.2962620809556002
7.101713031993542	79.2588647602119	0.890057447773544	0.6295152228660805	0.29662628596112145
7.1126219306601985	78.92301381555436	0.8929588300348001	0.6288776067069677	0.2969910975588701
7.123530829326857	78.58784307521864	0.8958628587501037	0.6282408452172081	0.29735651551063996
7.134439727993513	78.25335282044489	0.8987695218727855	0.6276049394677135	0.29772253957382994
7.145348626660169	77.91954333247307	0.9016788073561759	0.6269698905228553	0.29808916950142117
7.156257525326827	77.58641489254322	0.9045907031536063	0.6263356994405154	0.2984564050419543
7.167166423993483	77.25396779153672	0.9075051972665598	0.625702367252274	0.2988242459422499
7.17807532266014	76.92220230046826	0.9104222779290262	0.6250698948876898	0.2991926919563322
7.1889842213267965	76.59111860979557	0.9133419333566691	0.6244382832782152	0.2995617428309032
7.199893119993454	76.26071690525029	0.9162641517564191	0.6238075333532425	0.2999313983076198
7.21080201866011	75.93099737256404	0.9191889213352067	0.6231776460365401	0.3003016581236385
7.221710917326766	75.60196019746847	0.9221162302999624	0.622548622246295	0.30067252201159306
7.232619815993423	75.2736055656952	0.9250460668576165	0.6219204628951542	0.3010439896995718
7.243528714660081	74.9459336657179	0.9279784192268151	0.6212931688854861	0.30141606091185846
7.254437613326737	74.61894468047518	0.9309132758135974	0.620666741037871	0.301788735378793
7.2653465119933935	74.29263871872139	0.9338506251072323	0.6200411801340975	0.30216201282857436
7.27625541066005	73.96701587733571	0.9367904555860045	0.6194164869557275	0.30253589298381334
7.287164309326707	73.64207625319732	0.9397327557281987	0.6187926622796435	0.30291037556252515
7.298073207993364	73.31781994318533	0.9426775140120999	0.6181697068780827	0.3032854602781061
7.308982106660021	72.99424704417899	0.9456247189159921	0.6175476215186722	0.3036611468393115
7.319891005326677	72.67135765326364	0.9485743589188065	0.616926406964202	0.3040374349502856
7.330799903993334	72.34915186246668	0.9515264226010192	0.6163060639319744	0.3044143243168166
7.341708802659991	72.02762970318558	0.9544808987117249	0.6156865930671356	0.3047918146477667
7.352617701326648	71.70679118853067	0.9574377760098522	0.6150679950070498	0.3051699056470052
7.363526599993304	71.38663633161235	0.9603970432543292	0.614450270385304	0.3055485970137152
7.374435498659961	71.06716514554094	0.9633586892040841	0.6138334198317363	0.30592788844237095
7.385344397326618	70.74837764342682	0.9663227026180455	0.6132174439724631	0.30630777962271594
7.396253295993274	70.43027383838032	0.9692890722551418	0.6126023434299075	0.3066882702397396
7.407162194659932	70.1128537281565	0.9722577868883597	0.6119881188172148	0.3070693599739524
7.4180710933265885	69.7961172530316	0.9752288354635315	0.611374770675046	0.30745104850952576
7.428979991993245	69.48006434299904	0.9782022070186603	0.6107622995042096	0.3078333355311152
7.439888890659901	69.16469492813243	0.9811778905921402	0.6101507058024225	0.3082162207186282
7.4507977893265585	68.85000893850538	0.9841558752223651	0.6095399900644862	0.3085997037471756
7.461706687993216	68.53600630419145	0.9871361499477289	0.6089301527823087	0.30898378428704887
7.472615586659872	68.22268695526432	0.9901187038066251	0.6083211944449258	0.30936846200369755
7.483524485326528	67.9100508190307	0.993103525847991	0.6077131155343569	0.30975373655836047
7.494433383993186	67.59809777869118	0.9960906052714098	0.6071059164703945	0.3101396076153486
7.505342282659842	67.28682768243446	0.9990799313887387	0.6064995976261703	0.31052607483939004
7.516251181326499	66.97624037750808	1.0020714935145059	0.605894159371599	0.3109131378904433
7.5271600799931555	66.66633571115968	1.005065280963239	0.6052896020744509	0.31130079642358205
7.538068978659813	66.35711353063678	1.0080612830494666	0.6046859261003676	0.3116890500889736
7.548977877326469	66.04857368318697	1.0110594890877165	0.604083131812877	0.3120778985318561
7.559886775993125	65.74071601469957	1.0140598883925427	0.6034812195733987	0.3124673413924427
7.570795674659783	65.43354033381347	1.0170624703682034	0.6028801897062434	0.31285737830997107
7.58170457332644	65.12704641188395	1.0200672245959401	0.6022800424648501	0.313248008928601
7.592613471993096	64.8212340190832	1.0230741406757267	0.6016807780939084	0.31363923288874435
7.603522370659753	64.51610292558347	1.0260832082075375	0.6010823968367034	0.31403104982584706
7.614431269326409	64.21165290155692	1.0290944167913465	0.6004848989351258	0.3144234593703669
7.625340167993067	63.90788371717576	1.0321077560271277	0.5998882846296825	0.3148164611477512
7.636249066659723	63.60479514264432	1.0351232155150012	0.5992925541594493	0.3152100547784299
7.64715796532638	63.302386935544554	1.0381407849275914	0.5986977077341109	0.31560423988235015
7.658066863993037	63.000658802977725	1.0411604541226143	0.5981037454907099	0.3159990160840878
7.668975762659693	62.69961044042035	1.0441822129865475	0.5975106675544233	0.31639438300428235
7.6798846613263505	62.39924154334894	1.0472060514058679	0.5969184740497167	0.31679034025852826
7.690793559993007	62.09955180724006	1.0502319592670526	0.5963271651003496	0.31718688745735363
7.701702458659664	61.800540927570204	1.0532599264565787	0.5957367408293803	0.31758402420619736
7.71261135732632	61.5022085998159	1.0562899428609238	0.595147201359171	0.31798175010538754
7.723520255992977	61.204554509481945	1.059321998389197	0.5945585468027298	0.3183800647511403
7.734429154659633	60.90757829561201	1.0623560831362273	0.5939707772014466	0.31877896774475556
7.745338053326291	60.61127958479592	1.0653921872836545	0.5933838925633459	0.319178458687687
7.756246951992948	60.315658003663415	1.068430301013486	0.5927978928962665	0.31957853717629897
7.767155850659604	60.02071317884416	1.0714704145077285	0.5922127782080032	0.3199792028018174
7.77806474932626	59.72644473696786	1.0745125179483899	0.5916285485063079	0.32038045515030844
7.7889736479929175	59.43285230466421	1.0775566015174771	0.591045203798888	0.32078229380265605
7.799882546659575	59.13993550679599	1.0806026554085384	0.5904627440890347	0.32118471833540513
7.810791445326231	58.847693934187696	1.0836506699767308	0.5898811693188577	0.3215877283297398
7.821700343992887	58.55612714764707	1.0867006356960476	0.5893004793858778	0.3219913233676938
7.832609242659545	58.26523470699458	1.0897525430432238	0.5887206741871522	0.3223955030261833
7.843518141326201	57.97501617205073	1.0928063824949945	0.5881417536203106	0.32280026687691743
7.854427039992858	57.68547110263595	1.0958621445280947	0.5875637175835511	0.3232056144863768
7.8653359386595145	57.39659905857078	1.098919819619259	0.5869865659756373	0.3236115454157919
7.876244837326172	57.10839959868863	1.1019793982457164	0.5864102986957077	0.32401805922109694
7.887153735992828	56.82087225216752	1.105040870980953	0.5858349156073823	0.32442515545805745
7.898062634659484	56.53401651771496	1.1081042285821134	0.5852604165062949	0.3248328336885258
7.9089715333261426	56.247831893109534	1.1111694618258654	0.58468680118191	0.3252410934704512
7.919880431992799	55.962317876129895	1.114236561488877	0.5841140694248519	0.32564993435651396
7.930789330659455	55.67747396455461	1.1173055183478153	0.5835422210268972	0.3260593558941038
7.941698229326112	55.39329965616227	1.1203763231793484	0.5829712557809663	0.32646935762529816
7.952607127992769	55.109794448731414	1.1234489667601812	0.5824011734811021	0.32687993908684726
7.963516026659426	54.82695782809755	1.12652343993131	0.5818319738986113	0.32729109981454385
7.974424925326082	54.544789240249216	1.1295997337299533	0.5812636567333125	0.3277028393505516
7.985333823992739	54.26328812293495	1.132677839230635	0.5806962216728557	0.3281151572336131
7.996242722659396	53.98245391390333	1.135757747507877	0.5801296684065956	0.3285280529971425
8.007151621326052	53.70228605090293	1.1388394496362035	0.5795639966255792	0.32894152616920364
8.01806051999271	53.42278397168228	1.141922936690137	0.5789992060225351	0.32935557627248935
8.028969418659367	53.143947113990016	1.1450081997441999	0.5784352962918622	0.3297702028242998
8.039878317326023	52.86577490766358	1.1480952298951703	0.5778722671214351	0.3301854053375876
8.05078721599268	52.588266744911365	1.1511840184276632	0.5773101181318505	0.33060118333141286
8.061696114659336	52.31142200803487	1.154274556717425	0.5767488489123423	0.3310175363257715
8.072605013325994	52.03524007939144	1.1573668361406986	0.5761884590541833	0.33143446383532177
8.08351391199265	51.75972034133852	1.1604608480737248	0.5756289481508527	0.3318519653693184
8.094422810659307	51.484862176233484	1.1635565838927469	0.5750703157980213	0.33227004043159236
8.105331709325963	51.210664966433704	1.1666540349740064	0.5745125615935365	0.33268868852052946
8.11624060799262	50.93712809291675	1.1697531927037825	0.5739556851337522	0.33310790912983945
8.127149506659277	50.664250909882064	1.1728540486274308	0.5733996859593289	0.33352770175845114
8.138058405325934	50.392032747510704	1.1759565944174557	0.5728445635672044	0.33394806590742865
8.14896730399259	50.120472935149195	1.1790608217499148	0.5722903174557212	0.33436900107255424
8.159876202659246	49.849570802144065	1.1821667223008643	0.571736947125905	0.33479050674415733
8.170785101325903	49.57932567784185	1.1852742877463613	0.5711844520814461	0.33521258240709334
8.18169399999256	49.30973689158909	1.1883835097624629	0.5706328318286817	0.33563522754072356
8.192602898659217	49.04080377213257	1.191494380026133	0.570082085876251	0.3360584416189075
8.203511797325874	48.772525626399855	1.1946068903142029	0.5695322136994205	0.3364822241160284
8.21442069599253	48.50490173618237	1.197721032585964	0.5689832147105834	0.3369065745135454
8.225329594659188	48.23793138217051	1.2008367988197661	0.5684350883184004	0.33733149228890963
8.236238493325844	47.97161384505464	1.2039541809939596	0.5678878339346654	0.3377569769140755
8.2471473919925	47.70594840552502	1.2070731710868954	0.567341450974284	0.3381830278554812
8.258056290659157	47.44093434427208	1.2101937610769231	0.5667959388552539	0.338609644574027
8.268965189325815	47.176570941985574	1.21331594294241	0.566251296998638	0.3390368265250585
8.279874087992471	46.912857470419475	1.2164397087225958	0.5657075248068173	0.3394645731629397
8.290782986659128	46.649793170529655	1.2195650506551567	0.5651646216145658	0.33989288394985545
8.301691885325784	46.38737727666013	1.2226919610181388	0.5646225867457793	0.34032175834485645
8.31260078399244	46.12560902315508	1.2258204320895858	0.5640814195279034	0.3407511958014567
8.323509682659099	45.864487644358505	1.2289504561475435	0.5635411192919089	0.34118119576761363
8.334418581325755	45.60401237461455	1.2320820254700564	0.5630016853722695	0.3416117576857073
8.345327479992411	45.34418244826733	1.2352151323351688	0.562463117106939	0.3420428809925205
8.35623637865907	45.08499709388677	1.2383497690434122	0.5619254138293737	0.34247456512050173
8.367145277325724	44.82645551117133	1.241485928081762	0.5613885748106358	0.34290680950933716
8.378054175992382	44.56855689196524	1.2446236020281163	0.5608525992935034	0.34333961360013937
8.38896307465904	44.311300428171286	1.2477627834609324	0.5603174865244964	0.3437729768285056
8.399871973325695	44.05468531169229	1.250903464958669	0.5597832357540481	0.3442068986244424
8.410780871992353	43.7987107344309	1.254045639099785	0.5592498462364808	0.3446413784123462
8.421689770659007	43.543375888289965	1.2571892984627386	0.5587173172299802	0.3450764156109825
8.432598669325666	43.288679964032944	1.2603344356343686	0.5581856479936338	0.3455120096341787
8.443507567992324	43.034622131847755	1.2634810433535726	0.557654837737121	0.34594815990147076
8.454416466658978	42.78120154405924	1.2666291144916375	0.5571248856279112	0.3463848658358647
8.465325365325636	42.5284173523988	1.2697786419242754	0.5565957908362199	0.34682212685501446
8.476234263992293	42.27626870859799	1.2729296185271948	0.5560675525365354	0.34725994237095276
8.487143162658949	42.024754764388206	1.2760820371761072	0.5555401699075895	0.34769831179007166
8.498052061325607	41.77387467150098	1.2792358907467225	0.5550136421323312	0.3481372345131029
8.508960959992262	41.523627581263106	1.2823911721156447	0.5544879683975892	0.3485767099351225
8.51986985865892	41.27401262875327	1.2855478742563293	0.5539631478607527	0.34901673745212136
8.530778757325576	41.02502892995769	1.2887059903218945	0.5534391796212652	0.3494573164682859
8.541687655992233	40.77667560006866	1.2918655134848	0.5529160627764762	0.34989844638384654
8.55259655465889	40.52895175427857	1.2950264369175046	0.5523937964283416	0.35034012659338765
8.563505453325547	40.28185650777985	1.2981887537924663	0.551872379683393	0.35078235648582884
8.574414351992203	40.03538897576476	1.301352457282145	0.5513518116527085	0.35122513544440565
8.58532325065886	39.789548273425055	1.3045175405590024	0.550832091451884	0.3516684628466511
8.596232149325516	39.54433350933929	1.307683996850704	0.5503132181820205	0.3521123380689245
8.607141047992174	39.299743769322745	1.31085181957995	0.5497951908817931	0.3525567604967182
8.61804994665883	39.055778134297505	1.3140210022124899	0.5492780085799777	0.3530017295128725
8.628958845325487	38.81243568518554	1.317191538214073	0.5487616703102618	0.35344724449456144
8.639867743992143	38.56971550290897	1.320363421050448	0.5482461751112134	0.35389330481327286
8.650776642658801	38.327616668389766	1.3235366441873644	0.54773152202625	0.35433990983479036
8.661685541325458	38.08613826255	1.326711201090571	0.5472177101036082	0.35478705891917395
8.672594439992114	37.84527936229889	1.329887085247478	0.5467047383889299	0.35523475142216593
8.683503338658772	37.60503902347383	1.3330642903258252	0.5461926058712644	0.3556829867077064
8.694412237325427	37.36541629601495	1.3362428100824504	0.5456813115144414	0.3561317641416953
8.705321135992085	37.1264102299193	1.339422638274809	0.5451708542872754	0.35658108308441944
8.716230034658741	36.88801987518402	1.3426037686603531	0.5446612331637435	0.3570309428904651
8.727138933325397	36.65024428180628	1.345786194996537	0.5441524471229526	0.3574813429086991
8.738047831992056	36.413082499783116	1.3489699110408153	0.543644495149108	0.3579322824822508
8.74895673065871	36.17653357829736	1.35215491055772	0.5431373762290888	0.3583837609491414
8.759865629325368	35.94059655179197	1.355341187454785	0.5426310893065653	0.3588357776535179
8.770774527992026	35.70527044193277	1.3585287357722933	0.5421256332857206	0.3592883319442113
8.781683426658681	35.47055426996542	1.3617175495555562	0.5416210070744909	0.3597414231647064
8.792592325325339	35.23644705713545	1.3649076228498862	0.5411172095862316	0.36019505065277574
8.803501223991994	35.00294782468857	1.3680989497005935	0.5406142397396844	0.36064921374046127
8.814410122658652	34.770055593870296	1.3712915241529913	0.5401120964589436	0.3611039117540566
8.82531902132531	34.53776938566445	1.374485340253211	0.5396107786731486	0.36155914401412154
8.836227919991964	34.306088209563576	1.3776803921390965	0.5391102852860452	0.36201490984250306
8.847136818658623	34.07501106156987	1.3808766741219756	0.538610615148821	0.36247120857024434
8.858045717325279	33.84453693722239	1.3840741805324244	0.5381117671118987	0.3629280395245381
8.868954615991935	33.61466483206006	1.3872729057010225	0.5376137400313563	0.3633854020268589
8.879863514658592	33.38539374162196	1.3904728439583458	0.5371165327688938	0.3638432953929449
8.89077241332525	33.15672266144701	1.393673989634973	0.536620144191797	0.3643017189327808
8.901681311991906	32.928650587073996	1.396876337061482	0.5361245731729051	0.3647606719505797
8.912590210658562	32.70117650937321	1.4000798806175923	0.535629818574276	0.3652201537492033
8.923499109325219	32.47429940350554	1.4032846148703562	0.5351358792014753	0.36568016364177836
8.934408007991875	32.24801824137195	1.4064905344314405	0.5346427538511402	0.3661407009393316
8.945316906658533	32.022331994873284	1.409697633912514	0.5341504413257779	0.3666017649471691
8.95622580532519	31.79723963591045	1.4129059079252448	0.5336589404337302	0.3670633549648583
8.967134703991846	31.572740136384397	1.4161153510813003	0.5331682499891371	0.3675254702862111
8.978043602658504	31.34883246819594	1.4193259579923492	0.5326783688119028	0.3679881101992665
8.988952501325159	31.125515600504485	1.4225377232899585	0.5321892957211154	0.3684512739877656
8.999861399991817	30.902788488024598	1.4257506417762147	0.5317010294855813	0.3689149609444262
9.010770298658473	30.68065008174019	1.428964708339805	0.5312135688516577	0.3693791703645225
9.02167919732513	30.459099332700767	1.4321799178700931	0.5307269125715444	0.3698439015376954
9.032588095991787	30.23813519195573	1.4353962652564458	0.5302410594034681	0.3703091537478511
9.043496994658442	30.017756610554624	1.4386137453882257	0.5297560081116481	0.37077492627314307
9.0544058933251	29.797962539546848	1.441832353154799	0.529271757466259	0.37124121838595575
9.065314791991758	29.578751929428268	1.4450520834513791	0.5287883062414873	0.37170802935346275
9.076223690658413	29.360123720876683	1.4482729313049085	0.5283056531745102	0.3721753584492104
9.087132589325071	29.142076846293747	1.4514948918724893	0.5278237969662272	0.37264320495259873
9.098041487991726	28.924610237836227	1.4547179603167577	0.5273427363219703	0.37311156813777485
9.108950386658384	28.70772282766072	1.4579421318003523	0.5268624699532731	0.3735804472731575
9.119859285325042	28.49141354792395	1.46116740148591	0.5263829965778342	0.37404984162141947
9.130768183991696	28.275681330782636	1.4643937645360674	0.5259043149194804	0.3745197504394718
9.141677082658354	28.060525108229204	1.4676212161141582	0.5254264237079052	0.37499017297848275
9.15258598132501	27.84594380462961	1.4708497514682346	0.5249493216514953	0.3754611084911758
9.163494879991667	27.631936335889208	1.474079366011173	0.5244730074116177	0.37593255624036725
9.174403778658325	27.418501617809934	1.4773100551748208	0.523997479649893	0.376404515485202
9.185312677324982	27.205638566193723	1.4805418143910258	0.5235227370343003	0.37687698547910736
9.196221575991638	26.9933460968424	1.4837746390916364	0.5230487782391383	0.37734996546977756
9.207130474658294	26.78162312555794	1.4870085247085	0.5225756019449896	0.3778234546991565
9.21803937332495	26.57046856814216	1.490243466673465	0.5221032068386817	0.37829745240342255
9.228948271991609	26.359881337403838	1.4934794604615604	0.5216315915994203	0.37877195781724854
9.239857170658265	26.14986033646197	1.4967165017241866	0.5211607548562224	0.3792469701864895
9.250766069324921	25.94040446658928	1.4999545861577575	0.5206906952301883	0.37972248875549514
9.261674967991578	25.73151262905863	1.5031937094586856	0.520221411348915	0.38019851276291183
9.272583866658236	25.523183725142758	1.506433867323385	0.5197529018464573	0.38067504144166814
9.283492765324892	25.315416656114486	1.5096750554482687	0.5192851653632911	0.38115207401895784
9.294401663991549	25.108210323246645	1.5129172695297495	0.5188182005462745	0.381629609716225
9.305310562658205	24.901563626035	1.5161605052820204	0.5183520060429634	0.3821076477506628
9.316219461324861	24.695475455108088	1.5194047585776214	0.5178865804570035	0.3825861873490481
9.32712835999152	24.489944699430083	1.522650025372181	0.5174219223722399	0.38306522774130836
9.338037258658176	24.284970248043777	1.5258963016220606	0.5169580303789033	0.3835447681517903
9.348946157324832	24.080550989991952	1.5291435832836213	0.5164949030738041	0.38402480779914194
9.35985505599149	23.87668581431729	1.532391866313226	0.5160325390602942	0.38450534589629765
9.370763954658145	23.673373610062615	1.535641146667236	0.5155709369482295	0.384986381650462
9.381672853324803	23.470613265922047	1.5388914203067678	0.5151100953524335	0.3854679142635987
9.392581751991461	23.268403664847913	1.5421426833122673	0.5146500128566084	0.38594994294415885
9.403490650658116	23.066743685415357	1.5453949318893114	0.5141906880116931	0.38643246690751404
9.414399549324774	22.865632206124154	1.5486481622493942	0.5137321193734848	0.38691548536395254
9.425308447991428	22.66506810547421	1.5519023706040072	0.5132743055044673	0.3873989975180869
9.436217346658086	22.465050261965303	1.555157553164644	0.5128172449737716	0.3878830025688392
9.447126245324744	22.2655775540973	1.5584137061427976	0.5123609363571374	0.3883674997094259
9.458035143991399	22.066648860359923	1.5616708257465994	0.5119053782379268	0.38885248812695683
9.468944042658057	21.86826305652215	1.5649289081782036	0.5114505692078954	0.38933796700137757
9.479852941324713	21.670419012145064	1.5681879498834812	0.5109965077892842	0.38982393553307
9.49076183999137	21.47311559593703	1.571447947375324	0.5105431924902528	0.39031039292421943
9.501670738658028	21.276351676606506	1.574708897166623	0.5100906218258128	0.39079733837139013
9.512579637324682	21.080126122861955	1.5779707957702689	0.5096387943177874	0.3912847710655113
9.52348853599134	20.884437803411736	1.5812336396991535	0.5091877084947725	0.39177269019186267
9.534397434657997	20.689285586964345	1.5844974254661672	0.5087373628920984	0.3922610949300596
9.545306333324653	20.494668342228145	1.587762149584202	0.5082877560517907	0.3927499844540395
9.556215231991311	20.300584937911598	1.5910278085661487	0.5078388865225327	0.3932393579320467
9.567124130657968	20.107034242723163	1.5942943989248977	0.5073907528596271	0.3937292145266181
9.578033029324624	19.914015120810305	1.5975619172243027	0.5069433536092296	0.39421955339935205
9.58894192799128	19.72152643002954	1.6008303602573304	0.5064966872534813	0.39471037373097484
9.599850826657937	19.529567030549117	1.604099724881293	0.5060507522616082	0.395201674704547
9.610759725324595	19.338135782544292	1.6073700079535058	0.5056055471097858	0.39569345549755347
9.621668623991251	19.147231546190316	1.6106412063312834	0.5051610702811005	0.3961857152818885
9.632577522657908	18.95685318166236	1.613913316871942	0.5047173202655099	0.39667845322384176
9.643486421324564	18.766999549135708	1.617186336432796	0.5042742955598047	0.3971716684840841
9.654395319991222	18.57766950878553	1.6204602618711617	0.5038319946675698	0.39766536021765414
9.665304218657878	18.388861920787072	1.6237350900443537	0.5033904160991456	0.3981595275739444
9.676213117324535	18.200575645315602	1.6270108178096867	0.5029495583715905	0.39865416969668727
9.687122015991193	18.012809540525478	1.630287442042108	0.5025094200032625	0.39914928572562036
9.698030914657847	17.825562457812577	1.6335649598105564	0.5020699994600545	0.39964487481614613
9.708939813324506	17.638833251627318	1.6368433683041135	0.5016312951781754	0.40014093613265145
9.719848711991162	17.45262077677221	1.6401226647136466	0.5011933056003104	0.4006374688342691
9.730757610657818	17.266923888049767	1.6434028462300239	0.5007560291761286	0.40113447207459196
9.741666509324476	17.081741440262398	1.6466839100441146	0.5003194643622427	0.4016319450016605
9.75257540799113	16.897072288212645	1.6499658533467867	0.4998836096221717	0.40212988675794853
9.763484306657789	16.71291528670292	1.6532486733289093	0.4994484634263008	0.40262829648035087
9.774393205324447	16.529269290535733	1.6565323671813503	0.4990140242518445	0.4031271733001698
9.785302103991102	16.346133154513595	1.6598169320949778	0.4985802905828075	0.40362651634310176
9.79621100265776	16.163505732752167	1.6631023652643049	0.49814726090884776	0.4041263247295126
9.807119901324414	15.981385873069232	1.666388664019253	0.497714933685528	0.40462659758898173
9.818028799991072	15.799772426472508	1.6696758258621258	0.4972833073233732	0.40512733406685464
9.828937698657729	15.618664245292065	1.6729638483063978	0.4968523802366054	0.4056285333046241
9.839846597324385	15.438060181857852	1.6762527288655453	0.496422150846478	0.40613019443830134
9.850755495991043	15.257959088499906	1.6795424650530433	0.49599261758123847	0.40663231659840293
9.8616643946577	15.078359817548268	1.6828330543823662	0.49556377887608893	0.4071348989099379
9.872573293324356	14.899261221332889	1.686124494366991	0.4951356331731468	0.4076379404923962
9.883482191991012	14.720662152183834	1.6894167825203916	0.4947081789214087	0.4081414404597349
9.89439109065767	14.542561462431056	1.6927099163560442	0.4942814145767108	0.4086453979203667
9.905299989324327	14.364958004349813	1.6960038933875692	0.4938553386016483	0.40914981197715194
9.916208887990983	14.187850626422083	1.6992987112052615	0.4934299494427249	0.40965468173590874
9.92711778665764	14.011238178798333	1.7025943676014128	0.49300524549312263	0.41016000632204397
9.938026685324296	13.83511951405733	1.705890860401156	0.49258122514331004	0.4106657848601154
9.948935583990954	13.659493484777734	1.7091881874296266	0.49215788679081407	0.41117201646926277
9.95984448265761	13.484358943538284	1.7124863465119584	0.49173522884018306	0.41167870026319564
9.970753381324267	13.309714742917723	1.715785335473285	0.49131324970294743	0.4121858353501812
9.981662279990925	13.135559735494706	1.719085152138742	0.4908919477975815	0.41269342083303323
9.99257117865758	12.961892773848005	1.7223857943334628	0.49047132154946615	0.41320145580909895
10.003480077324237	12.788712710556275	1.7256872598825825	0.4900513693908505	0.413709939370248
10.014388975990894	12.616018398198259	1.728989546611235	0.48963208976081485	0.41421887060286006
10.02529787465755	12.443808687576011	1.7322926523781284	0.48921348109533414	0.4147282485915678
10.036206773324208	12.272082429971778	1.7355965752382976	0.488795541779357	0.41523807244021566
10.047115671990863	12.100838480901091	1.7389013133177462	0.4883782701839654	0.41574834125722265
10.05802457065752	11.930075695939573	1.7422068647425706	0.48796166468728186	0.4162590541456867
10.068933469324179	11.759792930662936	1.7455132276388654	0.48754572367445725	0.4167702102033462
10.079842367990834	11.589989040646893	1.7488204001327248	0.4871304455376336	0.4172818085225688
10.090751266657492	11.420662881467067	1.7521283803502457	0.4867158286759051	0.41779384819034043
10.101660165324146	11.2518133086992	1.7554371664175217	0.48630187149528203	0.4183063282882533
10.112569063990804	11.083439177918919	1.7587467564606494	0.48588857240865213	0.41881924789249536
10.123477962657462	10.915539344701932	1.7620571486057228	0.4854759298357446	0.4193326060738383
10.134386861324117	10.74811266374336	1.7653683409893148	0.48506394220003635	0.4198464018987218
10.145295759990775	10.581157988978633	1.768680331904525	0.4846526078861775	0.4203606344479283
10.156204658657431	10.414674180722198	1.77199311976452	0.4842419252508108	0.42087530281399016
10.167113557324088	10.248660099900416	1.7753067029855112	0.48383189265674786	0.4213904060847224
10.178022455990746	10.08311460743973	1.7786210799837086	0.48342250847381896	0.42190594334265713
10.188931354657402	9.918036564266583	1.7819362491753215	0.4830137710788359	0.42242191366503273
10.199840253324059	9.753424831307331	1.7852522089765614	0.4826056788555547	0.4229383161237836
10.210749151990715	9.58927826948845	1.7885689578036372	0.4821982301946386	0.4234551497855285
10.221658050657371	9.425595739736297	1.7918864940727603	0.48179142349362014	0.4239724137115611
10.23256694932403	9.262376102977315	1.7952048162001406	0.4813852571568664	0.42449010695783784
10.243475847990686	9.099618219874914	1.7985239226035907	0.4809797295950785	0.425008228575101
10.254384746657342	8.937320949469225	1.801843811803016	0.4805748391962902	0.42552677762155405
10.265293645323998	8.77548315812986	1.805164482479459	0.48017058430898474	0.42604575317321536
10.276202543990657	8.614103714161804	1.8084859333281207	0.4797669632845858	0.42656515430330855
10.287111442657313	8.453181485870118	1.8118081630442	0.47936397448151014	0.4270849800798554
10.29802034132397	8.292715341559866	1.8151311703228958	0.4789616162651301	0.42760522956566616
10.308929239990626	8.132704149536032	1.818454953859409	0.47855988700773744	0.4281259018183296
10.319838138657282	7.9731467781037075	1.8217795123489378	0.4781587850885062	0.42864699589020205
10.33074703732394	7.814042095567873	1.8251048444866829	0.4777583088934563	0.42916851082839846
10.341655935990596	7.655388970233594	1.8284309489678434	0.4773584568154182	0.42969044567478115
10.352564834657253	7.497186270403164	1.8317578244876234	0.47695922725399464	0.4302127994659503
10.36347373332391	7.3394328631205905	1.8350854697940389	0.4765606186004635	0.4307355712398227
10.374382631990565	7.182127621956029	1.8384138838130355	0.47616262920216923	0.4312587600546767
10.385291530657224	7.02526942449801	1.8417430655077691	0.47576525740280895	0.4317823649698533
10.396200429323882	6.868857148335138	1.8450730138413953	0.4753685015530318	0.432306385039578
10.407109327990536	6.712889671056024	1.848403727777069	0.47497236001040233	0.4328308193129515
10.418018226657194	6.5573658702491935	1.8517352062779466	0.47457683113936455	0.43335566683393995
10.428927125323849	6.402284623503282	1.8550674483071827	0.47418191331120574	0.4338809266413654
10.439836023990507	6.247644808406819	1.8584004528279339	0.4737876049040204	0.4344065977688966
10.450744922657165	6.09344530254841	1.861734218803355	0.4733939043026755	0.43493267924503887
10.46165382132382	5.939684983516664	1.8650687451966013	0.4730008098987747	0.4354591700931252
10.472562719990478	5.786362728316169	1.8684040309920025	0.47260832008464637	0.43598606933393164
10.483471618657134	5.633477418854143	1.8717400753356144	0.4722164332137079	0.43651337600640716
10.49438051732379	5.48102794365414	1.875076877447495	0.47182514762537786	0.4370410891566553
10.505289415990449	5.329013191409375	1.8784144365480513	0.47143446166587466	0.43756920782586073
10.516198314657103	5.1774320508130645	1.8817527518576889	0.4710443736882787	0.4380977310501743
10.527107213323761	5.026283410558348	1.8850918225968163	0.4706548820524964	0.43862665786070437
10.538016111990418	4.875566159338464	1.888431647985839	0.4702659851252261	0.43915598728350747
10.548925010657074	4.725279185846556	1.8917722272451647	0.46987768127992224	0.43968571833957987
10.559833909323732	4.575421378775839	1.8951135595952002	0.4694899688967601	0.44021585004484803
10.570742807990388	4.425991626819525	1.8984556442563516	0.4691028463626019	0.4407463814101601
10.581651706657045	4.276988818360606	1.9017984804547359	0.4687163120693669	0.4412773114419352
10.592560605323701	4.128411844751773	1.9051420675379056	0.4683303643817093	0.4418086391590557
10.603469503990357	3.980259606490631	1.9084864049685277	0.46794500163892117	0.4423403635943942
10.614378402657016	3.832531005002261	1.9118314922137063	0.4675602221858861	0.4428724837768354
10.625287301323672	3.685224941711746	1.9151773287405447	0.46717602437428496	0.44340499873032596
10.636196199990328	3.5383403180440953	1.9185239140161485	0.46679240656256016	0.44393790747386586
10.647105098656985	3.3918760354244153	1.921871247507622	0.46640936711588266	0.4444712090214999
10.658013997323643	3.2458309952777147	1.9252193286820702	0.46602690440611605	0.44500490238230966
10.668922895990299	3.1002040990290762	1.9285681570065971	0.4656450168117834	0.4455389865604045
10.679831794656955	2.9549942481035814	1.931917731948307	0.4652637027180324	0.446073460554914
10.690740693323614	2.810200343845082	1.9352680529748507	0.4648829605164515	0.44660832336002376
10.701649591990268	2.6658212885947394	1.9386191196275664	0.4645027885848322	0.4471435739754629
10.712558490656926	2.5218559952263373	1.9419709315929228	0.4641231852675265	0.44767921142002987
10.72346738932358	2.3783033792815234	1.9453234885741297	0.4637441489110079	0.4482152347110002
10.734376287990239	2.2351623563018483	1.9486767902744002	0.46336567786847127	0.4487516428608106
10.745285186656897	2.0924318418289363	1.9520308363969454	0.46298777049979933	0.44928843487705017
10.756194085323552	1.95011075140441	1.9553856266449754	0.4626104251715284	0.44982560976245317
10.76710298399021	1.808198000569821	1.9587411607217033	0.46223364025681424	0.4503631665148914
10.778011882656866	1.6666925048668164	1.9620974383303393	0.4618574141353995	0.45090110412736556
10.788920781323522	1.525593179836948	1.965454459174096	0.46148174519357965	0.45143942158799866
10.79982967999018	1.3848989410218386	1.968812222956184	0.46110663182417033	0.4519781178800271
10.810738578656835	1.2446087044505791	1.972170729419295	0.46073207241567893	0.4525171919874987
10.821647477323493	1.1047213956777615	1.97552997845592	0.4603580653221908	0.4530566429143109
10.83255637599015	0.9652359453118313	1.9788899699912628	0.45998460889549486	0.45359646966618633
10.843465274656806	0.8261512839700944	1.98225070395049	0.45961170149402253	0.4541366712441061
10.854374173323464	0.6874663422699252	1.9856121802587674	0.45923934148280465	0.4546772466443037
10.86528307199012	0.5491800508286985	1.9889743988412603	0.45886752723343827	0.45521819485825804
10.876191970656777	0.41129134026371966	1.9923373596231355	0.45849625712405373	0.45575951487268634
10.887100869323433	0.27379914119238646	1.995701062529558	0.45812552953928165	0.45630120566953636
10.898009767990091	0.13670238423200448	1.9990655074856944	0.4577553428702207	0.4568432662259799
10.908918666656747	-5.161843175116587e-14	2.0024306944167103	0.457385695514405	0.457385695514405