0.00002	3.394980430898834e-17	3.3949802654627116e-17	4.872962477975307e-6
0.010954486527909178	5.57856770918096e-9	5.578567639875202e-9	1.242357550168549e-6
0.021888973055818356	4.450622707175448e-8	4.450623026558337e-8	7.1761393716229804e-6
0.03282345958372753	1.5007016128579826e-7	1.5007019293726043e-7	0.000021091109592141777
0.04375794611163671	3.555555000485239e-7	3.555556310561333e-7	0.00003684589588992537
0.054692432639545895	6.94244319812039e-7	6.942447111013988e-7	0.000056361910139024474
0.06562691916745507	1.199414629836043e-6	1.1994155691663403e-6	0.00007831572783612017
0.07656140569536425	1.9043393169780753e-6	1.9043413087513217e-6	0.00010459129993201088
0.08749589222327343	2.84228503946039e-6	2.8422892237360787e-6	0.0001472152029391438
0.09843037875118262	4.0465113514127595e-6	4.046518656485785e-6	0.00018052767905007983
0.1093648652790918	5.550271840061111e-6	5.5502824908658e-6	0.00019189699163035812
0.12029935180700096	7.386806411608233e-6	7.386823084615569e-6	0.00022571333817555939
0.13123383833491012	9.589343084607262e-6	9.589377489508311e-6	0.00035878266890776445
0.1421683248628193	0.000012191108749328069	0.000012191159479430686	0.0004161237805222484
0.15310281139072848	0.000015225312281982202	0.00001522537798171893	0.0004315165134993748
0.16403729791863766	0.00001872514384114195	0.000018725239221044552	0.0005093680636614195
0.17497178444654685	0.000022723790129361376	0.00002272392171943341	0.0005790850526432578
0.18590627097445603	0.00002725441375470929	0.000027254588271303933	0.0006403241552543903
0.1968407575023652	0.00003235016201509	0.00003235039835692294	0.0007305738773055737
0.2077752440302744	0.000038044173807214176	0.00003804448140943849	0.0008085396357104813
0.21870973055818357	0.000044369555642376716	0.00004436995043398383	0.0008897803942309324
0.22964421708609273	0.0000513594044955063	0.0000513599122135355	0.000988559026704472
0.2405787036140019	0.00005904679853098197	0.000059047435882464677	0.0010794005747216673
0.25151319014191115	0.00006746478207750508	0.00006746557622817247	0.0011771336732024906
0.2624476766698203	0.00007664639288764382	0.00007664737752476164	0.001284648997468274
0.27338216319772946	0.00008662463598733876	0.00008662583979584009	0.00138968376328652
0.28431664972563864	0.00009743248838569366	0.00009743395144872657	0.0015016172296933306
0.2952511362535478	0.00010910291740862437	0.00010910468398099484	0.0016191797730380486
0.306185622781457	0.00012166884528141393	0.0001216709600035206	0.0017380966358171435
0.3171201093093662	0.00013516317586896587	0.00013516569320241238	0.0018624402913891558
0.32805459583727536	0.00014961879240803103	0.00014962177196688317	0.0019914335653847814
0.33898908236518455	0.00016506852846403296	0.00016507203353800684	0.0021234053556362653
0.34992356889309373	0.00018154520677951975	0.00018154930830090863	0.0022592286855971366
0.3608580554210029	0.00019908161239405318	0.00019908639127518094	0.002400463342788761
0.3717925419489121	0.00021771048678196315	0.00021771602655694147	0.002544560466599677
0.3827270284768213	0.0002374645604679798	0.00023747095240626937	0.0026917440973051043
0.39366151500473046	0.0002583765092686036	0.0002583838604419145	0.0028451399594064952
0.40459600153263964	0.0002804789782428447	0.0002804873939587938	0.003000480107928638
0.4155304880605488	0.0003038045919593033	0.0003038141899499626	0.0031592645119093987
0.426464974588458	0.00032838591048036823	0.00032839682697994053	0.0033242898747731786
0.4373994611163672	0.00035425547592820856	0.00035426783995704637	0.003490144733953038
0.4483339476442763	0.00038144579121111345	0.00038145975508542876	0.0036607755641959727
0.4592684341721855	0.00040998929845408743	0.0004100050286603107	0.003836735808104841
0.4702029207000947	0.0004399184264769532	0.00043993607961635993	0.004012821092325147
0.48113740722800385	0.0004712655435364967	0.00047128531344369445	0.004195067402834596
0.49207189375591304	0.0005040629714752652	0.000504085055623663	0.004381228070204912
0.5030063802838223	0.0005383430122659385	0.0005383676014746018	0.004567572737634862
0.5139408668117315	0.0005741378915355024	0.0005741652253174427	0.004760839224049462
0.5248753533396405	0.000611479806075951	0.000611510113933666	0.004956477288997618
0.5358098398675497	0.0006504009147456515	0.0006504344312423778	0.005153205656149851
0.5467443263954589	0.0006909332983020262	0.0006909703095665941	0.005356705872894274
0.5576788129233681	0.0007331090196552524	0.0007331497899438445	0.005561285906874325
0.5686132994512773	0.0007769600791005635	0.0007770048967296416	0.005768330997124593
0.5795477859791864	0.0008225184124501228	0.0008225676093923854	0.0059812572603679115
0.5904822725070956	0.0008698159356792614	0.0008698698164139791	0.006194498457379183
0.6014167590350048	0.0009188844804917314	0.0009189433940957563	0.006411426602115355
0.612351245562914	0.0009697558350750981	0.0009698201587116313	0.006632972363407319
0.6232857320908232	0.0010224617524387655	0.001022531839511234	0.006854737822847845
0.6342202186187323	0.0010770338921075604	0.0010771101558701907	0.007080906477430204
0.6451547051466415	0.0011335038879470623	0.0011335867508447642	0.007310332022947286
0.6560891916745507	0.0011919033125647838	0.001191993187755673	0.0075404766428421865
0.6670236782024599	0.001252263654858446	0.001252361040819204	0.007776793679181715
0.6779581647303691	0.0013146163823572676	0.0013147218129137743	0.008019872407016848
0.6888926512582783	0.0013789928745741352	0.0013791068160011613	0.008262655241142447
0.6998271377861874	0.0014454244496672202	0.0014455473501079148	0.008502723246661681
0.7107616243140966	0.0015139423932887973	0.0015140747152605828	0.008740225015957392
0.7216961108420058	0.0015845778850567163	0.0015847202114857152	0.008981977493260906
0.732630597369915	0.0016573620796085473	0.0016575150927491526	0.009232330248654108
0.7435650838978242	0.0017323261083253291	0.0017324903786285549	0.009482643160341198
0.7544995704257333	0.0018095009027405077	0.001809677016300724	0.00973271469220105
0.7654340569536425	0.0018889173389689323	0.0018891059529921772	0.00998529789280056
0.7763685434815517	0.001970606296802773	0.0019708081359294306	0.010242488668832372
0.7873030300094609	0.0020545986569046226	0.0020548144955341327	0.010505147990080843
0.7982375165373701	0.0021409252348302665	0.0021411557576248475	0.010767437873626662
0.8091720030652793	0.0022296166255741973	0.002229862512426029	0.011028212160391071
0.8201064895931884	0.0023207033425151355	0.0023209653477874103	0.011289907997924509
0.8310409761210976	0.0024142159040737537	0.0024144948515587225	0.01155437193907094
0.8419754626490068	0.0025101848288983453	0.002510481604812118	0.011822870983690947
0.852909949176916	0.0026086405633165663	0.002608956010651599	0.012092403202990099
0.8638444357048252	0.0027096133315108323	0.002709948282764141	0.012361588622744613
0.8747789222327343	0.002813133283021498	0.00281348862576716	0.012631564519427485
0.8857134087606434	0.0029192305730556334	0.002919607244278073	0.012903099395988882
0.8966478952885526	0.0030279353537522985	0.0030283343409936558	0.013176874495113289
0.9075823818164618	0.003139277680279172	0.0031396999750168387	0.013451971462075107
0.918516868344371	0.003253287372499027	0.0032537339666017296	0.013727471679203518
0.9294513548722801	0.003369994196403555	0.003370466113555875	0.014003500445891603
0.9403858414001893	0.0034894279240715634	0.0034899262136868186	0.014279980160014638
0.9513203279280985	0.0036116183187203227	0.0036121440646680646	0.014557073902765616
0.9622548144560077	0.0037365950169668074	0.0037371493613765436	0.014835549670721981
0.9731893009839169	0.003864387416609339	0.0038649715180487437	0.015114981404162897
0.984123787511826	0.00399502488085042	0.003995639901725244	0.015394669449286802
0.9950582740397352	0.004128536779363278	0.004129183879446618	0.015673835984064688
1.0059927605676444	0.004264952463911059	0.0042656328182534425	0.015952213961134554
1.0169272470955535	0.004404301126153021	0.004405016020675852	0.01623173580447279
1.0278617336234628	0.004546611725586979	0.004547362487862771	0.016512566304416332
1.0387962201513719	0.004691913202840107	0.00469270113367318	0.016793380418778092
1.049730706679281	0.004840234505444929	0.00484106087196247	0.017072861172562348
1.0606651932071902	0.004991604550566881	0.004992470616586041	0.017350453353937034
1.0715996797350993	0.005146052061227454	0.005146959244760005	0.017628728232010893
1.0825341662630086	0.005303605543230507	0.005304555338165625	0.017908476174866017
1.0934686527909177	0.005464293495135799	0.005465287336436618	0.018187919475853853
1.104403139318827	0.005628144422648231	0.005629183678335516	0.018465334384476506
1.115337625846736	0.005795186785108228	0.005796272802624827	0.01873999159767159
1.1262721123746453	0.005965448815437285	0.005966583130070059	0.019014740849643275
1.1372065989025544	0.006138958550897526	0.006140142812970746	0.019290927987225537
1.1481410854304637	0.006315744029651228	0.006316979798105802	0.019566474650845045
1.1590755719583727	0.006495833296644894	0.0064971220270792045	0.01983933970375329
1.170010058486282	0.006679254330182673	0.006680597441494944	0.020108701448928734
1.180944545014191	0.006866034852666701	0.006867433976310566	0.020377462012466374
1.1918790315421004	0.007056202418367258	0.007057659342271308	0.020647422192121567
1.2028135180700095	0.007249784587864575	0.007251300978210349	0.02091635037422268
1.2137480045979188	0.007446808926897559	0.007448386306685865	0.021181955973226252
1.2246824911258278	0.007647302909252213	0.007648942750256008	0.02144339021554753
1.2356169776537371	0.007851293727660144	0.007852997730178725	0.021703461591027207
1.2465514641816462	0.008058808438819084	0.008060578499011987	0.021964291698206573
1.2574859507095555	0.00826987410880622	0.00827171197792248	0.022223664980636215
1.2684204372374646	0.008484517805233127	0.008486425049648631	0.022479113831641584
1.2793549237653739	0.008702766474088491	0.008704744596928876	0.0227298163897105
1.290289410293283	0.008924646762234518	0.008926697502488616	0.022978391287997724
1.3012238968211922	0.009150185213543903	0.009152310535908308	0.02322709666311429
1.3121583833491013	0.009379408382490283	0.009381610095993777	0.023473905961957087
1.3230928698770106	0.009612342818920896	0.00961462250611502	0.023716249379246435
1.3340273564049197	0.00984901491889609	0.009851374089642014	0.02395336757381461
1.344961842932829	0.010089450770686006	0.010091891169944757	0.024187632352012933
1.355896329460738	0.010333676389860354	0.010336200001617592	0.024421238502436715
1.3668308159886473	0.010581717802882798	0.010584326459395268	0.02465248611864812
1.3777653025165564	0.01083360102217467	0.01083629628807964	0.02487876283658874
1.3886997890444657	0.011089351872707855	0.011092135232370383	0.025099389887506263
1.3996342755723747	0.011348995873680462	0.011351869036967131	0.025316453707868725
1.4105687621002838	0.011612558497643208	0.011615523409201094	0.025531940773326767
1.421503248628193	0.011880065228322781	0.011883123697400457	0.025744547853023825
1.4324377351561022	0.01215154152129746	0.012154695050093627	0.025951676918034572
1.4433722216840115	0.012427012609285136	0.012430262613676366	0.02615274075445928
1.4543067082119205	0.012706503432999977	0.012709851534544438	0.026349511194134756
1.4652411947398298	0.012990038907946174	0.01299348694261865	0.026543682408575187
1.476175681267739	0.013277643961315016	0.0132811936554046	0.02673436718085842
1.4871101677956482	0.013569343472268817	0.013572996211628219	0.026919057409569014
1.4980446543235573	0.01386516206116242	0.013868919140277214	0.027097260733199846
1.5089791408514666	0.01416512408085426	0.0141689869703393	0.027270424621717027
1.5199136273793756	0.014469253875580743	0.014473224225838669	0.027439910116089372
1.530848113907285	0.01477757580146506	0.014781655183492705	0.02760521808482519
1.541782600435194	0.015090114141570049	0.015094303764817145	0.027764026221333005
1.5527170869631033	0.015406892887219381	0.015411193863958925	0.027915925495336502
1.5636515734910124	0.0157279357939742	0.015732349375064965	0.028062049264310218
1.5745860600189217	0.01605326662008869	0.01605779419163882	0.02820342835685441
1.5855205465468307	0.016382909135019916	0.016387552029816465	0.028339867835946997
1.59645503307474	0.0167168870068451	0.016721646191569253	0.028469323996760387
1.607389519602649	0.01705522358550813	0.01706009992009233	0.02859144331794905
1.6183240061305584	0.017397942020074393	0.01740293645858088	0.028707064897237622
1.6292584926584674	0.01774506546907349	0.017750179050232354	0.028816919090979276
1.6401929791863767	0.018096617100107976	0.018101850822990033	0.02892100138442988
1.6511274657142858	0.018452619948370965	0.018457974459882648	0.0290176220323346
1.662061952242195	0.018813096712295616	0.018818572536883633	0.02910645000000489
1.6729964387701042	0.019178069926179934	0.019183667629966403	0.02918804555418486
1.6839309252980135	0.019547562137501164	0.0195532823151044	0.029262869523050128
1.6948654118259225	0.019921595898102218	0.01992743910079888	0.02933099700721531
1.7057998983538318	0.02030019359227442	0.02030616005557445	0.02939116453697377
1.716734384881741	0.020683377256940423	0.020689467071801432	0.0294430391389211
1.7276688714096502	0.021071168803953502	0.021077382041389918	0.02948691405884052
1.7386033579375593	0.0214635901600457	0.021469926856249946	0.02952300224237092
1.7495378444654686	0.02186066324732142	0.02186712332216051	0.029551138343819616
1.7604723309933776	0.022262409780902596	0.02226899550299863	0.029582251700732698
1.7714068175212867	0.022668851127280606	0.02267556766472083	0.029628927388136717
1.782341304049196	0.023080008566877575	0.02308686190784342	0.029693840649946956
1.793275790577105	0.023495903395310727	0.02350289995535049	0.029777786885021307
1.8042102771050144	0.02391655688938159	0.02392370295991064	0.029879177684732916
1.8151447636329234	0.024341990079043148	0.02434929199355996	0.029997196174602614
1.8260792501608327	0.02477222365489204	0.0247796879434321	0.03013168556866841
1.8370137366887418	0.025207278254661774	0.02521491156738967	0.030282177436125046
1.847948223216651	0.02564717453115247	0.02565498350177632	0.03044768387396868
1.8588827097445602	0.026091933099696398	0.026099924237416524	0.030626851945347866
1.8698171962724695	0.026541574293641002	0.026549754151137445	0.03081903660251406
1.8807516828003785	0.026996118125841843	0.027004493450666862	0.031024182017480584
1.8916861693282878	0.02745558458027897	0.027464162216756426	0.03124186430041309
1.9026206558561969	0.027919993656255634	0.027928780379368256	0.03147107847087938
1.9135551423841062	0.028389365292800717	0.028398367788181222	0.031710801871231986
1.9244896289120152	0.028863719117778772	0.028872944014136766	0.03196017921442973
1.9354241154399245	0.029343074465619946	0.029352528590462067	0.032219271546329864
1.9463586019678336	0.029827450659140397	0.029837140980817908	0.03248793129606575
1.957293088495743	0.030316867036905212	0.030326800352988213	0.03276498218272028
1.968227575023652	0.03081134284704064	0.030821525799204677	0.03304936177106477
1.9791620615515613	0.03131089700114122	0.03132133633796418	0.03334090627482578
1.9900965480794703	0.031815548154105776	0.03182625071461837	0.03363940316463143
2.00103103460738	0.032325314962594394	0.032336287611459485	0.033944445329581185
2.011965521135289	0.0328402160983004	0.03285146561320479	0.03425530109397723
2.022900007663198	0.03336027010266137	0.03337180302283545	0.03457082373310438
2.0338344941911073	0.033885495159367916	0.0338973180956001	0.034890846884727544
2.0447689807190166	0.03441590924058521	0.03442802898963312	0.035215542216771034
2.055703467246926	0.03495153032948233	0.03496395357172645	0.03554420114657564
2.0666379537748347	0.035492376421033686	0.03550510965702041	0.03587597470418036
2.077572440302744	0.036038465336216054	0.036051514967227374	0.03621028500957468
2.0885069268306533	0.036589814525158845	0.03660318693042181	0.03654679707045805
2.099441413358562	0.037146441271195124	0.03716014291954031	0.03688549394316176
2.1103758998864715	0.0377083628731248	0.037722400218446285	0.03722607997784788
2.1213103864143807	0.03827559663610328	0.03828997581414014	0.03756748241854346
2.13224487294229	0.03884815965309163	0.03886288663364053	0.03790908161520612
2.143179359470199	0.0394260686435952	0.039441149653713245	0.03825136676540719
2.154113845998108	0.04000934019664715	0.040024781398710026	0.03859399327004187
2.1650483325260175	0.04059799091798701	0.04061379811523036	0.03893591009289654
2.1759828190539268	0.04119203741298964	0.04120821604987315	0.039276126891474306
2.1869173055818356	0.04179149604452931	0.04180805144923729	0.03961429064502919
2.197851792109745	0.04239638280935463	0.04241332055992179	0.039950933180588066
2.208786278637654	0.04300671360360038	0.043024039489942656	0.04028646899638666
2.2197207651655635	0.0436225043412377	0.04364022374231147	0.04061986202159584
2.2306552516934723	0.04424377091813876	0.044261888655080205	0.040949802798162516
2.2415897382213816	0.044870528943374455	0.04488904956629797	0.04127569556153787
2.252524224749291	0.04550279368213824	0.04552172181401376	0.04159773575165282
2.2634587112772	0.04614058034042662	0.04615992073627659	0.041916238823347385
2.274393197805109	0.04678390414196156	0.04680366153752754	0.042231181703056286
2.2853276843330184	0.047432780265091005	0.04745295881038633	0.04254135048074037
2.2962621708609277	0.048087223559313545	0.04810782697248812	0.04284591966337015
2.307196657388837	0.048747248558788786	0.048768280441454516	0.043144758499269464
2.318131143916746	0.049412869769459786	0.04943433363490715	0.043437803850499
2.329065630444655	0.050084101714504864	0.05010600097046779	0.043724965035329966
2.3400001169725644	0.05076095884407002	0.05078329674613948	0.04400606800609719
2.3509346035004737	0.05144345525337496	0.05146623464502791	0.04428044644504414
2.3618690900283825	0.05213160475177758	0.05215482815410002	0.04454764520103183
2.372803576556292	0.052825421137306164	0.05284909076025357	0.044807258395307414
2.383738063084201	0.053524918225387776	0.05354903595038618	0.045058873134284916
2.3946725496121104	0.054230109728781645	0.05425467721139551	0.04530229191261892
2.4056070361400193	0.0549410089901156	0.05496602791908065	0.04553780395541995
2.4165415226679285	0.055657629099861994	0.055683100835061485	0.04576503816537958
2.427476009195838	0.056379983148690915	0.0564059085112106	0.045983274686900444
2.438410495723747	0.057108084244390366	0.05713446349924814	0.04619180490259556
2.449344982251656	0.057841945354285544	0.05786877835089419	0.046390204278723424
2.4602794687795653	0.05858157906755366	0.05860886561786905	0.046578721075318796
2.4712139553074746	0.05932699776222606	0.05935473761091985	0.046757546715858744
2.4821484418353834	0.060078213825421695	0.06010640617738718	0.046926082135878566
2.4930829283632927	0.06083523965847534	0.060863890366290266	0.047095578115197156
2.504017414891202	0.061598087471252456	0.06162721155027047	0.047280817008488185
2.5149519014191113	0.06236676909505449	0.062396382161123504	0.047482123090092365
2.52588638794702	0.06314129619875468	0.06317141356366873	0.04769836339635347
2.5368208744749294	0.06392168046617647	0.06395231716806594	0.04792849885366657
2.5477553610028387	0.06470793358781639	0.06473910504186212	0.04817253823046208
2.558689847530748	0.0655000670085673	0.0655317885884779	0.04842984344803902
2.569624334058657	0.06629809180264985	0.06633037879922121	0.04869973734307198
2.580558820586566	0.0671020189267862	0.0671348864432685	0.04898141219589203
2.5914933071144755	0.06791185935454908	0.06794532235884566	0.04927416892224201
2.6024277936423847	0.06872762405636718	0.06876169714748462	0.04957699554621886
2.6133622801702936	0.06954932371776813	0.06958402138311519	0.04988929222067284
2.624296766698203	0.07037696866743116	0.07041230542472413	0.05021068392410122
2.635231253226112	0.07121056914693308	0.07124655931976707	0.05054049316715048
2.6461657397540215	0.07205013541422627	0.07208679328011049	0.05087827479222096
2.6571002262819303	0.07289567771617174	0.07293301700060087	0.05122290593759793
2.6680347128098396	0.07374720599362874	0.07378524021390488	0.051573777967162115
2.678969199337749	0.07460472984918902	0.0746434725361513	0.05193060418635653
2.689903685865658	0.07546825881835798	0.07550772320920415	0.0522927008839158
2.700838172393567	0.07633780245416837	0.07637800158312483	0.05265953127298051
2.7117726589214763	0.07721337027188097	0.07725431668604164	0.05303021227605065
2.7227071454493856	0.07809497144425694	0.07813667738210617	0.053404127151779335
2.733641631977295	0.07898261484782743	0.0790250925242542	0.05378104600437528
2.7445761185052038	0.07987630932545646	0.07991957061883859	0.05416035586454093
2.755510605033113	0.08077606373780263	0.08082012014380319	0.05454141234655374
2.7664450915610224	0.08168188686473167	0.08172674940434717	0.054923485900615354
2.7773795780889317	0.08259378711114314	0.08263946645478164	0.05530602874164181
2.7883140646168405	0.08351177263040499	0.08355827932922853	0.05568879375770219
2.79924855114475	0.08443585156646741	0.08448319580126686	0.05607124689466225
2.810183037672659	0.08536603208025535	0.08541422351556903	0.05645270623375609
2.821117524200568	0.08630232221595292	0.08635137000401875	0.056832524092564896
2.8320520107284772	0.0872447296304232	0.08729464252741025	0.057210214529268555
2.8429864972563865	0.0881932617621956	0.08824404833204541	0.05758554433190621
2.853920983784296	0.0891479260506747	0.08919959441659134	0.05795801226746722
2.8648554703122047	0.09010872995158965	0.09016128763562176	0.05832696128371673
2.875789956840114	0.09107568077496983	0.09112913467023849	0.058691732868543234
2.8867244433680233	0.09204878544507959	0.09210314199942415	0.05905189740607053
2.8976589298959325	0.09302805069791065	0.093083316142389	0.059407290665292045
2.9085934164238414	0.094013483276051	0.09406966340693539	0.059757525119485955
2.9195279029517507	0.0950050899366207	0.09506218962616446	0.060101716215266165
2.93046238947966	0.09600287724620368	0.09606090061217216	0.06043919477503046
2.9413968760075693	0.09700685139757813	0.09706580217705432	0.06076970711541563
2.952331362535478	0.09801701843626683	0.09807690012593484	0.061093155681901656
2.9632658490633874	0.0990333844195165	0.09909419995216706	0.06140912279937183
2.9742003355912967	0.10005595541318371	0.10011770672195801	0.06171677489790195
2.985134822119206	0.10108473724149769	0.1011474254708542	0.062015523873548695
2.996069308647115	0.10211973537490024	0.10218336123440198	0.062305155088937525
3.007003795175024	0.10316095517612572	0.10322551900224003	0.06258552570019837
3.0179382817029334	0.10420840202220595	0.10427390332892446	0.0628560705734138
3.0288727682308427	0.10526208128693615	0.10532851854630555	0.06311604193756093
3.0398072547587516	0.10632199805159773	0.106389368984946	0.06336499932551032
3.050741741286661	0.10738815707257725	0.10745646294014702	0.06360651810386475
3.06167622781457	0.10846056303400509	0.10852981891890809	0.06385351778166459
3.0726107143424795	0.10953922063464834	0.10960945274050234	0.06411594445083768
3.0835452008703883	0.11062413455440033	0.11069536850156876	0.06439277238676766
3.0944796873982976	0.11171530914335198	0.11178756966005472	0.06468273440485284
3.105414173926207	0.11281274845650295	0.11288606021686025	0.06498535082279933
3.116348660454116	0.11391645650123201	0.113990843769465	0.06529984386600685
3.127283146982025	0.11502643729865727	0.1151019241483299	0.06562565219387917
3.1382176335099343	0.11614269483708405	0.11621930482841115	0.06596195433088425
3.1491521200378436	0.11726523275693711	0.11734298907897324	0.06630807802794347
3.1600866065657525	0.11839405443132815	0.11847297984269246	0.06666332337665892
3.1710210930936618	0.11952916320090161	0.11960927985737664	0.06702686970239125
3.181955579621571	0.12067056242052736	0.12075189197305586	0.06739800569179888
3.1928900661494803	0.1218182553827846	0.12190081879119381	0.06777589134714379
3.203824552677389	0.12297224501529119	0.12305606268378734	0.06815982621584116
3.2147590392052985	0.12413253402198128	0.12421762597020727	0.06854927187009974
3.225693525733208	0.12529912509234026	0.1253855108777349	0.06894364611960135
3.236628012261117	0.1264720209303044	0.1265597194724248	0.06934224777568332
3.247562498789026	0.1276512241341612	0.12774025343954284	0.0697441845822766
3.258496985316935	0.12883673692954398	0.12892711440270743	0.07014883744911327
3.2694314718448445	0.13002856136211396	0.13012030408278413	0.07055582228174817
3.280365958372754	0.13122669947594945	0.13131982382689156	0.07096448460106597
3.2913004449006626	0.13243115332891447	0.13252567472171506	0.0713739859727891
3.302234931428572	0.13364192482364254	0.1337378578197624	0.07178360850943477
3.3131694179564812	0.13485901549593385	0.1349563741698462	0.07219292944882216
3.3241039044843905	0.13608242674126322	0.1361812244960954	0.07260140577889374
3.3350383910122994	0.13731215996088167	0.13741240931458418	0.07300835827728225
3.3459728775402087	0.13854821656740776	0.13864992909775092	0.07341309246928773
3.356907364068118	0.1397905977790456	0.13989378423440244	0.07381501831758008
3.3678418505960273	0.14103930446140586	0.14114397484784444	0.07421362919952657
3.378776337123936	0.1422943373681828	0.14240050087225345	0.0746083829013866
3.3897108236518454	0.14355569726157852	0.14366336218699213	0.07499871302039107
3.4006453101797547	0.14482338491246702	0.1449325585359548	0.07538397445534528
3.411579796707664	0.14609740087474907	0.14620808944510422	0.07576354520506534
3.422514283235573	0.14737774536939133	0.1474899542613544	0.07613693077053174
3.433448769763482	0.14866441852587903	0.14877815229528155	0.07650369236316124
3.4443832562913914	0.14995742048352087	0.15007268267381874	0.07686327887357347
3.4553177428193007	0.15125675138112257	0.1513735442118417	0.07721495381376453
3.4662522293472096	0.152562411093649	0.1526807357120311	0.07755817277266264
3.477186715875119	0.15387439920501494	0.15399425596481464	0.07789259319219699
3.488121202403028	0.15519271523946243	0.15531410343686441	0.07821771609233252
3.4990556889309374	0.15651735873202594	0.15664027636678804	0.07853290891046694
3.5099901754588463	0.15784832919871566	0.15797277299068604	0.07883757313245088
3.5209246619867556	0.15918562584219392	0.15931159202026735	0.07913162850412547
3.531859148514665	0.16052924761959525	0.1606567382048765	0.07941891410552238
3.5427936350425737	0.16187919345444848	0.1620082335029777	0.07971379506872545
3.553728121570483	0.16323546228050123	0.16336608754312518	0.08002260097101921
3.5646626080983923	0.1645980529939635	0.1647302984757999	0.08034449948277622
3.5755970946263016	0.16596696415392911	0.16610086415204584	0.0806787054275171
3.5865315811542104	0.16734219410749807	0.16747778237405048	0.0810245540735055
3.5974660676821197	0.1687237411814395	0.16886105059378342	0.08138120419949324
3.608400554210029	0.17011160371214903	0.1702506661827051	0.08174778646574676
3.6193350407379383	0.17150577997975408	0.17164662627091423	0.08212334953188183
3.630269527265847	0.17290626791944216	0.17304892789830065	0.08250711820634304
3.6412040137937565	0.17431306528607296	0.17445756832549883	0.08289857056251737
3.6521385003216658	0.17572616982300918	0.17587254399317923	0.08329673964753148
3.663072986849575	0.17714557928309133	0.17729385214946564	0.08370113833737758
3.674007473377484	0.17857129133840613	0.17872148881803157	0.08411065322970757
3.684941959905393	0.1800033033178038	0.18015545079196857	0.08452482335623568
3.6958764464333025	0.18144161240352946	0.18159573425661188	0.08494294723286888
3.706810932961212	0.18288621577349295	0.18304233513085053	0.0853642012861977
3.7177454194891206	0.18433711061508487	0.18449524986811724	0.08578807192143323
3.72867990601703	0.18579429399192118	0.1859544736647525	0.08621345111829992
3.739614392544939	0.1872577626378352	0.18742000299604433	0.0866401242456849
3.7505488790728485	0.18872751317927358	0.18889183306797297	0.08706726747536031
3.7614833656007574	0.19020354224457958	0.190369959055024	0.08749406476900035
3.7724178521286666	0.19168584646916484	0.19185437628853758	0.08791980340596695
3.783352338656576	0.19317442230350607	0.19334508009985357	0.08834388855030184
3.7942868251844852	0.19466926589488492	0.19484206565769727	0.08876581622578872
3.805221311712394	0.19617037332033013	0.19634532758611556	0.08918485642057661
3.8161557982403034	0.19767774066242327	0.1978548604636613	0.08960027600704024
3.8270902847682127	0.19919136400687826	0.19937065887086317	0.09001136413662181
3.838024771296122	0.20071123922734324	0.2008927173903512	0.0904175390010975
3.848959257824031	0.2022373619135441	0.2024210304528326	0.090818302587925
3.85989374435194	0.20376972759980594	0.20395559204493374	0.09121298208378814
3.8708282308798494	0.20530833182620872	0.2054963960861011	0.09160089033872776
3.8817627174077582	0.20685317013339755	0.2070434364957813	0.09198136159145331
3.8926972039356675	0.2084042378410811	0.2085967071977338	0.09235385932959694
3.903631690463577	0.20996153000813816	0.21015620181953543	0.09271784759319335
3.914566176991486	0.21152504164931243	0.21172191368095797	0.09307268307832128
3.925500663519395	0.21309476778533565	0.2132938360938089	0.09341773641000639
3.9364351500473043	0.2146707034251699	0.21487196236758446	0.09375240272817553
3.9473696365752136	0.2162528433200978	0.21645628562673302	0.09407613028886708
3.958304123103123	0.2178411820122679	0.21804681325646372	0.09439502774284403
3.9692386096310317	0.21943571401914608	0.2196435636265236	0.09472004514241572
3.980173096158941	0.22103643386428282	0.2212465467031279	0.09505801155573756
3.9911075826868503	0.2226433360359304	0.22285575562611198	0.09540801623064699
4.00204206921476	0.22425641472779606	0.2244711843112124	0.09576964996833581
4.012976555742669	0.22587566397674622	0.22609282541108996	0.0961420236781807
4.023911042270578	0.2275010778089237	0.2277206718981537	0.09652441709064874
4.034845528798487	0.22913265025582394	0.22935471591464612	0.09691576411055003
4.045780015326396	0.23077037529461722	0.23099494983978355	0.09731515359354681
4.056714501854305	0.23241424659887075	0.23264136584911135	0.09772174191740035
4.0676489883822144	0.2340642577147862	0.23429395613784976	0.09813477089843925
4.078583474910124	0.2357204021830113	0.2359527129621108	0.0985535307712393
4.089517961438033	0.23738267354908246	0.2376176282921957	0.09897720823530687
4.100452447965942	0.23905106528755754	0.23928869361127889	0.09940483780548348
4.111386934493852	0.24072557057510155	0.2409659013086982	0.09983598045795183
4.12232142102176	0.24240618248580678	0.2426492425842308	0.1002697604209013
4.133255907549669	0.2440928940912495	0.2443387086712035	0.10070534042752044
4.144190394077579	0.2457856984675734	0.2460342917937457	0.10114230718965
4.155124880605488	0.2474845885997107	0.24773598220674006	0.10157949973845781
4.166059367133397	0.24918955718859753	0.24944377134730306	0.10201637724054358
4.1769938536613065	0.25090059685754273	0.2511576507468666	0.10245248219549197
4.187928340189216	0.25261770022964963	0.2528776101784145	0.1028866736291878
4.198862826717124	0.2543408599314439	0.254603641154791	0.10331852436840094
4.2097973132450335	0.2560700684602872	0.256335734612141	0.10374744438161887
4.220731799772943	0.25780531805698986	0.25807388029400824	0.10417249692227237
4.231666286300852	0.25954660091313786	0.2598180684821398	0.10459299719081105
4.242600772828761	0.26129390922202206	0.2615682894640793	0.10500828085666658
4.253535259356671	0.2630472351751705	0.2633245335273708	0.10541770264782535
4.26446974588458	0.2648065707779955	0.26508679091292886	0.10582068794970922
4.275404232412489	0.26657190782116985	0.2668550513458253	0.10621656534244295
4.286338718940398	0.2683432380713301	0.2686293043376923	0.10660461147380396
4.297273205468307	0.2701205532976031	0.27040953941402024	0.10698412723106898
4.308207691996216	0.27190384526277506	0.2721957461002994	0.10735443525715649
4.3191421785241255	0.273693105527407	0.2739879147221276	0.10771524337540583
4.330076665052035	0.2754883254564901	0.27578603396780926	0.1080657450096556
4.341011151579944	0.27728949639721356	0.27759009184436323	0.10840491654220408
4.351945638107853	0.2790966096988647	0.27940011032778855	0.10874393252262582
4.362880124635763	0.2809096567034567	0.2812161100151928	0.10909319221432678
4.373814611163671	0.282728628555711	0.2830380876494127	0.10945446001788817
4.38474909769158	0.28455351622164987	0.284866032783833	0.10982699013273312
4.39568358421949	0.2863843106536125	0.28669993491693435	0.11021003999889256
4.406618070747399	0.28822100280585206	0.28853978336731007	0.11060282156909462
4.417552557275308	0.29006358361236495	0.2903855663602117	0.11100419564458175
4.428487043803218	0.29191204378936214	0.2922372725824851	0.11141328357031632
4.439421530331127	0.29376637392419763	0.2940948906661757	0.11182925315436076
4.450356016859036	0.2956265645986941	0.29595840942935747	0.1122513570841921
4.4612905033869446	0.2974926063963239	0.29782781730696906	0.11267873669391637
4.472224989914854	0.29936448985468433	0.2997031024942075	0.11311048938620338
4.483159476442763	0.30124220527348944	0.3015842536085772	0.11354595375412391
4.494093962970672	0.3031257428730583	0.30347125875135955	0.11398434030260862
4.505028449498582	0.30501509287252737	0.30536410576871614	0.11442479547549844
4.515962936026491	0.3069102454921804	0.3072627831805413	0.11486670567011359
4.5268974225544	0.30881119088789194	0.3091672781675407	0.11530905943690772
4.53783190908231	0.31071791898030665	0.3110775790125227	0.11575130053533833
4.548766395610218	0.312630419632881	0.31299367311700466	0.1161926227621235
4.559700882138127	0.314548682708781	0.31491554786902226	0.11663223545619328
4.570635368666037	0.3164726980718159	0.3168431913035405	0.11706957155608322
4.581569855193946	0.31840245550847224	0.3187765902721753	0.1175037306498039
4.592504341721855	0.3203379445838119	0.32071573184648366	0.11793397225003943
4.6034388282497645	0.32227915482051134	0.32266060316453926	0.11835960791208855
4.614373314777674	0.3242260757412716	0.3246111913644153	0.1187799661896971
4.625307801305582	0.32617869686887657	0.3265674835090647	0.11919436919709536
4.6362422878334915	0.32813700763991605	0.32852946624114976	0.11960205404943913
4.647176774361401	0.33010099728710257	0.3304971260875745	0.12000230345483587
4.65811126088931	0.3320706550129949	0.3324704495773781	0.12039442761588859
4.669045747417219	0.3340459700202631	0.3344494232396002	0.12077775382610678
4.679980233945129	0.33602693150992435	0.33643403447424697	0.12115188580072989
4.690914720473038	0.33801352857503836	0.33842426823706356	0.12151574635392848
4.701849207000947	0.34000575013551415	0.3404201107182383	0.12186869856141147
4.712783693528856	0.34200358509577555	0.34242159379098963	0.12222348344594902
4.723718180056765	0.3440070223605042	0.3444287166175113	0.12258303743730714
4.734652666584674	0.34601605082440584	0.34644149149832754	0.12295402855100335
4.7455871531125835	0.34803065922996346	0.3484599055024213	0.12333576398342316
4.756521639640493	0.35005083619580724	0.3504839451963067	0.12372745776194627
4.767456126168402	0.352076570338195	0.3525135961731143	0.12412806523860453
4.778390612696311	0.35410785027375774	0.35454884451345287	0.12453670240697434
4.789325099224221	0.35614466460169253	0.35658967601142905	0.12495242915802063
4.800259585752129	0.35818700175550394	0.3586360768144776	0.1253744710926874
4.811194072280038	0.36023485006697076	0.3606880325530714	0.12580195558993257
4.822128558807948	0.3622881978675453	0.362745528708946	0.12623398832547483
4.833063045335857	0.3643470334891208	0.3648085513044469	0.12666984300830908
4.843997531863766	0.36641134524373714	0.3668770863844194	0.12710882092705766
4.8549320183916755	0.36848112128579946	0.36895111871130826	0.1275499335946284
4.865866504919585	0.37055634967862844	0.3710306333999467	0.12799233415634603
4.876800991447494	0.37263701848549435	0.37311561661666653	0.12843547673211386
4.8877354779754025	0.37472311577008355	0.3752060535638052	0.12887857017551685
4.898669964503312	0.3768146295725589	0.3773019280864687	0.12932048696265852
4.909604451031221	0.3789115477820213	0.3794032260357815	0.12976069392403033
4.92053893755913	0.3810138582152958	0.3815099330014224	0.13019862018937012
4.93147342408704	0.38312154869011533	0.3836220325246118	0.13063317273789288
4.942407910614949	0.385234607024139	0.3857395097682948	0.13106370376640974
4.953342397142858	0.38735302100144064	0.38786235023394694	0.13148967605558504
4.964276883670767	0.3894767782609306	0.38999053747822204	0.13191010246758061
4.975211370198676	0.39160586639485345	0.3921240558337607	0.13232422784614783
4.986145856726585	0.3937402729970235	0.3942628905789836	0.1327315537174023
4.997080343254495	0.3958799856585856	0.3964070257853508	0.13313128873853053
5.008014829782404	0.3980249919041245	0.3985564447681178	0.13352248597526817
5.018949316310313	0.4001752791256822	0.40071113248108947	0.1339046621215756
5.0298838028382225	0.40233083470247877	0.40287107351529433	0.13427725797230394
5.040818289366132	0.4044916460150419	0.40503625121953235	0.13463941959142023
5.05175277589404	0.40665770043857885	0.40720667000039124	0.13499549159412538
5.062687262421949	0.40882898526539535	0.40938236912876375	0.1353582752967375
5.073621748949859	0.4110054876690034	0.41156335281271367	0.13573179931833934
5.084556235477768	0.413187194816905	0.41374960634458674	0.13611543018192673
5.095490722005677	0.4153740938778521	0.41594111447302395	0.1365084157941121
5.106425208533587	0.41756617201399654	0.4181378621221956	0.13691006276721485
5.117359695061496	0.4197634163060832	0.42033983353600934	0.13731954894939946
5.128294181589405	0.42196581372814645	0.42254701370132963	0.13773627016089307
5.139228668117314	0.42417335124826117	0.42475938582062245	0.13815921500883732
5.150163154645223	0.42638601583573266	0.4269769323322236	0.13858721312254296
5.161097641173132	0.42860379445742947	0.4291996368827312	0.1390194004362577
5.1720321277010415	0.43082667402106783	0.43142748283956983	0.13945487935889123
5.182966614228951	0.43305464132790183	0.4336604543476817	0.13989297468841588
5.19390110075686	0.435287683171153	0.43589853485602736	0.1403328668581061
5.204835587284769	0.4375257863454063	0.4381417074172908	0.14077366205753616
5.215770073812679	0.43976893763532826	0.4403899553882797	0.14121455605544675
5.226704560340587	0.4420171237512998	0.44264326221705097	0.14165479844701068
5.237639046868496	0.44427033133868277	0.44490161102262044	0.14209359468939642
5.248573533396406	0.44652854704252115	0.44716498464363064	0.1425301036909632
5.259508019924315	0.4487917575080206	0.4494333665563516	0.142963643515559
5.270442506452224	0.4510599493512275	0.45170673936381284	0.14339335902369132
5.2813769929801335	0.45333310908630875	0.4539850860828388	0.1438185262585545
5.292311479508043	0.4556112232075633	0.45626838975282175	0.14423844536397556
5.303245966035951	0.45789427821219864	0.45855663262952656	0.14465225901358902
5.3141804525638605	0.460182260597059	0.46084979786313646	0.14505932175901126
5.32511493909177	0.46247515682893875	0.4631478677405148	0.14545882122376508
5.336049425619679	0.46477295328020896	0.4654508247797955	0.14585003167726374
5.346983912147588	0.46707563629940424	0.46775865184467413	0.14623232131767416
5.357918398675498	0.46938319223660874	0.4700713312525148	0.14660495460587786
5.368852885203407	0.47169560744271016	0.472388844183146	0.1469669696934961
5.379787371731316	0.47401286825088	0.47471121798627297	0.14732716813572466
5.390721858259225	0.47633496091799526	0.4770384800034146	0.14769419487150603
5.401656344787134	0.4786618716677413	0.47937063397266017	0.1480716027055573
5.412590831315043	0.48099358672552556	0.4817076634630684	0.1484586816227873
5.4235253178429526	0.4833300923166726	0.48404955163528085	0.14885465027838496
5.434459804370862	0.48567137464551285	0.48639628089518927	0.14925859079208958
5.445394290898771	0.4880174198521658	0.48874783290280455	0.14966946279499904
5.45632877742668	0.49036821405912745	0.4911041902063315	0.15008643017699885
5.46726326395459	0.49272374339052105	0.49346533471394366	0.1505085422349728
5.478197750482498	0.4950839939674017	0.4958312491810786	0.15093503784857631
5.489132237010407	0.4974489518783823	0.4982019156243888	0.151365028142747
5.500066723538317	0.4998186031615116	0.5005773162315836	0.1517976852547953
5.511001210066226	0.5021929338506965	0.5029574332833676	0.15223221617419735
5.521935696594135	0.5045719299814924	0.5053422486556889	0.15266776220088651
5.532870183122045	0.5069555775785889	0.5077317445487554	0.153103546838107
5.543804669649954	0.5093438626119352	0.5101259027207073	0.15353873211738644
5.554739156177863	0.5117367710234276	0.5125247051850021	0.15397255116116337
5.565673642705772	0.5141342887618244	0.514928133803021	0.15440422056043346
5.576608129233681	0.5165364017765217	0.5173361701593286	0.1548329178846286
5.58754261576159	0.5189430960096149	0.5197487959397271	0.1552578570382046
5.5984771022894995	0.5213543573628447	0.5221659928300193	0.1556782744235763
5.609411588817409	0.5237701717028991	0.5245877424863354	0.15609342181099883
5.620346075345318	0.5261905248966053	0.5270140263652641	0.15650252706860268
5.631280561873227	0.5286154028116236	0.5294448258483903	0.1569048182014976
5.642215048401136	0.5310447913136019	0.5318801223172643	0.1572995380664688
5.653149534929045	0.5334786762445255	0.5343198974603901	0.1576860057062479
5.664084021456954	0.5359170434132139	0.5367641320768344	0.15806339321202678
5.675018507984864	0.5383598786272423	0.5392128076040047	0.1584310069571382
5.685952994512773	0.5408071676952254	0.5416659121548797	0.15878940053881685
5.696887481040682	0.5432588964269194	0.5441234874232826	0.15914898072535433
5.7078219675685915	0.5457150506177446	0.5465855657191621	0.15951825049209667
5.718756454096501	0.5481756160375648	0.549052133836569	0.15989726163672113
5.729690940624409	0.5506405784560789	0.551523173732384	0.16028518616983956
5.7406254271523185	0.5531099236426549	0.5539986671698899	0.1606811755214821
5.751559913680228	0.5555836373576482	0.5564785948106987	0.16108419918681172
5.762494400208137	0.5580617053449622	0.5589629381420079	0.16149339551772002
5.773428886736046	0.5605441133500284	0.5614516782282333	0.16190784214660248
5.784363373263956	0.5630308471197013	0.5639447967993599	0.16232675071607972
5.795297859791865	0.5655218923949071	0.5664422748281663	0.16274921371506323
5.806232346319774	0.5680172348799977	0.5689440936746244	0.16317441403386201
5.817166832847683	0.5705168602556538	0.5714502346683293	0.16360154759620382
5.828101319375592	0.5730207542366232	0.5739606791316856	0.16402981709005005
5.839035805903501	0.5755289025364302	0.5764754078178426	0.1644583403615396
5.8499702924314105	0.5780412908696066	0.5789944017325341	0.1648862941077578
5.86090477895932	0.580557904947214	0.581517642315494	0.16531294468673519
5.871839265487229	0.5830787304621387	0.5840451105909155	0.165737503065988
5.882773752015138	0.5856037530981106	0.5865767867934539	0.1661590606609753
5.893708238543048	0.5881329585399988	0.5891126522071647	0.16657690288228721
5.904642725070956	0.5906663324839255	0.5916526880999502	0.16699032292508686
5.915577211598865	0.5932038606397523	0.5941968746366504	0.16739843800530618
5.926511698126775	0.5957455287026452	0.5967451926373093	0.16780049307982825
5.937446184654684	0.5982913223664731	0.5992976232633254	0.16819580348783614
5.948380671182593	0.6008412273228926	0.6018541469766534	0.16858358043672084
5.959315157710503	0.6033952292638819	0.6044147439783256	0.168963005505951
5.970249644238412	0.6059533138964712	0.6069793952822604	0.16933340609874836
5.98118413076632	0.6085154669329242	0.6095480817771145	0.16969409987144246
5.99211861729423	0.6110816740827085	0.6121208030622985	0.17004747870239534
6.003053103822139	0.6136519210466674	0.6146976164545631	0.1704053017730578
6.013987590350048	0.6162261935310881	0.6172785407560498	0.1707728811285225
6.0249220768779574	0.6188044772622077	0.6198635578846657	0.17114947634893074
6.035856563405867	0.6213867579656407	0.622452649417536	0.1715343042366868
6.046791049933776	0.6239730213570173	0.6250457969615231	0.17192660063616305
6.057725536461685	0.6265632531443712	0.6276429805773076	0.172325368191939
6.068660022989594	0.6291574390604235	0.630244180292767	0.1727296166069925
6.079594509517503	0.6317555648421169	0.6328493768430096	0.17313848294568945
6.090528996045412	0.6343576162282475	0.6354585516425676	0.17355122507491938
6.101463482573322	0.6369635789685238	0.6380716848097832	0.17396690766116052
6.112397969101231	0.6395734388204278	0.6406887572056842	0.1743847254372044
6.12333245562914	0.6421871815376475	0.6433097495584732	0.17480386608430543
6.1342669421570495	0.644804792875397	0.6459346423863959	0.17522349763570144
6.145201428684959	0.6474262586209436	0.648563416362388	0.17564282052240365
6.156135915212867	0.6500515646014224	0.651196052081734	0.17606103002203444
6.1670704017407765	0.6526806966237969	0.6538325299365584	0.17647730639496206
6.178004888268686	0.6553136404921704	0.6564728305883009	0.17689088468535452
6.188939374796595	0.6579503820113113	0.6591169342949137	0.17730095087662434
6.199873861324504	0.6605909070072588	0.6617648216366192	0.17770674965520428
6.210808347852414	0.6632352013428028	0.6644164729978472	0.1781075028365109
6.221742834380323	0.6658832508863803	0.6670718686306825	0.17850242406907135
6.232677320908232	0.6685350414957649	0.6697309888410117	0.1788907493272207
6.243611807436141	0.6711905590286813	0.6723938139347215	0.1792717269118782
6.25454629396405	0.6738497893794982	0.6750603243182496	0.17964462671511416
6.265480780491959	0.6765127184511214	0.6777305001079579	0.18000868625567268
6.2764152670198685	0.6791793321542751	0.680404321385836	0.18036314910752083
6.287349753547778	0.6818496164217865	0.6830817858250587	0.18070984768436826
6.298284240075687	0.6845235571935723	0.685762966949402	0.1810616658557418
6.309218726603596	0.6872011404054067	0.688447878946335	0.1814226530812757
6.320153213131505	0.6898823520183877	0.6911365033630398	0.18179206077426624
6.331087699659414	0.6925671780367205	0.6938288217851296	0.18216915101081366
6.342022186187323	0.6952556044581614	0.6965248152656837	0.18255312138208968
6.352956672715233	0.6979476172711846	0.699224464497595	0.18294313137747764
6.363891159243142	0.7006432025033927	0.7019277515607545	0.1833385456066816
6.374825645771051	0.703342346238023	0.7046346581046576	0.18373866916256976
6.385760132298961	0.706045034540921	0.7073451634934566	0.1841424964316607
6.39669461882687	0.7087512534673303	0.7100592473559156	0.18454907588332237
6.407629105354778	0.7114609891093185	0.7127768886468541	0.18495737049235572
6.4185635918826875	0.7141742276142288	0.7154980683643188	0.18536663728576652
6.429498078410597	0.7168909551240413	0.718222766379332	0.1857759880734111
6.440432564938506	0.7196111577735836	0.7209509637680179	0.18618471655991176
6.451367051466415	0.7223348217248822	0.7236826404861344	0.18659196825563384
6.462301537994325	0.7250619331884143	0.7264177774425722	0.18699702633617754
6.473236024522234	0.7277924783841246	0.7291563553441534	0.18739915573968702
6.484170511050143	0.7305264435267438	0.7318983535342456	0.18779744657546615
6.495104997578052	0.7332638148515043	0.7346437528765658	0.18819120719069105
6.506039484105961	0.7360045786427272	0.7373925337792387	0.1885796877882484
6.51697397063387	0.7387487212035749	0.740144676292769	0.18896209890146842
6.52790845716178	0.7414962288293665	0.7429001606711297	0.18933769143771872
6.538842943689689	0.7442470878331261	0.7456589669649674	0.18970569786869174
6.549777430217598	0.747001284584379	0.7484210753349888	0.19006536935204377
6.5607119167455075	0.7497588054806279	0.7511864660511466	0.19041597912323738
6.571646403273417	0.7525196369050801	0.7539551222852654	0.19075719885384146
6.582580889801325	0.7552837652503154	0.7567271018516374	0.19109858674688507
6.5935153763292345	0.7580511769665549	0.7595024504022785	0.1914479496662791
6.604449862857144	0.7608218585507841	0.7622811598526931	0.19180591166092498
6.615384349385053	0.7635957964853571	0.76506321129181	0.19217167161043047
6.626318835912962	0.7663729772539427	0.7678485859776448	0.19254446170446915
6.637253322440872	0.7691533873896506	0.7706372649758015	0.19292349360731098
6.648187808968781	0.7719370134847238	0.773429227540978	0.1933077479363332
6.659122295496689	0.7747238421283671	0.7762244538438544	0.19369633847394763
6.670056782024599	0.777513859904169	0.77902292437464	0.19408843344053128
6.680991268552508	0.7803070534168074	0.7818246203609076	0.19448330467539687
6.691925755080417	0.7831034093498879	0.7846295215403889	0.19488003401337828
6.7028602416083265	0.7859029144471188	0.7874376086805938	0.195277839700414
6.713794728136236	0.788705555451911	0.7902488623020044	0.1956759197935476
6.724729214664145	0.791511319107111	0.7930632627523553	0.19607346196830466
6.735663701192054	0.7943201921555654	0.7958807905881865	0.19646969169777595
6.746598187719963	0.7971321613401205	0.798701426271973	0.19686383362256255
6.757532674247872	0.7999472133954169	0.8015251501469927	0.19725510948129799
6.768467160775781	0.8027653351160222	0.8043519427078869	0.19764276339055975
6.779401647303691	0.8055865134710535	0.8071817843162393	0.19802601191920566
6.7903361338316	0.8084107354672578	0.8100146553331641	0.1984040779690055
6.801270620359509	0.8112379880353281	0.8128505362234543	0.19877621757229402
6.8122051068874185	0.8140682581123287	0.8156894073075089	0.199141678725967
6.823139593415328	0.8169015326353642	0.8185312489056341	0.1994997199983528
6.834074079943236	0.8197377985368868	0.8213760413437783	0.199849611646008
6.8450085664711455	0.8225770427734002	0.8242237649478906	0.200190631255448
6.855943052999055	0.8254192524953398	0.8270744001386533	0.2005220544965436
6.866877539526964	0.8282644149486951	0.82992802224201	0.20085461397227888
6.877812026054873	0.8311125172863871	0.8327846729467686	0.20119485937248882
6.888746512582783	0.8339635466601668	0.8356443441633432	0.2015432820664298
6.899680999110692	0.8368174902226807	0.8385070179220319	0.20189918579518462
6.910615485638601	0.8396743351253073	0.841372675050646	0.20226174056936497
6.92154997216651	0.8425340685163083	0.8442412974448223	0.20263025464601903
6.932484458694419	0.8453966776825518	0.8471128650182026	0.20300379466304808
6.943418945222328	0.8482621500496786	0.8499873573447162	0.2033813833302034
6.954353431750238	0.8511304730170143	0.8528647550945301	0.20376218834796678
6.965287918278147	0.8540016339680132	0.8557450396921507	0.20414547874303413
6.976222404806056	0.856875620287819	0.8586281918854913	0.20453045414965398
6.9871568913339654	0.8597524193613909	0.8615141917270085	0.20491624401897113
6.998091377861875	0.8626320185633491	0.864403020531235	0.2053021369222252
7.009025864389783	0.8655144053730409	0.8672946587760272	0.20568732212133956
7.019960350917692	0.8683995674320204	0.8701890872455622	0.20607101622973634
7.030894837445602	0.8712874923904885	0.8730862867461275	0.20645244782566685
7.041829323973511	0.874178167864217	0.8759862379266278	0.20683084168393595
7.05276381050142	0.877071581472188	0.8788889215139574	0.2072054413983837
7.06369829702933	0.8799677208333838	0.8817943182565673	0.20757550304839611
7.074632783557239	0.8828665735600921	0.8847024088298129	0.20794028505553008
7.085567270085147	0.8857681273142379	0.8876131739635381	0.20829905619821343
7.096501756613057	0.8886723699335526	0.8905265943373696	0.20865106945493483
7.107436243140966	0.8915792893244837	0.8934426506476915	0.2089955818309175
7.118370729668875	0.8944888733525272	0.8963613236054534	0.20933186635494483
7.1293052161967845	0.8974011098859981	0.8992825940848415	0.2096592235196093
7.140239702724694	0.9003159867932584	0.9022064738691082	0.2099803961699287
7.151174189252603	0.9032334919396062	0.9051330364695546	0.21030492634515063
7.162108675780512	0.9061536132045632	0.9080623138591353	0.21063764760833603
7.173043162308421	0.9090763386350481	0.9109942887239943	0.2109778912325444
7.18397764883633	0.9120016563867802	0.913928943328056	0.21132493869708835
7.194912135364239	0.9149295545864169	0.9168662613095878	0.21167823396484042
7.205846621892149	0.9178600213571801	0.9198062220451575	0.21203676406993388
7.216781108420058	0.9207930448228205	0.9227488083372757	0.2123999008736499
7.227715594947967	0.923728613106339	0.9256940006297978	0.21276676889434576
7.2386500814758765	0.9266667143260223	0.9286417782359491	0.21313638219575548
7.249584568003786	0.9296073367176548	0.9315921226284087	0.21350798690573658
7.260519054531694	0.9325504686641911	0.9345450144649131	0.2138807354393535
7.2714535410596035	0.9354960985724724	0.9375004362988033	0.2142539909454788
7.282388027587513	0.9384442148388633	0.9404583689021211	0.2146269358806352
7.293322514115422	0.9413948058603828	0.9434187925263271	0.21499870759267292
7.304257000643331	0.9443478600340078	0.946381689001687	0.21536862143212154
7.315191487171241	0.9473033657506162	0.9493470395599248	0.21573593879182784
7.32612597369915	0.9502613114557278	0.9523148249203143	0.2160998706177475
7.337060460227059	0.9532216857523801	0.9552850266908408	0.2164597143876401
7.347994946754968	0.9561844773258987	0.958257625943453	0.21681471167072086
7.358929433282877	0.9591496748564993	0.9612326037870863	0.21716411788375023
7.369863919810786	0.9621172670238226	0.9642099414867499	0.2175072140011114
7.3807984063386955	0.9650872425075109	0.9671896202188434	0.21784328076599468
7.391732892866605	0.9680595899863044	0.9701716212086239	0.2181716130046807
7.402667379394514	0.9710342981371279	0.973155925654116	0.2184915116858699
7.413601865922423	0.9740113557519798	0.9761425153134295	0.21880233211495348
7.424536352450332	0.9769907517639047	0.9791314679889686	0.21911325375383317
7.435470838978241	0.9799724751390784	0.9821228433457144	0.2194314902906669
7.44640532550615	0.9829565148386009	0.9851166336359654	0.21975731019181488
7.45733981203406	0.9859428598235509	0.9881128218289728	0.22009003704435148
7.468274298561969	0.9889314990543321	0.9911113911282896	0.22042902628160999
7.479208785089878	0.9919224214888522	0.9941123227394788	0.22077343985626996
7.490143271617788	0.9949156161849222	0.9971155987879625	0.22112253212753785
7.501077758145697	0.9979110723435557	1.0001211996904997	0.2214753807424641
7.512012244673605	1.000908779209124	1.0031291066606165	0.22183114961253914
7.522946731201515	1.0039087260209356	1.0061393011141304	0.22218903326358674
7.533881217729424	1.0069109020181508	1.0091517657499374	0.22254836324597793
7.544815704257333	1.009915296439928	1.0121664821004828	0.22290836355192134
7.5557501907852425	1.0129218985197392	1.0151834310837915	0.22326820728797436
7.566684677313152	1.0159306975423097	1.0182025951043367	0.22362721862063673
7.577619163841061	1.0189416829533198	1.0212239557215597	0.22398463095796295
7.58855365036897	1.0219548442820527	1.0242474945086013	0.2243396799160191
7.599488136896879	1.0249701710561374	1.0272731935242583	0.2246916576847946
7.610422623424788	1.0279876528021936	1.0303010343693755	0.22503982035930736
7.621357109952697	1.0310072790468312	1.0333309988448616	0.22538345220788347
7.632291596480607	1.0340290393121914	1.0363630687427925	0.22572184550577745
7.643226083008516	1.037052923160557	1.039397225837261	0.22605429523880893
7.654160569536425	1.0400789203146013	1.0424334519767675	0.22638009637327983
7.6650950560643345	1.0431070205890771	1.0454717289175546	0.22669853445547172
7.676029542592244	1.046137213800631	1.0485120384703672	0.22700890843070365
7.686964029120152	1.0491694897644066	1.051554362792884	0.2273105586603652
7.6978985156480615	1.052203838295547	1.054598738450192	0.22760800402747972
7.708833002175971	1.055240249207784	1.0576452713928908	0.22791228698038069
7.71976748870388	1.058278712319813	1.0606939599724823	0.22822415537160357
7.730701975231789	1.061319217589863	1.0637447877876136	0.22854294519032425
7.741636461759699	1.0643617551107378	1.0667977376341975	0.22886791185072752
7.752570948287608	1.0674063149994626	1.0698527924608736	0.2291983312289414
7.763505434815516	1.0704528873688133	1.072909934162609	0.2295333893521434
7.774439921343426	1.0735014623315484	1.0759691438481507	0.22987220820758214
7.785374407871335	1.076552029999715	1.0790304044868657	0.2302140925925622
7.796308894399244	1.0796045804840602	1.0820936978181173	0.2305582413276719
7.8072433809271535	1.082659104013434	1.0851590057987797	0.23090387141053714
7.818177867455063	1.0857155909647669	1.0882263117530893	0.2312503209142891
7.829112353982972	1.0887740317525536	1.0912955973535121	0.23159678017850016
7.840046840510881	1.0918344167864922	1.094366845135242	0.23194252808069749
7.85098132703879	1.0948967364761466	1.097440037713304	0.23228685888156964
7.861915813566699	1.097960981231052	1.1005151572662553	0.23262903498988408
7.872850300094608	1.1010271414553119	1.1035921864035525	0.23296836668804666
7.883784786622518	1.1040952076158506	1.1066711075156828	0.23330414642361852
7.894719273150427	1.1071651703530134	1.1097519030489729	0.23363566387613055
7.905653759678336	1.1102370203812197	1.1128345555047214	0.23396221489802027
7.916588246206246	1.1133107484129923	1.1159190473032088	0.23428309606590147
7.927522732734155	1.1163863451599438	1.1190053609600843	0.23459762039326204
7.938457219262063	1.119463801333684	1.1220934790126433	0.23490511044899076
7.949391705789973	1.1225431076420547	1.125183383962777	0.23520489349120322
7.960326192317882	1.125624254831603	1.1282750609848866	0.23549653820138516
7.971260678845791	1.128707233821688	1.1313685166521936	0.23578149858178854
7.9821951653737	1.1317920356222484	1.134463878974076	0.23607193439549867
7.99312965190161	1.1348786512465148	1.137561161716722	0.2363698063454489
8.004064138429518	1.1379670717060568	1.140660347535573	0.23667432006431177
8.014998624957427	1.141057288012443	1.14376142094752	0.23698485286283155
8.025933111485337	1.14414929117596	1.1468643645120566	0.23730061776343625
8.036867598013245	1.147243072213851	1.1499691622591819	0.23762096380066655
8.047802084541155	1.1503386222952257	1.1530757995070486	0.23794534572452175
8.058736571069064	1.1534359327190808	1.156184257231534	0.23827283635722285
8.069671057596972	1.1565349948045762	1.1592945213613273	0.2386029449301219
8.080605544124882	1.1596357998671498	1.1624065731793625	0.23893478560510495
8.09154003065279	1.1627383392222166	1.1655203954575046	0.23926761004104957
8.1024745171807	1.165842604184632	1.1686359692119155	0.23960052731450965
8.11340900370861	1.168948586068536	1.1717532783385698	0.23993290239279208
8.12434349023652	1.1720562763135474	1.1748723054319385	0.24026398521139747
8.135277976764428	1.1751656665084727	1.177993033925812	0.24059309235435755
8.146212463292336	1.1782767482749246	1.1811154471876348	0.2409195392225394
8.157146949820246	1.1813895132303907	1.1842395285558802	0.24124264635603243
8.168081436348155	1.184503952992216	1.1873652617093515	0.2415617702167694
8.179015922876065	1.1876200591776969	1.1904926294914824	0.24187620372246865
8.189950409403973	1.1907378233994999	1.1936216153246395	0.24218529624822072
8.200884895931884	1.19385723734362	1.1967522022357133	0.24248836473401703
8.211819382459792	1.1969782928737085	1.1998843733232414	0.2427847244043102
8.222753868987702	1.2001009819141777	1.203018111902587	0.24307371066027983
8.23368835551561	1.203225296387519	1.206153401406468	0.24335467578187053
8.244622842043519	1.2063512282155044	1.2092902357568438	0.2436278483909593
8.25555732857143	1.2094787693199045	1.2124287362447612	0.2439039857240033
8.266491815099338	1.212607911619348	1.215568948043573	0.24418745712047052
8.277426301627248	1.2157386470736489	1.2187108564689462	0.24447765993551585
8.288360788155156	1.2188709678237726	1.2218544458837275	0.24477390459809456
8.299295274683066	1.2220048660919456	1.224999700303161	0.2450754734548033
8.310229761210975	1.2251403341031795	1.2281466053411672	0.24538178642108388
8.321164247738883	1.2282773640810543	1.2312951439070707	0.24569204922817445
8.332098734266793	1.2314159482491507	1.2344453009282712	0.24600563955889942
8.343033220794702	1.2345560788299328	1.2375970597319212	0.24632181187513869
8.353967707322612	1.2376977480560019	1.2407504022428062	0.24663971406582164
8.36490219385052	1.2408409483211924	1.2439053122477426	0.24695863967869602
8.37583668037843	1.2439856721396991	1.2470617735810918	0.24727788352270075
8.386771166906339	1.247131912040541	1.2502197695950712	0.2475967076712715
8.397705653434247	1.2502796605498498	1.2533792849725498	0.24791448829430962
8.408640139962158	1.2534289101937375	1.2565403032753215	0.24823051840277
8.419574626490066	1.2565796534979214	1.259702809376289	0.2485442024843909
8.430509113017976	1.2597318829883344	1.2628667870072512	0.24885486040728821
8.441443599545885	1.2628855913195394	1.2660322196379001	0.24916178789189392
8.452378086073795	1.266040771293651	1.2691990919576086	0.24946437236224028
8.463312572601703	1.2691974157394275	1.2723673878578405	0.24976194239776373
8.474247059129613	1.2723555174824646	1.2755370911826147	0.25005382980107793
8.485181545657522	1.2755150693482227	1.278708186137383	0.2503394013833038
8.49611603218543	1.278676064162122	1.2818806565315062	0.250617999288516
8.50705051871334	1.281838494746122	1.2850544863012807	0.2508889823749305
8.517985005241249	1.285002354000533	1.288229659761831	0.2511517392361551
8.528919491769159	1.2881676350032476	1.2914062574552738	0.25141312077896494
8.539853978297067	1.291334330880587	1.294584381433361	0.2516815726999244
8.550788464824977	1.2945024347573941	1.297764022246108	0.25195684466403634
8.561722951352886	1.2976719397579701	1.3009451648626964	0.25223825871867334
8.572657437880794	1.3008428390066182	1.3041277943346614	0.25252514981377594
8.583591924408704	1.3040151256253814	1.3073118955236374	0.2528168449484003
8.594526410936613	1.3071887927781374	1.3104974519283021	0.25311257015392385
8.605460897464523	1.3103638338126908	1.3136844483404324	0.25341164354939494
8.616395383992431	1.3135402421476003	1.3168728690952376	0.25371334967161374
8.627329870520342	1.3167180112036223	1.3200626983912032	0.2540169693982852
8.63826435704825	1.319897134400416	1.3232539216398371	0.2543218825113991
8.64919884357616	1.3230776051576434	1.3264465228975801	0.2546273723328163
8.660133330104069	1.326259416894147	1.3296404871555556	0.25493279959711845
8.671067816631977	1.329442563041833	1.3328357991057662	0.2552375076791069
8.682002303159887	1.332627037197766	1.3360324434023234	0.25554083096785973
8.692936789687796	1.3358128330676344	1.3392304049448591	0.25584212043960886
8.703871276215706	1.3389999443668226	1.342429668402179	0.25614071529915794
8.714805762743614	1.342188364808767	1.3456302186770182	0.2564359786222381
8.725740249271524	1.3453780881068913	1.3488320405040344	0.2567272670542131
8.736674735799433	1.348569107974375	1.352035118750761	0.2570139532257487
8.747609222327341	1.3517614181261117	1.3552394383346607	0.25729541928858346
8.758543708855251	1.35495501240619	1.3584449841246689	0.2575710401101272
8.76947819538316	1.3581498848009048	1.3616517409897189	0.2578401859767876
8.78041268191107	1.3613460293157134	1.3648596937870718	0.25810223085782624
8.791347168438978	1.3645434399540253	1.368068827500846	0.2583565640782659
8.802281654966889	1.3677421107191534	1.3712791494394232	0.258604212925051
8.813216141494797	1.3709420356143824	1.37449080468509	0.25885624472208324
8.824150628022705	1.3741432086410015	1.3777038229960314	0.2591152314139977
8.835085114550616	1.377345623881414	1.380918190093316	0.25938051785685534
8.846019601078524	1.3805492755913231	1.384133892414183	0.25965149424489464
8.856954087606434	1.3837541580625823	1.3873509155054151	0.2599274894226067
8.867888574134343	1.3869602655861135	1.39056924443903	0.26020780425106693
8.878823060662253	1.390167592452506	1.3937888637880684	0.26049171015227746
8.889757547190161	1.3933761329523484	1.3970097594411728	0.260778579659271
8.900692033718071	1.3965858813749428	1.4002319161502252	0.26106770975609095
8.91162652024598	1.3997968320515	1.4034553196373203	0.26135847017587643
8.922561006773888	1.4030089794953198	1.406679955639831	0.2616502244933594
8.933495493301798	1.4062223182793794	1.4099058091571244	0.2619422853601172
8.944429979829707	1.409436842977992	1.4131328661857885	0.2622340423560354
8.955364466357617	1.4126525481648222	1.4163611120464952	0.26252484282074384
8.966298952885525	1.4158694284135303	1.4195905324271234	0.26281406596671
8.977233439413435	1.4190874782973408	1.4228211129384105	0.26310109124134673
8.988167925941344	1.4223066924049537	1.426052839151424	0.26338529984248904
8.999102412469252	1.4255270654890755	1.4292856968082999	0.26366607903967054
9.010036898997162	1.428748592398942	1.4325196714643558	0.26394280179704577
9.02097138552507	1.4319712679888605	1.4357547488875637	0.26421486123928695
9.031905872052981	1.4351950871121586	1.4389909148273974	0.2644816547467732
9.04284035858089	1.4384200446221527	1.442228155003586	0.26474258306332654
9.0537748451088	1.441646135372058	1.4454664551358598	0.26499705233253845
9.064709331636708	1.4448733542185355	1.44870580092225	0.26524447229405723
9.075643818164618	1.4481016961447022	1.4519461782567344	0.26548426276051806
9.086578304692527	1.4513311562683449	1.45518762328284	0.26571930174852376
9.097512791220435	1.4545617297189257	1.458430287235026	0.26596035335317847
9.108447277748345	1.4577934116250113	1.4616741729714207	0.2662079081619195
9.119381764276254	1.461026197115119	1.4649192679297778	0.2664613969513896
9.130316250804164	1.464260081317759	1.468165558808506	0.2667202050083972
9.141250737332072	1.4674950593610812	1.4714130331199762	0.26698377850762345
9.152185223859982	1.4707311264546494	1.4746616763579758	0.26725142567705085
9.16311971038789	1.4739682779737264	1.4779114763448562	0.2675226075116388
9.1740541969158	1.477206509318401	1.4811624188447672	0.2677966487022454
9.18498868344371	1.480445815888418	1.484414490044409	0.26807290840356046
9.195923169971618	1.4836861930834038	1.487667674386225	0.2683506338053032
9.206857656499528	1.4869276363029862	1.4909219583893438	0.26862921831818376
9.217792143027436	1.4901701409464767	1.4941773283214212	0.26890804377541766
9.228726629555347	1.4934137024548813	1.497433770066614	0.2691864689017276
9.239661116083255	1.4966583164453215	1.5006912707770266	0.2694639309046565
9.250595602611163	1.4999039785837147	1.5039498164759373	0.2697397933461687
9.261530089139073	1.5031506845362714	1.5072093944471887	0.2700135091359357
9.272464575666982	1.5063984299690496	1.5104699912062955	0.27028448491743795
9.283399062194892	1.50964721054811	1.5137315929704644	0.27055211269337853
9.2943335487228	1.5128970219394724	1.516994186563832	0.2708158298247554
9.30526803525071	1.5161478598267553	1.520257758056916	0.27107502764476266
9.316202521778619	1.5193997200524139	1.5235222939729192	0.27132912202743054
9.32713700830653	1.5226525985433803	1.5267877808494479	0.27157752924229506
9.338071494834438	1.5259064912275464	1.5300542050880277	0.27181966157996396
9.349005981362346	1.5291613940327533	1.533321553663845	0.27205497387821076
9.359940467890256	1.5324173028868362	1.5365898132943703	0.27228290881822215
9.370874954418165	1.5356742137174686	1.53985900876728	0.272505392903688
9.381809440946075	1.5389321224581407	1.5431293024742136	0.27273327749950393
9.392743927473983	1.5421910251633626	1.54640070709132	0.2729676064294084
9.403678414001893	1.5454509180124472	1.5496732108550209	0.27320782519602016
9.414612900529802	1.548711797190188	1.5529468011267031	0.2734533270940753
9.42554738705771	1.5519736588813575	1.5562214654488113	0.27370352216644633
9.43648187358562	1.5552364992707401	1.559497191187318	0.2739578140415144
9.447416360113529	1.558500314543062	1.5627739655110593	0.2742155986827921
9.458350846641439	1.5617651008783733	1.566051775027637	0.27447624145608973
9.469285333169347	1.5650308544578282	1.5693306056697427	0.2747390698187857
9.480219819697258	1.5682975717061436	1.5726104448307912	0.2750034943914237
9.491154306225166	1.571565249112233	1.575891279227698	0.275268883548363
9.502088792753074	1.5748338831643918	1.5791730965154243	0.27553467050844827
9.513023279280985	1.5781034703509171	1.5824558837737976	0.275800256741876
9.523957765808893	1.5813740071601021	1.5857396288650034	0.2760650981447066
9.534892252336803	1.5846454900802438	1.5890243182902068	0.2763285692209516
9.545826738864712	1.5879179155996375	1.592309939349485	0.2765900999478932
9.556761225392622	1.591191280206154	1.5955964800338194	0.2768491684478569
9.56769571192053	1.5944655803883272	1.5988839276770066	0.2771052158807574
9.57863019844844	1.5977408126964587	1.6021722689174303	0.27735764059833024
9.589564684976349	1.601016973907521	1.6054614917883687	0.27760591881798025
9.600499171504257	1.6042940608576983	1.6087515836589992	0.27784948595508396
9.611433658032167	1.6075720703821392	1.6120425316010163	0.27808776360578324
9.622368144560076	1.6108509993159923	1.6153343232291049	0.27832021180209665
9.633302631087986	1.6141308444944078	1.6186269461612401	0.2785462951883977
9.644237117615894	1.6174116027525327	1.6219203878684563	0.2787654736895906
9.655171604143804	1.6206932709255177	1.62521463665603	0.2789772631023757
9.666106090671713	1.623975845848296	1.628509816150152	0.2791895158691604
9.677040577199621	1.6272593243547202	1.6318060222376252	0.2794083164776362
9.687975063727531	1.6305437033094943	1.6351032440961706	0.2796331541081498
9.69890955025544	1.633828979773396	1.6384014704970922	0.27986348512010206
9.70984403678335	1.637115150918508	1.641700689094929	0.2800986951863704
9.720778523311258	1.6404022139159256	1.6450008885939236	0.2803382389383602
9.731713009839169	1.6436901659367038	1.6483020564887165	0.28058150176888397
9.742647496367077	1.6469790041518966	1.651604179710597	0.28082783976242087
9.753581982894987	1.650268725732561	1.6549072465688617	0.2810766976294454
9.764516469422896	1.6535593278497493	1.6582112449550166	0.281327499226558
9.775450955950804	1.656850807674459	1.6615161620857464	0.28157963225643456
9.786385442478714	1.660143162375841	1.6648219865601854	0.28183257265890216
9.797319929006623	1.6634363891377952	1.6681287064746415	0.28208576940405017
9.808254415534533	1.6667304852905935	1.6714363093327949	0.28233863145432636
9.819188902062441	1.6700254483248405	1.6747447837724727	0.28259063072160195
9.830123388590351	1.6733212757367972	1.678054117653392	0.28284119644095274
9.84105787511826	1.6766179650224002	1.6813642990754538	0.28308977668565216
9.851992361646168	1.6799155136775867	1.6846753162790296	0.28333583223019154
9.862926848174078	1.6832139191982942	1.687987157313504	0.28357881673668484
9.873861334701987	1.68651317908046	1.6912998105342947	0.2838182062973704
9.884795821229897	1.6898132908200176	1.6946132640492715	0.284053466458678
9.895730307757805	1.6931142519113744	1.6979275061103887	0.28428407554779156
9.906664794285716	1.6964160598549325	1.7012425250653656	0.28450952125775864
9.917599280813624	1.6997187122485768	1.7045583090488863	0.284729276993545
9.928533767341532	1.7030222068796024	1.7078748464451012	0.284942823757417
9.939468253869443	1.7063265415589264	1.7111921252266225	0.285149621083125
9.950402740397351	1.7096317140963424	1.714510134972988	0.2853492267616442
9.961337226925261	1.7129377223016466	1.7178290092604935	0.28554960843960586
9.97227171345317	1.7162445639846309	1.7211488422732235	0.28575637712182633
9.98320619998108	1.7195522369550915	1.724469623866664	0.2859690334432674
9.994140686508988	1.722860739022822	1.7277913429067178	0.2861870244191822
10.005075173036898	1.7261700679968166	1.7311139882957298	0.28640980344714073
10.016009659564807	1.7294802216865686	1.7344375490374973	0.2866368339323522
10.026944146092715	1.7327911979617037	1.7377620130596654	0.2868675177833735
10.037878632620625	1.7361029948808437	1.7410873689693256	0.2871012896803249
10.048813119148534	1.7394156105595573	1.744413605622788	0.287337599644899
10.059747605676444	1.742729043110726	1.7477407111298184	0.28757585919074735
10.070682092204352	1.7460432906472276	1.7510686748551703	0.287815556169857
10.081616578732262	1.749358351281941	1.754397485486313	0.2880561435957052
10.09255106526017	1.752674223127743	1.7577271315034682	0.2882970667936302
10.10348555178808	1.7559909042975121	1.7610576021996873	0.28853782156701424
10.11442003831599	1.7593083929038387	1.7643888861861656	0.2887778687817866
10.125354524843898	1.7626266870568725	1.767720972468119	0.2890166958581908
10.136289011371808	1.765945784901788	1.7710538500071837	0.2892537896161729
10.147223497899716	1.7692656847454902	1.7743875076319129	0.28948862404232223
10.158157984427627	1.7725863849956596	1.777721934471031	0.28972068830281916
10.169092470955535	1.7759078840574682	1.78105711939235	0.28994946084237583
10.180026957483443	1.7792301803359554	1.784393051410232	0.2901744322537203
10.190961444011354	1.7825532722361612	1.7877297196669686	0.29039510411452696
10.201895930539262	1.785877158163124	1.7910671132236171	0.29061097717555384
10.212830417067172	1.7892018365218836	1.794405221141234	0.29082155591040326
10.22376490359508	1.792527305717429	1.7977440324808747	0.29102634848610087
10.23469939012299	1.795853564151887	1.8010835362592457	0.2912248644186599
10.2456338766509	1.7991806102453387	1.8044237218628625	0.29141663642144877
10.25656836317881	1.802508442541098	1.8077646158916831	0.2916032583556216
10.267502849706718	1.8058370597211504	1.8111063982024553	0.2917947913926744
10.278437336234626	1.8091664604721687	1.8144490880159034	0.29199234338868063
10.289371822762536	1.8124966434801497	1.817792674942888	0.29219538043223636
10.300306309290445	1.8158276074310882	1.8211371492483228	0.2924034085342697
10.311240795818355	1.8191593510109825	1.8244825002192553	0.29261588355711243
10.322175282346263	1.8224918729058268	1.827828718137689	0.2928323199243188
10.333109768874174	1.8258251718016192	1.831175791979393	0.2930521640521766
10.344044255402082	1.8291592463825217	1.83452371031415	0.2932748442891153
10.35497874192999	1.8324940953390823	1.8378724627649128	0.29349985025928227
10.3659132284579	1.835829717448599	1.841222038588933	0.2937266506301217
10.376847714985809	1.8391661116462497	1.8445724276427748	0.29395474189584103
10.38778220151372	1.842503276889778	1.8479236195757713	0.29418361171889007
10.398716688041628	1.845841212135026	1.8512756042983727	0.2944127657145801
10.409651174569538	1.849179916337837	1.854628371079702	0.2946416783854877
10.420585661097446	1.852519388454052	1.8579819099363581	0.294869868372305
10.431520147625356	1.8558596274395147	1.8613362104536717	0.2950968345441618
10.442454634153265	1.8592006322500658	1.8646912623516192	0.2953220866168005
10.453389120681173	1.8625424018407435	1.8680470552799304	0.2955451340998616
10.464323607209083	1.8658849351660178	1.8714035788315395	0.2957654870090254
10.475258093736992	1.8692282312385915	1.8747608229319692	0.295982673539652
10.486192580264902	1.872572289224416	1.8781187775998132	0.2961962220264569
10.49712706679281	1.8759171083421302	1.8814774324635857	0.2964056405652782
10.50806155332072	1.8792626878066618	1.8848367772007149	0.2966104435649042
10.518996039848629	1.8826090268329183	1.8881968017905197	0.29681016493381396
10.529930526376537	1.8859561246358079	1.8915574963514774	0.297004349279395
10.540865012904447	1.8893039804302394	1.8949188507805867	0.2971925327267311
10.551799499432356	1.8926525934311205	1.898280854884284	0.2973742499124077
10.562733985960266	1.8960019628531244	1.9016435124300233	0.29754977512836955
10.573668472488174	1.8993520879075603	1.9050070013577376	0.29772855102430107
10.584602959016085	1.9027029678415062	1.9083713736413048	0.2979133314869875
10.595537445543993	1.9060546020341531	1.911736619978024	0.2981036292353467
10.606471932071901	1.9094069899520505	1.9151027308349593	0.29829894374964194
10.617406418599812	1.9127601310587963	1.9184696962063026	0.29849875343992416
10.62834090512772	1.9161140248177353	1.9218375060029615	0.29870253602317653
10.63927539165563	1.9194686706922148	1.9252061504547906	0.29890978947351154
10.650209878183539	1.9228240681455797	1.9285756196440307	0.29912000758332
10.661144364711449	1.9261802166411766	1.9319459040807792	0.2993327098778309
10.672078851239357	1.9295371156423264	1.935316993861794	0.2995473977987606
10.683013337767267	1.9328947646092494	1.9386888794707047	0.2997635964225198
10.693947824295176	1.936253163019925	1.942061551174996	0.29998082203319676
10.704882310823084	1.93961231045685	1.9454349994080513	0.3001985974109278
10.715816797350994	1.9429722066175685	1.9488092145368492	0.3004164392779396
10.726751283878903	1.9463328512041862	1.952184186995326	0.3006338708982703
10.737685770406813	1.9496942439178218	1.9555599071885184	0.3008504173920956
10.748620256934721	1.9530563844595932	1.9589363656292291	0.3010656126685829
10.759554743462632	1.9564192725306189	1.96231355278866	0.30127899171719097
10.77048922999054	1.9597829078320155	1.9656914591382293	0.3014900927343023
10.781423716518448	1.9631472900649025	1.9690700752161336	0.3016984604876649
10.792358203046359	1.9665124189285308	1.9724493916130452	0.3019036456301416
10.803292689574267	1.9698782941288704	1.9758293988968	0.3021052003906233
10.814227176102177	1.9732449154534455	1.9792100876360108	0.30230267595519056
10.825161662630086	1.9766122828131554	1.9825914484611225	0.30249562344404346
10.836096149157996	1.9799803961346545	1.985973472052248	0.302683598751452
10.847030635685904	1.983349255342577	1.9893561490791525	0.30286616037971115
10.857965122213812	1.9867188603615618	1.9927394701941106	0.30304286895697086
10.868899608741723	1.9900892111162476	1.9961234260297702	0.3032132871138016
10.879834095269631	1.9934603075312713	1.9995080236342313	0.30337780391773705
10.890768581797541	1.9968321495312715	2.002893447823397	0.3035457083134352
10.90170306832545	2.0002047370408857	2.006279748190075	0.3037194661470899
10.91263755485336	2.0035780699847536	2.00966691595781	0.30389861339932267
10.923572041381268	2.0069521482875126	2.0130549418658097	0.3040826650253958
10.934506527909178	2.010326971873802	2.0164438167354053	0.30427114331068594