0.00002	300.	3.3949803671543235e-17	0.9999999999949821	0.18246643586249406
0.010954486527909176	299.9990473417013	5.5785676398751995e-9	0.9999984946200542	0.18246667895726412
0.021888973055818352	299.99619632348885	4.450623026558336e-8	0.9999939894962502	0.18246740647220613
0.03282345958372753	299.99144699256334	1.5007019293726043e-7	0.9999864847048052	0.18246861841264475
0.043757946111636706	299.9847994255993	3.555556310561332e-7	0.9999759803828683	0.1824703147879995
0.05469243263954588	299.976253724394	6.942447111013983e-7	0.9999624767205384	0.18247249561281217
0.06562691916745506	299.9658100259141	1.1994155691663394e-6	0.999945973962764	0.18247516090423538
0.07656140569536424	299.95346849800256	1.9043413087513208e-6	0.9999264724088706	0.18247831068311446
0.0874958922232734	299.93922933835637	2.8422892237360757e-6	0.9999039724048345	0.18248194497402886
0.09843037875118257	299.92309277416285	4.04651865648578e-6	0.9998784743816976	0.18248606380647406
0.10936486527909174	299.90505906020155	5.550282490865791e-6	0.9998499787726861	0.18249066721299012
0.12029935180700094	299.8851284839032	7.386823084615564e-6	0.9998184861121705	0.18249575523072425
0.13123383833491015	299.863301362196	9.589377489508318e-6	0.9997839968759432	0.18250132789762702
0.1421683248628193	299.839578059111	0.000012191159479430686	0.9997465118774317	0.18250738525890817
0.15310281139072848	299.8139589426667	0.00001522537798171893	0.9997060317912618	0.18251392736567087
0.16403729791863766	299.78644439763394	0.000018725239221044552	0.9996625571608854	0.18252095427032122
0.17497178444654682	299.757034891968	0.0000227239217194334	0.9996160888619313	0.18252846602355902
0.185906270974456	299.7257308858243	0.00002725458827130392	0.9995666278141033	0.1825364626896347
0.19684075750236518	299.6925328553342	0.00003235039835692293	0.9995141747825178	0.18254494433418966
0.20777524403027434	299.65744135576625	0.000038044481409438453	0.9994587307987182	0.182553911020137
0.21870973055818352	299.62045694683303	0.000044369950433983795	0.9994002969099985	0.18256336281995914
0.22964421708609273	299.5815801940131	0.0000513599122135355	0.9993388740442799	0.1825732998111304
0.24057870361400188	299.5408117218745	0.000059047435882464656	0.9992744634233863	0.1825837220743501
0.25151319014191104	299.4981521827927	0.00006746557622817237	0.9992070662252895	0.18259462969217652
0.2624476766698202	299.4536022496727	0.0000766473775247616	0.9991366835500641	0.18260602274955817
0.2733821631977294	299.4071626517095	0.00008662583979584004	0.9990633168002652	0.1826179013356439
0.2843166497256386	299.3588341259968	0.00009743395144872651	0.9989869672834611	0.18263026554504333
0.2952511362535477	299.3086174207317	0.00010910468398099472	0.9989076362828214	0.18264311547869033
0.30618562278145695	299.2565133464727	0.00012167096000352053	0.9988253253701951	0.18265645123978555
0.31712010930936607	299.20252273053114	0.00013516569320241224	0.9987400359838312	0.18267027293358934
0.32805459583727525	299.146646431769	0.000149621771966883	0.9986517695981726	0.1826845806681798
0.33898908236518444	299.08888535436887	0.00016507203353800668	0.9985605279434481	0.18269937455734095
0.3499235688930936	299.02924040579455	0.00018154930830090846	0.9984663125915375	0.18271465471961265
0.3608580554210028	298.967712523604	0.00019908639127518075	0.9983691252135076	0.18273042127851713
0.371792541948912	298.9043026979655	0.00021771602655694128	0.9982689676887259	0.18274667436008343
0.38272702847682116	298.8390119272297	0.00023747095240626915	0.9981658417268618	0.18276341409347438
0.3936615150047303	298.7718412567712	0.00025838386044191417	0.9980597491978696	0.18278064061024613
0.4045960015326395	298.70279176476146	0.0002804873939587936	0.9979506921226213	0.18279835404790581
0.41553048806054865	298.6318645318775	0.00030381418994996224	0.9978386723541078	0.18281655454855397
0.42646497458845783	298.5590606838664	0.00032839682697994015	0.9977236919602799	0.18283524225873607
0.43739946111636696	298.4843813866294	0.0003542678399570458	0.9976057530973446	0.18285441732729368
0.4483339476442762	298.4078278151	0.0003814597550854285	0.997484857768547	0.18287407990638063
0.4592684341721854	298.3294011978649	0.00041000502866031036	0.9973610082363235	0.18289423015165615
0.4702029207000945	298.2491027853335	0.00043993607961635944	0.9972342067875384	0.1829148682239467
0.48113740722800374	298.16693383457215	0.0004712853134436941	0.9971044555837707	0.1829359942887504
0.49207189375591287	298.08289565738374	0.0005040850556236625	0.9969717570751118	0.18295760851561504
0.503006380283822	297.99698959079956	0.000538367601474601	0.9968361136758722	0.1829797110766782
0.5139408668117312	297.9092169886689	0.000574165225317442	0.99669752771567	0.18300230214728158
0.5248753533396405	297.81957925973643	0.000611510113933666	0.9965560018230143	0.18302538190705395
0.5358098398675496	297.72807782342653	0.0006504344312423774	0.9964115385379818	0.18304895054043333
0.5467443263954588	297.63471411579457	0.0006909703095665937	0.9962641403682813	0.18307300823656106
0.557678812923368	297.53948963020025	0.0007331497899438441	0.9961138101088196	0.1830975551879076
0.5686132994512771	297.4424058723018	0.0007770048967296411	0.9959605504262447	0.18312259159020844
0.5795477859791863	297.3434643775181	0.0008225676093923849	0.9958043640149081	0.18314811764222186
0.5904822725070955	297.24266672933857	0.0008698698164139785	0.9956452538250841	0.1831741335475031
0.6014167590350046	297.14001451573716	0.0009189433940957554	0.9954832226523579	0.18320063951410062
0.6123512455629139	297.0355093546955	0.0009698201587116308	0.9953182733824145	0.18322763575474632
0.623285732090823	296.9291529144197	0.0010225318395112335	0.9951504091111736	0.18325512248513764
0.6342202186187321	296.82094687003007	0.0010771101558701896	0.9949796327670719	0.18328309992446484
0.6451547051466414	296.71089293880925	0.0011335867508447635	0.9948059474297072	0.1833115682951919
0.6560891916745506	296.5989928743182	0.0011919931877556723	0.994629356332633	0.18334052782472168
0.6670236782024597	296.4852484228588	0.0012523610408192026	0.994449862449087	0.18336997874506109
0.6779581647303689	296.3696613625603	0.001314721812913773	0.994267468871542	0.18339992129312674
0.6888926512582781	296.2522335695591	0.0013791068160011607	0.994082179315363	0.1834303557076187
0.6998271377861872	296.1329669263098	0.0014455473501079135	0.9938939973141256	0.18346128223098737
0.7107616243140964	296.0118633152671	0.0015140747152605815	0.9937029261839606	0.18349270110964314
0.7216961108420057	295.88892461888565	0.0015847202114857145	0.993508969040027	0.18352461259395944
0.7326305973699148	295.7641527350368	0.001657515092749151	0.9933121289973581	0.18355701694003282
0.7435650838978239	295.6375496620202	0.0017324903786285534	0.9931124099195758	0.1835899144090622
0.7544995704257331	295.5091174381803	0.0018096770163007225	0.9929098157299909	0.1836233052633651
0.7654340569536423	295.3788581019596	0.0018891059529921755	0.9927043501275388	0.18365718976919326
0.7763685434815515	295.246773691801	0.001970808135929429	0.9924960166027695	0.18369156819677881
0.7873030300094607	295.1128662521398	0.002054814495534131	0.9922848185154157	0.1837264408208054
0.7982375165373699	294.97713790775435	0.0021411557576248457	0.9920707597988166	0.1837618079211905
0.809172003065279	294.8395908396858	0.0022298625124260274	0.9918538446690573	0.18379766978085124
0.8201064895931882	294.7002272300741	0.0023209653477874086	0.9916340771259303	0.1838340266866143
0.8310409761210973	294.5590492610593	0.0024144948515587195	0.9914114609587177	0.1838708789293059
0.8419754626490066	294.4160591173859	0.002510481604812116	0.9911859997836556	0.18390822680387556
0.8529099491769158	294.27125905066106	0.0026089560106515967	0.9909576976483514	0.18394607060997642
0.8638444357048248	294.1246513829538	0.002709948282764138	0.9907265590436595	0.18398441065088608
0.874778922232734	293.9762384396582	0.002813488625767157	0.990492588266545	0.18402324723380067
0.8857134087606433	293.8260225461683	0.0029196072442780716	0.9902557894017819	0.18406258066993625
0.8966478952885524	293.6740060290525	0.0030283343409936536	0.9900161663412237	0.18410241127445778
0.9075823818164616	293.5201912711201	0.0031396999750168365	0.989773723256866	0.18414273936570907
0.9185168683443709	293.36458073419396	0.0032537339666017283	0.9895284648907329	0.18418356526683158
0.9294513548722799	293.20717688594124	0.0033704661135558725	0.9892803958330894	0.18422488930531236
0.9403858414001891	293.04798219402903	0.003489926213686816	0.9890295204607041	0.18426671181267965
0.9513203279280982	292.8869991262368	0.0036121440646680607	0.9887758429495362	0.18430903312450125
0.9622548144560075	292.72423018784696	0.003737149361376541	0.988519367601526	0.18435185358001616
0.9731893009839166	292.55967797560436	0.003864971518048741	0.9882600993777214	0.18439517352242493
0.9841237875118257	292.3933450999178	0.003995639901725239	0.9879980431604489	0.18443899329911953
0.995058274039735	292.2252341711961	0.004129183879446615	0.9877332036174318	0.1844833132615553
1.0059927605676442	292.0553477998481	0.00426563281825344	0.9874655852134527	0.18452813376525581
1.0169272470955533	291.88368861701275	0.004405016020675849	0.9871951924087881	0.18457345517000595
1.0278617336234626	291.7102593468892	0.0045473624878627685	0.9869220303406749	0.18461927783962237
1.0387962201513716	291.53506273971334	0.004692701133673177	0.9866461041784484	0.18466560214176686
1.049730706679281	291.358101545722	0.00484106087196247	0.9863674188760693	0.18471242844818875
1.06066519320719	291.17937851515177	0.004992470616586037	0.9860859791832146	0.18475975713472953
1.0715996797350993	290.9988964100962	0.005146959244760005	0.9858017897567728	0.18480758858125254
1.0825341662630084	290.8166580796039	0.005304555338165621	0.9855148558724952	0.18485592317159327
1.0934686527909177	290.63266641143366	0.005465287336436618	0.9852251829791173	0.18490476129380284
1.1044031393188267	290.44692429352165	0.005629183678335512	0.984932776311919	0.18495410334004916
1.1153376258467358	290.25943461380393	0.005796272802624823	0.9846376409008785	0.1850039497066181
1.126272112374645	290.0702002654583	0.0059665831300700556	0.9843397816278746	0.18505430079398513
1.1372065989025544	289.87922421601627	0.006140142812970746	0.9840392038848802	0.18510515700685395
1.1481410854304634	289.6865094881855	0.006316979798105799	0.983735913387609	0.18515651875373543
1.1590755719583727	289.492059105976	0.0064971220270792045	0.9834299156492896	0.1852083864472514
1.1700100584862818	289.2958760933979	0.00668059744149494	0.9831212159770516	0.1852607605041686
1.1809445450141909	289.09796347567175	0.006867433976310563	0.982809819498105	0.1853136413456176
1.1918790315421002	288.8983243319111	0.007057659342271303	0.9824957317075951	0.18536702939840358
1.2028135180700092	288.69696181318363	0.007251300978210345	0.9821789585691075	0.18542092509246672
1.2137480045979185	288.49387907542285	0.00744838630668586	0.981859505870965	0.18547532886161058
1.2246824911258278	288.28907927456254	0.007648942750256008	0.981537379194768	0.18553024114381242
1.2356169776537367	288.0825655669217	0.007852997730178717	0.9812125839276519	0.1855856623812402
1.246551464181646	287.8743411501552	0.008060578499011983	0.9808851256677882	0.18564159302069053
1.2574859507095553	287.66440929945463	0.008271711977922477	0.9805550105976613	0.18569803351361885
1.2684204372374643	287.45277329854446	0.008486425049648626	0.9802222447761274	0.1857549843156831
1.2793549237653736	287.23943643114916	0.008704744596928871	0.9798868340549056	0.18581244588674609
1.290289410293283	287.02440198108127	0.008926697502488616	0.9795487840873847	0.18587041869086243
1.3012238968211918	286.8076732697392	0.009152310535908299	0.979208100593965	0.1859289031936788
1.312158383349101	286.58925370103515	0.009381610095993772	0.9788647899396635	0.1859878998657033
1.3230928698770104	286.36914668830104	0.009614622506115014	0.9785188584476266	0.18604740918347845
1.3340273564049194	286.147355644869	0.009851374089642009	0.9781703122336877	0.18610743162778293
1.3449618429328287	285.9238839840708	0.010091891169944751	0.9778191572147937	0.18616796768363814
1.3558963294607378	285.69873514108116	0.010336200001617587	0.9774653992669677	0.1862290178387836
1.3668308159886469	285.4719126408498	0.010584326459395258	0.9771090448997334	0.18629058258350933
1.3777653025165562	285.24342003006774	0.010836296288079635	0.9767501006947443	0.18635266241374404
1.3886997890444652	285.01326085539904	0.011092135232370372	0.9763885730265784	0.1864152578296936
1.3996342755723745	284.7814386635077	0.011351869036967126	0.976024468070611	0.18647836933583717
1.4105687621002838	284.5479570036953	0.011615523409201094	0.9756577918890472	0.186541997442463
1.4215032486281929	284.31281949326535	0.011883123697400452	0.975288551104127	0.18660614266611403
1.432437735156102	284.0760298046689	0.012154695050093622	0.9749167525482076	0.18667080552356277
1.4433722216840112	283.8375916114706	0.01243026261367636	0.974542402850976	0.18673598653568155
1.4543067082119203	283.59750858723504	0.012709851534544432	0.9741655084427324	0.18680168622764937
1.4652411947398296	283.3557844040396	0.012993486942618645	0.9737860755950685	0.1868679051303255
1.4761756812677387	283.1124227740068	0.013281193655404595	0.9734041110193717	0.18693464378501073
1.487110167795648	282.8674274784007	0.013572996211628214	0.9730196217837962	0.18700190273311107
1.498044654323557	282.6208023029875	0.013868919140277207	0.9726326147693458	0.1870696825196185
1.5089791408514661	282.3725510335332	0.014168986970339288	0.9722430966575776	0.1871379836938717
1.5199136273793754	282.12267745804684	0.014473224225838662	0.9718510739474296	0.187206806809268
1.5308481139072847	281.8711854195685	0.014781655183492698	0.9714565534297092	0.1872761524217477
1.5417826004351938	281.6180788120002	0.015094303764817138	0.9710595423836103	0.1873460210954084
1.552717086963103	281.36336153039275	0.015411193863958918	0.9706600479353874	0.1874164133996491
1.5636515734910121	281.1070374697969	0.015732349375064958	0.9702580770119613	0.1874873299082566
1.5745860600189212	280.84911052661005	0.016057794191638806	0.969853636349049	0.187558771199099
1.5855205465468305	280.5895846678689	0.016387552029816458	0.9694467328272438	0.18763073784446727
1.5964550330747398	280.32846391999516	0.016721646191569246	0.9690373739055205	0.1877032304247137
1.6073895196026489	280.0657523027423	0.017060099920092324	0.9686255669479831	0.18777624952898003
1.6183240061305582	279.8014538358637	0.017402936458580872	0.9682113191197084	0.18784979575083174
1.629258492658467	279.53557253911634	0.01775017905023234	0.9677946373934202	0.18792386968826555
1.6401929791863763	279.2681124595024	0.01810185082299002	0.967375528763625	0.18799847194192107
1.6511274657142856	278.9990777316012	0.01845797445988264	0.9669540008360934	0.18807360311364776
1.6620619522421947	278.7284725072379	0.01881857253688362	0.9665300612068508	0.1881492638097704
1.672996438770104	278.4563009382374	0.019183667629966396	0.9661037172733363	0.18822545464107018
1.6839309252980132	278.18256717642487	0.019553282315104392	0.9656749762408497	0.18830217622279308
1.694865411825922	277.9072753583851	0.019927439100798867	0.9652438452464305	0.1883794291818375
1.7057998983538314	277.63042967203285	0.020306160055574438	0.9648103320065793	0.18845721415501618
1.7167343848817407	277.35203437726716	0.020689467071801425	0.9643744443445231	0.18853553177168414
1.7276688714096498	277.0720937348358	0.0210773820413899	0.9639361898862226	0.18861438266548283
1.738603357937559	276.79061200548625	0.02146992685624994	0.9634955760657927	0.18869376747456168
1.7495378444654681	276.5075934117845	0.02186712332216049	0.9630526102770272	0.18877368685563004
1.7604723309933772	276.227016630691	0.02226899550299861	0.9626072959383681	0.18885301705285462
1.7714068175212865	275.94665311810445	0.022675567664720824	0.9621596360466281	0.18893238693016884
1.7823413040491956	275.6647912542906	0.0230868619078434	0.9617096371165371	0.18901228192336603
1.7932757905771048	275.3814353181433	0.023502899955350483	0.9612573061262629	0.18909270267073885
1.8042102771050141	275.09658952744337	0.02392370295991063	0.9608026508192307	0.1891736498145101
1.815144763632923	274.8102581230909	0.02434929199355994	0.960345678883594	0.1892551240012373
1.8260792501608323	274.52244535760195	0.024779687943432084	0.9598863981226831	0.18933712588203405
1.8370137366887416	274.23315550572767	0.02521491156738966	0.959424816362056	0.18941965611237446
1.8479482232166506	273.9423928615257	0.025654983501776304	0.9589609414364407	0.1895027153521158
1.85888270974456	273.6501617401472	0.026099924237416514	0.9584947812276315	0.18958630426555276
1.8698171962724692	273.3564664743932	0.026549754151137434	0.9580263436132785	0.18967042352136962
1.880751682800378	273.06131141910214	0.027004493450666845	0.9575556365536148	0.18975507379261575
1.8916861693282874	272.76470094802664	0.027464162216756408	0.9570826680232449	0.1898402557568609
1.9026206558561964	272.46663945461955	0.02792878037936824	0.9566074460477313	0.1899259700960823
1.9135551423841057	272.1671313378955	0.0283983677881812	0.9561299785932184	0.19001221749688466
1.924489628912015	271.86618103972944	0.028872944014136755	0.9556502738729534	0.1900989986502061
1.935424115439924	271.5637930089327	0.029352528590462047	0.9551683399721783	0.19018631425142216
1.9463586019678332	271.2599716971837	0.029837140980817887	0.9546841849001015	0.19027416500047958
1.9572930884957425	270.9547215962509	0.030326800352988192	0.9541978169338156	0.19036255160183652
1.9682275750236515	270.6480472129089	0.030821525799204656	0.9537092442799512	0.19045147476440727
1.9791620615515608	270.339953055869	0.03132133633796416	0.9532184750739093	0.19054093520165352
1.9900965480794701	270.03044366913383	0.031826250714618365	0.9527255176780204	0.19063093363157627
2.001031034607379	269.7195236106806	0.032336287611459444	0.9522303803649901	0.19072147077669724
2.0119655211352883	269.4071974452173	0.03285146561320475	0.9517330713710455	0.19081254736400186
2.0229000076631976	269.0934697720845	0.033371803022835426	0.951233599166038	0.19090416412503952
2.033834494191107	268.77834520075237	0.03389731809560008	0.9507319721070502	0.19099632179599865
2.0447689807190157	268.4618283460052	0.034428028989633076	0.9502281985128008	0.19108902111779855
2.055703467246925	268.14392385813585	0.03496395357172641	0.9497222869439631	0.19118226283590342
2.0666379537748343	267.8246363993113	0.03550510965702039	0.9492142458539152	0.1912760477002238
2.0775724403027436	267.5039706373574	0.036051514967227354	0.9487040836510052	0.1913703764652474
2.0885069268306524	267.18193127386206	0.03660318693042177	0.9481918089831071	0.19146524989015828
2.099441413358562	266.85852302134697	0.03716014291954031	0.9476774303955682	0.19156066873883298
2.110375899886471	266.5337505974181	0.037722400218446264	0.9471609563814	0.1916566337797464
2.12131038641438	266.2076187533228	0.03828997581414009	0.9466423956721843	0.1917531457859877
2.132244872942289	265.8801322518923	0.03886288663364048	0.9461217569035524	0.19185020553532608
2.1431793594701984	265.5512958474675	0.039441149653713224	0.9455990484662833	0.19194781381019438
2.1541138459981077	265.2211143413348	0.040024781398710005	0.9450742792016316	0.19204597139769852
2.1650483325260166	264.88959256696745	0.04061379811523031	0.9445474581514745	0.1921446790896364
2.175982819053926	264.5567353578388	0.041208216049873105	0.9440185941759452	0.19224393768250672
2.186917305581835	264.2225475474222	0.041808051449237264	0.9434876959579762	0.19234374797751957
2.197851792109744	263.887033969191	0.04241332055992174	0.9429547720077067	0.19244411078060736
2.2087862786376538	263.55019947146764	0.04302403948994263	0.9424198308522288	0.19254502690242342
2.2197207651655626	263.21204896472426	0.04364022374231142	0.941882881656319	0.1926464971583509
2.230655251693472	262.8725873756854	0.04426188865508018	0.9413439336236589	0.19274852236853388
2.241589738221381	262.5318196310757	0.04488904956629794	0.9408029957783519	0.19285110335788244
2.25252422474929	262.1897506576198	0.04552172181401371	0.9402600769692775	0.1929542409560836
2.2634587112771993	261.8463853820424	0.04615992073627654	0.9397151858743238	0.19305793599761267
2.2743931978051086	261.50172874386635	0.04680366153752751	0.9391683311781509	0.19316218932180904
2.285327684333018	261.15578574162976	0.0474529588103863	0.938619522190599	0.19326700177283127
2.2962621708609268	260.80856139086205	0.04810782697248806	0.938068768269444	0.19337237419958375
2.307196657388836	260.46006070709404	0.04876828044145446	0.9375160785950825	0.19347830745580438
2.3181311439167454	260.1102887058566	0.049434333634907124	0.9369614621746972	0.19358480240007594
2.329065630444654	259.7592504026805	0.05010600097046773	0.9364049278463237	0.19369185989583823
2.340000116972564	259.4069508258544	0.050783296746139454	0.9358464844339133	0.19379948081146636
2.350934603500473	259.0533950598504	0.05146623464502786	0.9352861413704271	0.1939076660202644
2.361869090028382	258.6985882045035	0.05215482815409999	0.9347239081596269	0.19401641640036357
2.3728035765562914	258.3425353596476	0.05284909076025354	0.9341597941301779	0.1941257328347985
2.3837380630842	257.9852416251167	0.053549035950386126	0.9335938084395784	0.19423561621151986
2.3946725496121095	257.6267121007446	0.05425467721139546	0.9330259600780682	0.19434606742340615
2.4056070361400184	257.26695189853166	0.0549660279190806	0.9324562580089499	0.19445708736818693
2.416541522667928	256.90596618445477	0.05568310083506146	0.9318847117846013	0.19456867694852548
2.427476009195837	256.54376013919835	0.056405908511210544	0.9313113310407077	0.1946808370721756
2.438410495723746	256.180338943442	0.05713446349924805	0.9307361252403032	0.19479356865186856
2.4493449822516555	255.81570777786519	0.057868778350894164	0.9301591036774404	0.19490687260532463
2.4602794687795644	255.44987182314742	0.05860886561786899	0.9295802754809458	0.19502074985526552
2.4712139553074737	255.08283628192865	0.059354737610919785	0.9289996499063276	0.1951352013290606
2.482148441835383	254.7146063966486	0.060106406177387155	0.9284172365978894	0.19525022795877617
2.4930829283632923	254.35152501188023	0.06086389036629024	0.927833036491631	0.1953638457520765
2.504017414891201	253.98847400035396	0.06162721155027041	0.9272470477640903	0.1954776526521179
2.5149519014191104	253.62425954024297	0.06239638216112344	0.9266592791325893	0.19559202434181408
2.5258863879470197	253.2588865473693	0.0631714135636687	0.9260697404121967	0.19570696173363206
2.5368208744749285	252.89236001923794	0.06395231716806588	0.9254784411959243	0.19582246574666431
2.5477553610028383	252.52468531663007	0.06473910504186209	0.924885390149353	0.19593853730485625
2.558689847530747	252.15586761073985	0.06553178858847783	0.9242905965572067	0.19605517733625785
2.569624334058656	251.78591198001087	0.06633037879922114	0.9236940700202632	0.19617238677391688
2.5805588205865657	251.41482349001447	0.06713488644326847	0.9230958202310322	0.19629016655597792
2.5914933071144746	251.04260728578072	0.0679453223588456	0.9224958566396744	0.19640851762515782
2.602427793642384	250.66926850677584	0.06876169714748455	0.9218941888063841	0.1965274409296471
2.613362280170293	250.29481233687	0.06958402138311516	0.9212908261625753	0.19664693742257588
2.6242967666982024	249.91924396156003	0.0704123054247241	0.9206857782245905	0.19676700806156577
2.6352312532261113	249.54256852970292	0.071246559319767	0.9200790547002862	0.19688765380855142
2.6461657397540206	249.16479129088142	0.07208679328011042	0.9194706649533937	0.19700887563357217
2.65710022628193	248.78591740685235	0.07293301700060084	0.9188606187687045	0.19713067450684243
2.6680347128098387	248.40595210044322	0.07378524021390481	0.9182489257287019	0.19725305140699895
2.678969199337748	248.02490061414437	0.07464347253615124	0.9176355953880138	0.19737600731878452
2.6899036858656573	247.64276815114087	0.07550772320920408	0.9170206375572082	0.19749954322592983
2.700838172393566	247.25955998133412	0.07637800158312476	0.9164040617695569	0.19762366012545418
2.7117726589214755	246.87528135172147	0.07725431668604157	0.9157858777555058	0.19774835901371127
2.7227071454493847	246.4899375189496	0.0781366773821061	0.9151660952672211	0.1978736408917591
2.733641631977294	246.10353377379437	0.07902509252425413	0.9145447239129643	0.1979995067723665
2.744576118505203	245.71607538620313	0.07991957061883852	0.9139217735211685	0.19812595766406604
2.7555106050331126	245.32756765481398	0.08082012014380315	0.9132972537947384	0.19825299458740442
2.7664450915610215	244.93801588544173	0.0817267494043471	0.9126711744677596	0.1983806185674902
2.7773795780889303	244.54742538218346	0.08263946645478153	0.9120435453880563	0.1985088306285993
2.78831406461684	244.15580147218293	0.08355827932922849	0.911414376270382	0.1986376318092751
2.799248551144749	243.76314948216063	0.08448319580126679	0.9107836769528381	0.19876702314603806
2.810183037672658	243.36947474930747	0.08541422351556896	0.9101514572560037	0.19889700568221869
2.8211175242005675	242.97478262398977	0.08635137000401871	0.9095177269663858	0.19902758047130953
2.8320520107284763	242.57907846078297	0.08729464252741016	0.9088824960023114	0.19915874856427931
2.8429864972563856	242.18236762093562	0.08824404833204533	0.9082457741445874	0.19929051102174458
2.853920983784295	241.78465548254826	0.08919959441659125	0.907607571280623	0.19942286891199584
2.864855470312204	241.3859474247322	0.09016128763562171	0.9069678972955569	0.19955582330354515
2.875789956840113	240.986248830266	0.09112913467023841	0.9063267621025001	0.19968937526856573
2.886724443368023	240.58556509928056	0.09210314199942411	0.9056841756713399	0.19982352588752925
2.8976589298959317	240.18390163170488	0.09308331614238892	0.9050401477804378	0.1999582762486381
2.9085934164238405	239.7812638349159	0.0940696634069353	0.9043946882759722	0.2000936274473325
2.9195279029517502	239.37765713980647	0.09506218962616442	0.9037478073372577	0.20022958057893012
2.930462389479659	238.973086978386	0.09606090061217208	0.9030995150128688	0.20036613674374074
2.9413968760075684	238.56755878266384	0.09706580217705424	0.9024498212019597	0.20050329704743175
2.9523313625354772	238.16107798417778	0.09807690012593476	0.9017987356640125	0.2006410626017918
2.9632658490633865	237.75365002341846	0.09909419995216698	0.9011462683254728	0.20077943452997768
2.974200335591296	237.3452803674894	0.10011770672195792	0.9004924293913532	0.20091841395559992
2.9851348221192047	236.93597448671534	0.10114742547085408	0.8998372289475055	0.20105800200613136
2.9960693086471144	236.525737851421	0.10218336123440194	0.8991806769325434	0.20119819981447812
3.0070037951750233	236.11457592506275	0.10322551900223995	0.8985227831856509	0.20133900852094644
3.0179382817029325	235.70249418324025	0.10427390332892437	0.8978635578295794	0.20148042927356158
3.028872768230842	235.28949812669222	0.10532851854630547	0.8972030110582578	0.20162246322300698
3.0398072547587507	234.8755932565154	0.10638936898494591	0.8965411529201929	0.20176511152540397
3.05074174128666	234.46290383130622	0.10745646294014694	0.8958779894781178	0.2019076429033116
3.0616762278145693	234.0558497051081	0.108529818918908	0.8952135168486727	0.2020485243305678
3.0726107143424786	233.6479099907019	0.10960945274050225	0.8945477337895642	0.2021900086337619
3.0835452008703874	233.2390899796418	0.11069536850156868	0.8938806503141548	0.2023320969398633
3.0944796873982967	232.82939432401432	0.11178756966005464	0.8932122769044007	0.2024747903816427
3.105414173926206	232.41882850313604	0.11288606021686017	0.8925426233777844	0.20261809009744544
3.116348660454115	232.00739770108015	0.11399084376946486	0.8918716997966722	0.20276199723254879
3.1272831469820246	231.5951076332448	0.11510192414832986	0.8911995158624727	0.20290651293697054
3.1382176335099334	231.18196371250923	0.11621930482841106	0.8905260814762553	0.20305163836603787
3.1491521200378427	230.76797137746695	0.11734298907897314	0.889851406594656	0.2031973746804545
3.160086606565752	230.35313588790993	0.11847297984269242	0.8891755013420073	0.20334372304626075
3.171021093093661	229.93746249413388	0.11960927985737654	0.8884983758939786	0.20349068463534867
3.18195557962157	229.5209565759091	0.12075189197305576	0.8878200401821125	0.2036382606244009
3.1928900661494795	229.10362348883837	0.12190081879119372	0.8871405042320339	0.20378645219558186
3.2038245526773887	228.68546853560903	0.1230560626837873	0.8864597781442229	0.20393526053702146
3.2147590392052976	228.2664971230672	0.12421762597020718	0.8857778719301299	0.20408468684199874
3.2256935257332064	227.84671464557536	0.12538551087773475	0.8850947955498498	0.20423473230984182
3.236628012261116	227.4261265531815	0.12655971947242473	0.8844105589761344	0.20438539814536477
3.247562498789025	227.004738128906	0.12774025343954276	0.8837251723940333	0.20453668555701224
3.2584969853169343	226.58255474790553	0.12892711440270735	0.8830386459078114	0.2046885957596297
3.2694314718448436	226.1595818984213	0.13012030408278405	0.8823509893986333	0.20484112997686205
3.280365958372753	225.73582497378356	0.13131982382689145	0.881662212952715	0.20499428943574222
3.2913004449006618	225.3112892936294	0.13252567472171495	0.8809723267561441	0.205148075365053
3.302234931428571	224.8859802621704	0.1337378578197623	0.8802813408906898	0.2053024890025953
3.3131694179564803	224.45990334702435	0.1349563741698461	0.8795892653083254	0.20545753159562544
3.324103904484389	224.03306394295555	0.13618122449609527	0.878896110118815	0.2056132043928037
3.335038391012299	223.60546741355154	0.13741240931458412	0.8782018854837491	0.20576950864497065
3.345972877540208	223.17711918512046	0.1386499290977508	0.8775066014704394	0.2059264456133878
3.3569073640681166	222.74802471264638	0.1398937842344023	0.876810268088673	0.20608401656803912
3.3678418505960264	222.31818940504377	0.14114397484784433	0.8761128954512809	0.20624222277960483
3.378776337123935	221.88761865701983	0.14240050087225334	0.8754144937056526	0.20640106552209958
3.3897108236518445	221.45631790822767	0.14366336218699202	0.8747150729160456	0.20656054608033458
3.400645310179754	221.02429260794398	0.1449325585359547	0.8740146431350332	0.20672066574666959
3.411579796707663	220.59154817708605	0.1462080894451041	0.8733132144751439	0.20688142581434527
3.422514283235572	220.15809003305543	0.14748995426135428	0.8726107970743204	0.20704282758120568
3.4334487697634812	219.72392362265677	0.14877815229528144	0.8719074009726464	0.20720487235577315
3.4443832562913905	219.28905439559142	0.15007268267381862	0.8712030362403207	0.20736756145307308
3.4553177428192994	218.85348778521342	0.15137354421184154	0.8704977130870419	0.20753089618959042
3.466252229347209	218.41722922398364	0.15268073571203106	0.8697914416040805	0.20769487788743435
3.477186715875118	217.9802841555545	0.15399425596481453	0.8690842317661902	0.20785950787703952
3.488121202403027	217.54265804161432	0.15531410343686425	0.868376093697423	0.20802478749769351
3.499055688930936	217.10435632881763	0.15664027636678787	0.8676670375879543	0.20819071809053402
3.5099901754588454	216.6653844633442	0.15797277299068593	0.8669570735030916	0.2083573010025272
3.5209246619867547	216.22574785964989	0.15931159202026723	0.8662462109838001	0.20852453758283382
3.5318591485146635	215.78940793462883	0.16065673820487633	0.8655344543995458	0.20869091909066673
3.5427936350425733	215.35782677672253	0.16200823350297763	0.8648217937067171	0.20885587835767733
3.553728121570482	214.9255964649794	0.16336608754312507	0.8641082292416259	0.20902147853976216
3.564662608098391	214.492721783508	0.16473029847579973	0.8633937708549025	0.2091877209539743
3.5755970946263007	214.05920797724846	0.16610086415204572	0.8626784285242364	0.20935460692339372
3.5865315811542096	213.62506009215878	0.16747778237405037	0.8619622121459066	0.20952213777696344
3.597466067682119	213.1902837070097	0.1688610505937833	0.8612451317836515	0.20969031484937517
3.608400554210028	212.75488419302354	0.17025066618270498	0.8605271974451797	0.2098591394811945
3.619335040737937	212.31886677713	0.17164662627091407	0.8598084192143925	0.2100286130188718
3.6302695272658463	211.88223657551302	0.17304892789830054	0.8590888071271552	0.21019873681473303
3.6412040137937556	211.44499903489069	0.17445756832549872	0.8583683709195732	0.2103695122267574
3.652138500321665	211.00715929164483	0.17587254399317911	0.857647120874839	0.21054094061859113
3.6630729868495737	210.56872264442984	0.17729385214946547	0.856925066501752	0.21071302336015185
3.6740074733774835	210.12969433266147	0.17872148881803152	0.8562022181810949	0.210885761826738
3.6849419599053923	209.69007959873215	0.18015545079196846	0.8554785855532061	0.2110591573998924
3.695876446433301	209.24988370223184	0.1815957342566117	0.8547541786304406	0.2112332114678471
3.706810932961211	208.80911188990373	0.18304233513085041	0.8540290075194966	0.21140792542449327
3.7177454194891197	208.3677694133039	0.18449524986811713	0.8533030817831418	0.21158330066916736
3.728679906017029	207.92586152956022	0.1859544736647524	0.8525764118685862	0.21175933860780502
3.7396143925449383	207.4833934866611	0.18742000299604422	0.8518490070898737	0.2119360406521233
3.750548879072847	207.0403705322208	0.1888918330679728	0.851120877652862	0.21211340822002886
3.7614833656007565	206.59679792112325	0.19036995905502388	0.8503920336694878	0.21229144273550687
3.7724178521286658	206.15268090937377	0.19185437628853746	0.8496624850115371	0.21247014562860733
3.783352338656575	205.70802475297774	0.19334508009985346	0.8489322414366719	0.21264951833548237
3.794286825184484	205.26283469784894	0.19484206565769707	0.8482013127167654	0.21282956229760958
3.8052213117123928	204.81711598233602	0.19634532758611536	0.8474697089345025	0.21301027896202943
3.8161557982403025	204.37087386122994	0.1978548604636612	0.8467374400922486	0.21319166978325274
3.8270902847682113	203.92411358960044	0.19937065887086297	0.8460045160765314	0.21337373622199143
3.8380247712961206	203.4768404206278	0.200892717390351	0.8452709466595928	0.2135564797452381
3.84895925782403	203.02905957633862	0.2024210304528325	0.8445367416193073	0.2137399018273513
3.859893744351939	202.58077629424295	0.2039555920449336	0.8438019109628488	0.21392400394779543
3.870828230879848	202.13199582220096	0.2054963960861009	0.8430664646356206	0.21410878759178284
3.8817627174077574	201.6827234080728	0.20704343649578116	0.8423304124709653	0.21429425425080223
3.8926972039356666	201.23296429194548	0.20859670719773366	0.8415937641884639	0.21448040542224975
3.9036316904635755	200.78272369511677	0.21015620181953523	0.8408565296230834	0.2146672426094317
3.9145661769914852	200.33200685203903	0.21172191368095783	0.8401187187323418	0.21485476732317454
3.925500663519394	199.8808189980748	0.21329383609380875	0.8393803413688072	0.21504298108072165
3.936435150047303	199.42916536835565	0.21487196236758427	0.8386414072773118	0.215231885405689
3.9473696365752127	198.97705118551974	0.21645628562673289	0.837901926233289	0.21542148182770457
3.9583041231031215	198.5290193991102	0.21804681325646352	0.8371618972541721	0.21560986185429026
3.969238609631031	198.08583199166995	0.21964356362652346	0.83642131118753	0.21579669178465677
3.98017309615894	197.64219247818465	0.22124654670312777	0.8356801652228114	0.2159841996631027
3.9911075826868494	197.198105895059	0.22285575562611185	0.8349384690429811	0.21617238697848679
4.002042069214758	196.75357658688003	0.22447118431121216	0.834196231652067	0.21636125522334865
4.012976555742668	196.30860976221072	0.22609282541108983	0.833453462886379	0.21655080589635722
4.023911042270576	195.86321027678088	0.22772067189815343	0.8327101722404158	0.2167410405009914
4.034845528798486	195.4173834946498	0.22935471591464598	0.8319663697139648	0.21693196054760305
4.045780015326395	194.97113453698088	0.23099494983978341	0.8312220650255624	0.21712356755262077
4.056714501854304	194.52446847735737	0.23264136584911121	0.8304772679373753	0.21731586303884473
4.067648988382214	194.07739003183747	0.23429395613784962	0.8297319880923032	0.21750884853558777
4.078583474910122	193.62990434601713	0.2359527129621105	0.8289862349857039	0.217702525578169
4.089517961438032	193.18201655156548	0.23761762829219557	0.8282400182179771	0.21789689570796114
4.100452447965941	192.73373146282773	0.23928869361127875	0.8274933476382955	0.218091960472532
4.111386934493851	192.28505415600796	0.24096590130869805	0.8267462323395252	0.21828772142641364
4.122321421021759	191.83598961194247	0.24264924258423065	0.8259986821710783	0.21848418013041981
4.133255907549669	191.3865427699123	0.2443387086712035	0.8252507068541466	0.21868133815157564
4.144190394077579	190.93671864715208	0.2460342917937457	0.8245023153005788	0.21887919706342185
4.155124880605487	190.48652219310148	0.24773598220673992	0.8237535177293941	0.21907775844670255
4.166059367133396	190.03595838332473	0.24944377134730292	0.8230043234134575	0.21927702388795406
4.176993853661306	189.58503219995657	0.2511576507468664	0.82225474146179	0.21947699498005543
4.187928340189215	189.1337485845523	0.2528776101784143	0.8215047821294903	0.21967767332296634
4.198862826717124	188.6821125172287	0.254603641154791	0.820754454339941	0.21987906052283232
4.2097973132450335	188.23012895833412	0.256335734612141	0.820003767328767	0.22008115819242022
4.220731799772943	187.77780283856984	0.25807388029400824	0.8192527310711497	0.22028396795126992
4.231666286300851	187.32513911019518	0.2598180684821396	0.8185013550632011	0.22048749142544966
4.2426007728287605	186.87214272566655	0.2615682894640791	0.8177496486990963	0.2206917302476462
4.25353525935667	186.4188186374404	0.2633245335273706	0.8169976212764125	0.22089668605718757
4.264469745884578	185.9651717915192	0.2650867909129286	0.8162452820296912	0.22110236049979912
4.275404232412488	185.51120709401383	0.26685505134582516	0.8154926404556633	0.22130875522659096
4.286338718940398	185.05692947010857	0.2686293043376923	0.814739706101354	0.22151587189668898
4.297273205468307	184.60234385032786	0.27040953941402024	0.8139864884070855	0.22172371217620468
4.308207691996215	184.14745516519613	0.27219574610029923	0.8132329967173392	0.22193227773800084
4.319142178524125	183.69226836125918	0.2739879147221274	0.8124792397343655	0.222141570261667
4.330076665052034	183.23678831635073	0.2757860339678091	0.8117252271902686	0.22235159143264574
4.341011151579943	182.78101989675145	0.27759009184436306	0.8109709691830278	0.22256234294382796
4.3519456381078525	182.33377299031545	0.2794001103277884	0.8102164526355813	0.22276973807326594
4.362880124635762	181.88755790396897	0.28121611001519264	0.8094616655362352	0.22297723342740605
4.373814611163671	181.441056303854	0.2830380876494127	0.8087066121154973	0.2231854434663442
4.3847490976915795	180.99427277477935	0.2848660327838328	0.8079513014086034	0.22339436983111188
4.395683584219489	180.54721188400532	0.2866999349169342	0.8071957423978091	0.22360401416958062
4.406618070747399	180.09987822616242	0.28853978336731007	0.8064399440968901	0.22381437813502017
4.417552557275307	179.65227681938768	0.2903855663602115	0.8056839161620041	0.22402546338756116
4.428487043803217	179.20441241990102	0.29223727258248494	0.8049276678458188	0.2242372715942593
4.439421530331126	178.75628969705622	0.29409489066617556	0.8041712083463336	0.22444980442884432
4.450356016859035	178.3079131480295	0.2959584094293573	0.8034145466475837	0.22466306357186475
4.461290503386944	177.8592876594505	0.2978278173069689	0.8026576918993931	0.22487705071014769
4.472224989914854	177.41041778345524	0.2997031024942075	0.8019006533205675	0.22509176753685795
4.483159476442763	176.96130819899065	0.3015842536085772	0.8011434397615151	0.2253072157524598
4.4940939629706715	176.51196357961882	0.3034712587513594	0.8003860603260646	0.22552339706448557
4.505028449498581	176.06238851837392	0.305364105768716	0.799628524197061	0.22574031318703502
4.51596293602649	175.61258769597367	0.3072627831805411	0.798870840027397	0.22595796584068734
4.5268974225543985	175.1625657098089	0.30916727816754036	0.7981130172608568	0.22617635675318784
4.537831909082308	174.7123272089444	0.31107757901252236	0.7973550645322587	0.22639548765900425
4.548766395610218	174.2618768052365	0.31299367311700466	0.7965969909661125	0.22661536029960477
4.559700882138127	173.81121910904207	0.31491554786902226	0.7958388056081439	0.22683597642332867
4.570635368666036	173.3603587568887	0.31684319130354033	0.795080516999113	0.22705733778531703
4.581569855193945	172.90930032484508	0.31877659027217514	0.7943221343617537	0.2272794461478408
4.592504341721854	172.45804840778885	0.3207157318464835	0.7935636666893949	0.2275023032801111
4.603438828249763	172.00660760459806	0.32266060316453893	0.7928051228472055	0.2277259109583131
4.614373314777673	171.55498251415068	0.32461119136441513	0.792046511616324	0.22795027096563925
4.625307801305582	171.1031777221009	0.3265674835090647	0.7912878417428636	0.22817538509179763
4.6362422878334915	170.65119777781763	0.32852946624114976	0.7905291221584049	0.228401255132787
4.6471767743614	170.19904724594872	0.3304971260875743	0.7897703617841009	0.2286278828928936
4.658111260889309	169.74673069231136	0.3324704495773779	0.789011569455983	0.22885527018356505
4.6690457474172185	169.29425268272274	0.33444942323960003	0.78825275392731	0.22908341882337485
4.679980233945128	168.84161781445866	0.3364340344742468	0.787493923319395	0.22931233063914183
4.690914720473037	168.38883054674852	0.3384242682370634	0.786735087218129	0.2295420074636382
4.701849207000946	167.93589541118212	0.34042011071823813	0.785976254344132	0.2297724511358347
4.712783693528856	167.49044893126253	0.34242159379098963	0.7852174046825895	0.22999976482096057
4.723718180056764	167.04750708794822	0.3444287166175111	0.7844585388743759	0.23022646896404275
4.734652666584673	166.60441371995728	0.34644149149832737	0.7836996493515428	0.23045392271830556
4.7455871531125835	166.1611729722011	0.3484599055024213	0.7829407443328789	0.23068212786897102
4.756521639640492	165.71778910797778	0.35048394519630655	0.7821818322738717	0.23091108620334722
4.767456126168401	165.2742666586853	0.3525135961731141	0.7814229221559847	0.23114079951529426
4.7783906126963105	164.8306099140548	0.3545488445134527	0.7806640225769014	0.23137126960483556
4.789325099224219	164.38682331818066	0.3565896760114287	0.7799051422326229	0.2316024982796322
4.800259585752128	163.9429110599542	0.35863607681447746	0.7791462895223309	0.2318344873542053
4.8111940722800375	163.49887751681214	0.36068803255307125	0.7783874730864816	0.23206723865000212
4.822128558807948	163.0547268659942	0.362745528708946	0.7776287015783387	0.23230075399560846
4.833063045335856	162.61046345706282	0.3648085513044467	0.7768699832422002	0.23253503522669847
4.843997531863765	162.16609165201146	0.36687708638441924	0.7761113262341928	0.23277008418604353
4.854932018391675	161.7216156468427	0.3689511187113081	0.7753527394177939	0.23300590272360544
4.865866504919583	161.27703966136815	0.37103063339994635	0.7745942313627299	0.2332424926964591
4.876800991447492	160.83236804235614	0.3731156166166662	0.7738358099245013	0.23347985596878768
4.8877354779754025	160.38760505153266	0.3752060535638052	0.7730774834713331	0.23371799441092997
4.898669964503312	159.9427548232964	0.3773019280864687	0.7723192611157478	0.23395690989937587
4.90960445103122	159.49782166219592	0.37940322603578136	0.7715611506812629	0.23419660432037495
4.9205389375591295	159.0528098514192	0.3815099330014222	0.7708031600789204	0.23443707956800908
4.931473424087039	158.60772350470907	0.38362203252461163	0.7700452983775066	0.2346783375456276
4.942407910614947	158.16256687091325	0.38573950976829446	0.7692875735955929	0.23492038016043357
4.953342397142857	157.71734422700482	0.3878623502339468	0.768529993478917	0.23516320932635323
4.964276883670767	157.27205968887682	0.38999053747822204	0.767772566863055	0.23540682696539142
4.975211370198676	156.8267174363531	0.3921240558337607	0.7670153020448465	0.23565123500777843
4.986145856726584	156.38132172748982	0.39426289057898345	0.7662582066876394	0.2358964353911514
4.997080343254494	155.9358767161978	0.39640702578535064	0.7655012891016966	0.23614243006035512
5.008014829782403	155.49038649273254	0.39855644476811763	0.7647445579710666	0.2363892209674377
5.018949316310312	155.04485528979572	0.4007111324810893	0.7639880209390426	0.2366368100721857
5.029883802838222	154.59928730540042	0.40287107351529416	0.7632316857956596	0.23688519934280533
5.040818289366131	154.15368662180126	0.4050362512195322	0.762475560991837	0.23713439075715795
5.051752775894039	153.71316012268593	0.40720667000039107	0.7617196425831876	0.23738151966676357
5.0626872624219486	153.2778494414056	0.4093823691287636	0.7609639063023268	0.23762648275215004
5.073621748949858	152.84249796170067	0.4115633528127135	0.7602083485199389	0.23787222909385958
5.084556235477767	152.40710938480672	0.4137496063445866	0.7594529766352072	0.23811876059708628
5.095490722005676	151.97168752762278	0.4159411144730238	0.7586977982992246	0.2383660791739452
5.106425208533586	151.53623613050283	0.41813786212219545	0.757942820995938	0.23861418674765422
5.117359695061495	151.1007590707576	0.4203398335360092	0.7571880525382872	0.23886308524818384
5.128294181589403	150.6652600393161	0.4225470137013293	0.7564335002443188	0.23911277661075384
5.139228668117313	150.22974313166512	0.4247593858206223	0.7556791723961807	0.23936326277729114
5.150163154645222	149.7942125924339	0.42697693233222345	0.7549250776442782	0.23961454569806134
5.161097641173132	149.35867236499263	0.4291996368827312	0.7541712238736623	0.2398666273308854
5.172032127701041	148.9231263963292	0.43142748283956966	0.7534176190622652	0.24011950964141204
5.18296661422895	148.48757833564014	0.4336604543476815	0.7526642706772421	0.24037319460191423
5.193901100756859	148.05203211970422	0.4358985348560272	0.7519111865189805	0.2406276841925998
5.204835587284768	147.6164918325289	0.4381417074172904	0.7511583745473833	0.24088298040110728
5.215770073812677	147.18096116528758	0.4403899553882793	0.7504058424832394	0.24113908522238067
5.226704560340587	146.7454440296806	0.44264326221705097	0.7496535979311209	0.2413960006590493
5.237639046868496	146.30994433831245	0.44490161102262044	0.7489016486178046	0.24165372872081228
5.248573533396405	145.87446581645247	0.44716498464363047	0.7481500023635879	0.24191227142440194
5.259508019924314	145.43901238595436	0.4494333665563514	0.7473986665653598	0.24217163079547516
5.270442506452223	145.00358783372153	0.45170673936381267	0.746647649048406	0.2424318088682167
5.281376992980132	144.56819598318094	0.4539850860828384	0.7458969573415994	0.24269280768318668
5.292311479508042	144.13284066909222	0.4562683897528216	0.7451465988989845	0.24295462928813039
5.303245966035951	143.69752563538435	0.45855663262952656	0.744396581549931	0.24321727573908467
5.31418045256386	143.26225472823538	0.4608497978631363	0.7436469125618388	0.24348074910001322
5.325114939091769	142.82703169603613	0.46314786774051464	0.7428975996216619	0.24374505144259453
5.336049425619678	142.391860313198	0.4654508247797953	0.7421486502252276	0.24401018484618767
5.3469839121475875	141.95674439190716	0.46775865184467397	0.7414000716160041	0.24427615139829492
5.357918398675496	141.52168763839535	0.47007133125251443	0.7406518712797523	0.24454295319495087
5.368852885203406	141.08669402172862	0.4723888441831458	0.7399040572675726	0.2448105923364155
5.379787371731315	140.65907584808562	0.4747112179862728	0.7391566121957773	0.2450745536760643
5.390721858259224	140.23454631488264	0.4770384800034144	0.738409518826211	0.2453374531910381
5.401656344787133	139.81006700816084	0.47937063397266	0.7376627729773555	0.2456011693824424
5.412590831315042	139.38564133933494	0.48170766346306826	0.7369163815167563	0.24586570428406734
5.423525317842952	138.96127277703516	0.4840495516352807	0.7361703514791823	0.24613105993194964
5.434459804370861	138.5369649252021	0.4863962808951891	0.7354246902533305	0.24639723836747524
5.44539429089877	138.11272150895854	0.4887478329028044	0.7346794055734585	0.24666424163996858
5.4563287774266795	137.68854602063632	0.49110419020633134	0.7339345046306296	0.24693207180622445
5.467263263954588	137.26444214733309	0.49346533471394327	0.7331899949044349	0.24720073093079284
5.478197750482497	136.84041327375346	0.49583124918107846	0.7324458833575582	0.24747022108610503
5.4891322370104065	136.41646303830552	0.49820191562438865	0.7317021772950645	0.24774054435192325
5.500066723538317	135.99259488397783	0.5005773162315836	0.7309588838719895	0.24801170281571008
5.511001210066225	135.56881235487253	0.5029574332833674	0.7302160101367019	0.24828369857285418
5.521935696594134	135.14511891861306	0.5053422486556887	0.7294735632984206	0.24855653372661424
5.532870183122044	134.721518081253	0.5077317445487551	0.7287315503361315	0.24883021038787537
5.543804669649952	134.29801330546292	0.5101259027207069	0.7279899784094792	0.2491047306755545
5.554739156177861	133.8746080771323	0.5125247051850017	0.727248854485861	0.2493800967162982
5.565673642705772	133.45130586043607	0.514928133803021	0.7265081855586921	0.2496563106445804
5.57660812923368	133.0281100903527	0.5173361701593284	0.7257679787132746	0.24993337460294018
5.587542615761589	132.60502421716825	0.5197487959397269	0.7250282409258884	0.25021129074187076
5.598477102289499	132.1820516911688	0.5221659928300191	0.7242889791183109	0.2504900612198234
5.609411588817408	131.75919594146941	0.5245877424863352	0.7235502001739864	0.2507696882027655
5.620346075345316	131.33646036744102	0.5270140263652636	0.7228119110277424	0.2510501738645923
5.631280561873226	130.91384837886193	0.5294448258483898	0.7220741185999155	0.25133152038779677
5.642215048401136	130.49136338554194	0.5318801223172643	0.7213368297572154	0.2516137299629428
5.653149534929044	130.0690088264193	0.5343198974603899	0.7206000511527161	0.25189680478886023
5.664084021456953	129.6467880007411	0.5367641320768342	0.7198637898523119	0.2521807470721453
5.675018507984863	129.22470430469406	0.5392128076040045	0.7191280525349331	0.2524655590272003
5.685952994512772	128.80353597318438	0.5416659121548795	0.7183928423575647	0.2527507182835273
5.69688748104068	128.39201149659598	0.5441234874232822	0.71765813465023	0.25303028307652303
5.707821967568591	127.98060790629823	0.5465855657191618	0.7169239097918912	0.25331069460876043
5.7187564540965	127.56932833897696	0.5490521338365688	0.7161901718391404	0.25359195549160535
5.729690940624408	127.15817594678245	0.5515231737323838	0.7154569273132061	0.2538740678639341
5.740625427152318	126.74715390278459	0.5539986671698897	0.714724182785323	0.2541570338715556
5.751559913680227	126.3362655472343	0.5564785948106985	0.7139919453429703	0.2544408556683143
5.762494400208136	125.92551404696475	0.5589629381420077	0.7132602215963187	0.2547255354164768
5.7734288867360455	125.51490266308578	0.561451678228233	0.7125290183219324	0.2550110752855223
5.784363373263955	125.10443448197802	0.5639447967993597	0.7117983419049987	0.25529747745343007
5.795297859791864	124.69411270806935	0.5664422748281661	0.711068199068752	0.2555847441057407
5.8062323463197725	124.28394039461325	0.568944093674624	0.710338596288653	0.2558728774361735
5.817166832847682	123.87392076106028	0.5714502346683291	0.7096095400069107	0.25616187964631815
5.828101319375591	123.46405702877013	0.5739606791316854	0.7088810366210356	0.2564517529457866
5.8390358059035	123.05435221996765	0.5764754078178423	0.708153092768808	0.25674249955247147
5.84997029243141	122.64480940993359	0.5789944017325339	0.707425714910745	0.25703412169226364
5.860904778959319	122.23543181221048	0.5815176423154937	0.7066989092402546	0.2573266215989938
5.871839265487228	121.82622254752151	0.5840451105909152	0.7059726821138077	0.25762000151413883
5.882773752015137	121.4171845515936	0.5865767867934535	0.7052470402373556	0.2579142636866349
5.893708238543046	121.00832098573082	0.5891126522071642	0.7045219897407424	0.2582094103750767
5.904642725070955	120.5996350090649	0.59165268809995	0.7037975367164925	0.25850544384649926
5.9155772115988645	120.19112955595888	0.5941968746366502	0.703073687763296	0.25880236637755794
5.926511698126774	119.78280769295412	0.5967451926373091	0.7023504491043361	0.2591001802513766
5.937446184654683	119.37467255587373	0.5992976232633251	0.7016278267470029	0.2593988877587547
5.948380671182592	118.96672713538047	0.6018541469766532	0.7009058270021069	0.25969849119909116
5.959315157710501	118.55897436925939	0.6044147439783252	0.7001844562635693	0.25999899288077116
5.97024964423841	118.15141736474762	0.60697939528226	0.6994637204759817	0.2603003951205729
5.98118413076632	117.74405920051566	0.6095480817771145	0.6987436256023731	0.2606027002446259
5.992118617294229	117.34059032675684	0.6121208030622983	0.6980241683317243	0.2609031614417199
6.003053103822138	116.94379266995888	0.6146976164545629	0.6973053169554704	0.2611996689513137
6.013987590350047	116.54717455613526	0.6172785407560496	0.6965870589268659	0.2614970549324465
6.024922076877957	116.15073871500928	0.6198635578846655	0.6958693998871732	0.2617953216159347
6.035856563405865	115.75448791323487	0.6224526494175355	0.695152345603675	0.26209447124337515
6.046791049933775	115.35842490458711	0.6250457969615228	0.6944359017874002	0.2623945060629808
6.057725536461684	114.96255266260061	0.6276429805773074	0.6937200748626557	0.26269542833097365
6.068660022989593	114.56687414832217	0.6302441802927667	0.6930048712234254	0.2629972403117651
6.079594509517502	114.17139219097669	0.6328493768430093	0.6922902968738177	0.26329994427844533
6.090528996045411	113.77610948603464	0.6354585516425674	0.6915763574450609	0.2636035425122592
6.10146348257332	113.38102897767165	0.6380716848097827	0.6908630591560028	0.26390803730223994
6.11239796910123	112.98615340092095	0.640688757205684	0.6901504078218135	0.2642134309452573
6.123332455629139	112.5914855796153	0.643309749558473	0.6894384092802492	0.26451972574699156
6.134266942157049	112.19702828904926	0.6459346423863956	0.6887270694286197	0.2648269240222391
6.145201428684957	111.80278428765739	0.6485634163623876	0.6880163940478488	0.2651350280935507
6.156135915212866	111.40875637038982	0.6511960520817338	0.687306388915075	0.26544404029092256
6.167070401740776	111.01494725574976	0.6538325299365582	0.6865970598638461	0.2657539629529906
6.178004888268684	110.62135973216314	0.6564728305883004	0.6858884125575473	0.2660647984274245
6.188939374796594	110.22799649602415	0.6591169342949135	0.6851804528122605	0.26637654907003494
6.1998738613245035	109.83486031613091	0.661764821636619	0.6844731862493809	0.26668921724493927
6.210808347852413	109.44195390517646	0.664416472997847	0.6837666185439051	0.2670028053248432
6.221742834380321	109.04927995160517	0.667071868630682	0.6830607553938151	0.2673173156910137
6.2326773209082305	108.6568411616529	0.6697309888410112	0.6823556024315891	0.2676327507332338
6.24361180743614	108.26464024155554	0.6723938139347213	0.681651165250249	0.2679491128498524
6.254546293964049	107.87267991159443	0.6750603243182494	0.680947449356182	0.26826640444766975
6.265480780491958	107.48096281321278	0.6777305001079577	0.6802444603541942	0.2685846279420631
6.276415267019868	107.08949158222339	0.6804043213858357	0.6795422038262231	0.2689037857571896
6.287349753547776	106.70207993503526	0.6830817858250583	0.678840677044663	0.26922075787737065
6.298284240075685	106.32111293154573	0.6857629669494015	0.6781398417006674	0.26953355157447273
6.309218726603595	105.94037029668583	0.6884478789463345	0.6774396875519593	0.26984725317254005
6.320153213131505	105.55985443849418	0.6911365033630398	0.6767402196937236	0.2701618649782552
6.331087699659413	105.17956777445639	0.6938288217851294	0.6760414431680022	0.27047738931887
6.3420221861873225	104.79951277547131	0.6965248152656834	0.6753433632302829	0.27079382853436834
6.352956672715232	104.4196919480824	0.6992244644975948	0.6746459852674683	0.27111118497383296
6.36389115924314	104.04010760061155	0.701927751560754	0.6739493139851672	0.27142946099655885
6.3748256457710495	103.66076210536183	0.7046346581046572	0.6732533542562815	0.271748658966299
6.38576013229896	103.28165810510143	0.7073451634934563	0.6725581119782614	0.27206878125381867
6.396694618826869	102.90279820492577	0.7100592473559154	0.6718635928859482	0.2723898302411697
6.407629105354777	102.52418508368615	0.7127768886468538	0.6711698029859539	0.2727118083173024
6.418563591882687	102.14582112241118	0.7154980683643186	0.6704767473029485	0.2730347178819569
6.429498078410596	101.76770886803361	0.7182227663793318	0.6697844313455914	0.2733585613415415
6.440432564938504	101.38985066515518	0.7209509637680175	0.6690928600320045	0.27368334111158404
6.451367051466414	101.01224902397365	0.723682640486134	0.6684020387603293	0.27400905961571487
6.462301537994324	100.63490628331404	0.726417777442572	0.6677119724561766	0.2743357192859936
6.473236024522233	100.25782483021047	0.7291563553441531	0.6670226661041527	0.2746633225634385
6.4841705110501415	99.88100721060349	0.7318983535342451	0.666334125276828	0.2749918718970472
6.495104997578051	99.50445575131276	0.7346437528765656	0.6656463548173	0.2753213697446695
6.50603948410596	99.12817282926666	0.7373925337792385	0.6649593597431107	0.2756518185743958
6.5169739706338685	98.75216085399445	0.7401446762927686	0.6642731452003423	0.27598322086241056
6.527908457161779	98.37642221266276	0.7429001606711295	0.6635877162084589	0.276315579092265
6.538842943689688	98.00095928382609	0.7456589669649671	0.6629030778452705	0.2766488957567838
6.549777430217596	97.62577440826828	0.7484210753349884	0.6622192351050049	0.2769831733585868
6.560711916745506	97.2508699659866	0.7511864660511461	0.6615361928993722	0.2773184144083739
6.571646403273415	96.87624794015451	0.753955122285265	0.6608539548020647	0.27765462142585634
6.582580889801324	96.51148475698534	0.7567271018516372	0.6601724908429354	0.27798316088679187
6.593515376329234	96.14724500725002	0.7595024504022783	0.6594917767033646	0.27831239334383306
6.604449862857143	95.78326413131985	0.7622811598526928	0.6588118122776201	0.2786425631448527
6.615384349385052	95.41954431542554	0.7650632112918098	0.6581326022985095	0.278973672700073
6.626318835912961	95.05608771859815	0.7678485859776444	0.6574541513921683	0.27930572442899687
6.63725332244087	94.6928965147306	0.7706372649758011	0.6567764642399431	0.27963872075764445
6.648187808968779	94.3299730760208	0.7734292275409775	0.6560995462975898	0.2799726641209054
6.659122295496689	93.9673196577493	0.7762244538438544	0.6554234025784138	0.28030755696260196
6.670056782024598	93.60493845721203	0.7790229243746398	0.6547480379212354	0.2806434017351869
6.680991268552507	93.24283156681764	0.7818246203609074	0.6540734568069424	0.28098020089982595
6.691925755080416	92.88100129517456	0.7846295215403887	0.6533996643452551	0.2813179569257727
6.702860241608325	92.5194497509162	0.7874376086805933	0.6527266651584017	0.28165667229051683
6.713794728136234	92.15817912453282	0.790248862302004	0.6520544639472639	0.28199634948077085
6.724729214664143	91.79719158926906	0.7930632627523548	0.6513830654580859	0.2823369909927261
6.7356637011920535	91.43648925127339	0.7958807905881863	0.650712474314654	0.2826785993312003
6.746598187719962	91.07607430428968	0.7987014262719728	0.6500426951519936	0.28302117700845314
6.757532674247871	90.71594883066496	0.8015251501469924	0.6493737326272734	0.2833647265453929
6.7684671607757805	90.35611499205328	0.8043519427078867	0.6487055913014597	0.28370925047271406
6.779401647303689	89.99657488861808	0.8071817843162389	0.6480382757641121	0.2840547513298613
6.790336133831598	89.6373306186334	0.8100146553331636	0.6473717905754319	0.2844012316647893
6.801270620359508	89.27838432555373	0.812850536223454	0.646706140221232	0.2847486940343798
6.812205106887417	88.91973806235346	0.8156894073075085	0.6460413292211824	0.28509714100455635
6.823139593415326	88.56139390351217	0.8185312489056337	0.6453773620660209	0.2854465751501759
6.834074079943235	88.20335392869167	0.8213760413437781	0.6447142432153039	0.2857969990550647
6.845008566471145	87.8456202175538	0.8242237649478904	0.6440519771000923	0.28614841531205576
6.855943052999053	87.48827314984182	0.8270744001386529	0.6433905680823331	0.2865007491964982
6.866877539526963	87.14079906058403	0.8299280222420098	0.6427299796410741	0.28684460236628745
6.8778120260548725	86.79360503756848	0.8327846729467684	0.6420701899448106	0.28718941536947684
6.888746512582781	86.44669387352533	0.8356443441633428	0.6414111986613807	0.2875351924856295
6.89968099911069	86.10006740946952	0.8385070179220314	0.6407530096937307	0.287881936198423
6.9106154856385995	85.75372760152447	0.8413726750506455	0.6400956274344786	0.28822964900126596
6.921549972166509	85.40767629165454	0.8442412974448221	0.6394390557924349	0.288578333393972
6.932484458694418	85.06191551820157	0.8471128650182024	0.6387832994968906	0.2889279918854324
6.943418945222327	84.71644734241436	0.849987357344716	0.6381283633919734	0.28927862699273404
6.954353431750237	84.37127369990831	0.8528647550945299	0.6374742518253698	0.28963024124278497
6.965287918278145	84.02639642256744	0.8557450396921502	0.6368209687973223	0.28998283717082035
6.976222404806054	83.68181742935565	0.8586281918854909	0.6361685185696906	0.2903364173208215
6.987156891333964	83.3375387223924	0.861514191727008	0.6355169056718851	0.2906909842452026
6.998091377861873	82.99356210121198	0.8644030205312345	0.6348661340718915	0.2910465405054682
7.009025864389782	82.64988952396689	0.867294658776027	0.6342162080658049	0.29140308867180265
7.0199603509176915	82.30652282930278	0.870189087245562	0.6335671317939635	0.29176063132313373
7.030894837445601	81.96346389367574	0.8730862867461273	0.6329189093616525	0.29211917104735347
7.041829323973509	81.62071460491414	0.8759862379266273	0.6322715449147265	0.29247871044125684
7.0527638105014185	81.27827678788678	0.8788889215139569	0.6316250425406406	0.2928392521105047
7.063698297029328	80.9361523280094	0.8817943182565668	0.6309794062925196	0.2932007986698188
7.074632783557237	80.59434302172784	0.8847024088298124	0.6303346402289731	0.2935633527430927
7.085567270085146	80.25285073893988	0.8876131739635379	0.6296907483608247	0.2939269169629763
7.096501756613056	79.91167727824866	0.8905265943373694	0.6290477346950967	0.29429149397120974
7.107436243140965	79.5708244628339	0.8934426506476912	0.6284056032071828	0.2946570864186912
7.118370729668873	79.23029412805141	0.896361323605453	0.6277643578420022	0.29502369696554137
7.129305216196783	78.89008803882214	0.899282594084841	0.6271240024525877	0.29539132828095943
7.140239702724693	78.55372132800483	0.902206473869108	0.6264845280719487	0.29575617164159357
7.151174189252601	78.2235812875549	0.9051330364695541	0.6258459002714659	0.2961155729154716
7.162108675780511	77.89373892731295	0.9080623138591348	0.6252081019772278	0.2964759617471551
7.17304316230842	77.56419597595647	0.9109942887239941	0.6245711365309654	0.2968373408191552
7.183977648836329	77.23495405419943	0.9139289433280557	0.6239350074278004	0.2971997126881914
7.194912135364238	76.90601464619074	0.9168662613095874	0.6232997175769499	0.2975630799167231
7.205846621892148	76.57737962047104	0.9198062220451573	0.622665271618262	0.29792744507644353
7.216781108420057	76.24905052304287	0.9227488083372755	0.6220316727601595	0.2982928107418392
7.2277155949479654	75.92102911681606	0.9256940006297973	0.6213989251563201	0.29865917949986254
7.238650081475875	75.59331724726908	0.9286417782359486	0.6207670333970431	0.29902655394357536
7.249584568003784	75.26591656015569	0.9315921226284083	0.6201360011644003	0.2993949366769244
7.260519054531693	74.9388287650496	0.9345450144649129	0.6195058324500802	0.2997643303117607
7.271453541059603	74.61205535412891	0.9375004362988031	0.6188765304511394	0.3001347374695005
7.282388027587512	74.2855980317172	0.9404583689021209	0.6182480990684991	0.30050616077992154
7.293322514115421	73.95945856510939	0.9434187925263269	0.6176205423906849	0.30087860288153595
7.30425700064333	73.63363848167717	0.9463816890016865	0.6169938638427892	0.30125206642260477
7.315191487171239	73.30813941745217	0.9493470395599244	0.6163680670712961	0.3016265540599727
7.326125973699148	72.98296307216857	0.9523148249203138	0.6157431559076928	0.30200206845909805
7.337060460227057	72.65811094581704	0.95528502669084	0.6151191338025672	0.3023786122946141
7.347994946754967	72.33358470102921	0.9582576259434528	0.6144960044016137	0.3027561882504982
7.358929433282876	72.00938594398475	0.9612326037870861	0.6138737713140014	0.3031347990199351
7.369863919810785	71.68551622997981	0.9642099414867497	0.613252438064878	0.30351444730513943
7.380798406338694	71.36197718957486	0.9671896202188429	0.6126320081939904	0.30389513581733246
7.391732892866603	71.03877034188949	0.9701716212086234	0.6120124852006017	0.304276867277154
7.402667379394512	70.71589727417921	0.9731559256541156	0.6113938725741741	0.30465964441439924
7.413601865922422	70.39335967832301	0.9761425153134291	0.6107761735602568	0.30504347011074273
7.424536352450331	70.08005432230793	0.9791314679889683	0.6101593531452977	0.3054177053559673
7.43547083897824	69.76735512101872	0.9821228433457142	0.6095433837324908	0.30579258957882294
7.4464053255061495	69.45496376729098	0.9851166336359651	0.6089282646486216	0.30616848667386354
7.457339812034058	69.1428816500944	0.9881128218289723	0.6083139989042061	0.306545399243441
7.468274298561967	68.83111013272045	0.9911113911282892	0.6077005893993882	0.30692332990065546
7.479208785089877	68.51965073966807	0.9941123227394786	0.6070880398070355	0.3073022812667624
7.490143271617786	68.20850491324397	0.9971155987879621	0.6064763534155353	0.3076822559698457
7.501077758145695	67.89767422770313	1.0001211996904993	0.6058655341674611	0.30806325664763656
7.512012244673604	67.58716018878069	1.0031291066606163	0.6052555856688937	0.30844528594678383
7.522946731201514	67.27696427079132	1.0061393011141302	0.6046465114254599	0.3088283465233893
7.533881217729422	66.9670878193893	1.009151765749937	0.6040383144189914	0.30921244104230294
7.544815704257332	66.65753229977014	1.0121664821004825	0.6034309980710519	0.3095975721771698
7.555750190785242	66.34829923820844	1.0151834310837913	0.6028245660237823	0.3099837426102876
7.56668467731315	66.03938996907121	1.0182025951043363	0.6022190213175597	0.3103709550332929
7.577619163841059	65.73080595455974	1.0212239557215592	0.6016143673048641	0.31075921214670826
7.588553650368969	65.42254862620334	1.0242474945086009	0.6010106073135166	0.3111485166600354
7.599488136896877	65.11461932885285	1.0272731935242578	0.6004077444632734	0.3115388712918909
7.610422623424786	64.80701952156505	1.030301034369375	0.5998057820338406	0.31193027876999485
7.621357109952696	64.49975055892041	1.0333309988448613	0.5992047232085045	0.3123227418310033
7.632291596480606	64.19281383772474	1.0363630687427923	0.5986045711557303	0.3127162632208859
7.643226083008514	63.88621075638992	1.0393972258372606	0.5980053290328065	0.31311084569497805
7.654160569536423	63.57994263962284	1.042433451976767	0.5974069999502435	0.3135064920179167
7.665095056064333	63.27401089836724	1.0454717289175541	0.5968095870363829	0.31390320496327495
7.676029542592241	62.96841689409853	1.0485120384703666	0.5962130933807512	0.31430098731417033
7.686964029120151	62.6631619284308	1.0515543627928838	0.5956175219218804	0.3146998418628073
7.697898515648061	62.36452457221442	1.0545987384501918	0.5950228546885824	0.3150915260093472
7.70883300217597	62.0688833545922	1.0576452713928906	0.5944290472046511	0.31548072156521506
7.719767488703878	61.77355311823906	1.0606939599724818	0.5938360964480174	0.31587095131496673
7.730701975231788	61.47853506357542	1.0637447877876132	0.5932440050549244	0.3162622179047308
7.741636461759697	61.18383044420965	1.066797737634197	0.5926527759532381	0.3166545239920651
7.752570948287606	60.88944050075653	1.0698527924608732	0.5920624119960716	0.31704787224197745
7.7635054348155155	60.59536654557414	1.0729099341626087	0.5914729164216656	0.31744226532774994
7.774439921343425	60.30160994076009	1.0759691438481505	0.5908842927489875	0.31783770593141697
7.785374407871334	60.00817188993001	1.0790304044868655	0.5902965437707661	0.3182341967453698
7.7963088943992425	59.71505370734988	1.0820936978181168	0.5897096727304345	0.3186317404696763
7.807243380927152	59.42225668741452	1.0851590057987792	0.5891236827708988	0.31903033981321754
7.818177867455062	59.12978198112081	1.088226311753089	0.5885385765004785	0.3194299974949709
7.82911235398297	58.83763091322194	1.0912955973535117	0.5879543571365896	0.319830716241825
7.84004684051088	58.54580468565986	1.0943668451352415	0.5873710275534074	0.3202324987898767
7.850981327038789	58.25430450967191	1.0974400377133038	0.5867885905790379	0.3206353478844644
7.861915813566697	57.96313165220198	1.1005151572662548	0.5862070491899647	0.32103926627986595
7.872850300094607	57.672287273799164	1.103592186403552	0.5856264061843426	0.3214442567393312
7.883784786622516	57.38177261750503	1.1066711075156823	0.5850466644269068	0.321850322035392
7.894719273150426	57.09158887792025	1.1097519030489726	0.5844678267456129	0.3222574649498902
7.9056537596783345	56.80173723016175	1.112834555504721	0.5838898959322164	0.3226656882737758
7.916588246206244	56.512218904330815	1.1159190473032083	0.5833128747933	0.323074994807061
7.927522732734153	56.223035061914125	1.1190053609600839	0.5827367660844012	0.32348538735932375
7.9384572192620615	55.93418686138579	1.122093479012643	0.5821615725378141	0.3238968687490424
7.949391705789971	55.645675478626494	1.1251833839627765	0.5815872968839657	0.3243094418041513
7.960326192317881	55.35750192102663	1.1282750609848864	0.5810139408458415	0.32472310936201665
7.97126067884579	55.073926099796196	1.1313685166521934	0.5804414982013999	0.3251317284764961
7.982195165373699	54.79512280367564	1.1344638789740755	0.5798699177908052	0.32553497614798027
7.993129651901608	54.51662917631145	1.1375611617167216	0.5792991909843788	0.325939277780893
8.004064138429516	54.23844633767773	1.1406603475355725	0.5787293206894747	0.3263446360319205
8.014998624957427	53.960575303895816	1.14376142094752	0.5781603091110452	0.32675105359209133
8.025933111485337	53.68301721582236	1.1468643645120566	0.5775921591629662	0.327158533156723
8.036867598013245	53.40577310665849	1.1499691622591819	0.5770248732023832	0.327567077441813
8.047802084541154	53.128843926229294	1.1530757995070482	0.5764584531004733	0.3279766891652513
8.058736571069064	52.85223089772383	1.156184257231534	0.5758929023110742	0.32838737105825216
8.069671057596972	52.575934928370756	1.1592945213613273	0.5753282224549952	0.3287991258552819
8.08060554412488	52.299957212878944	1.162406573179362	0.574764416843798	0.32921195629945543
8.09154003065279	52.02429885289139	1.1655203954575046	0.5742014882271942	0.3296258651461412
8.1024745171807	51.748961048717426	1.1686359692119155	0.5736394399805962	0.33004085515714743
8.11340900370861	51.47394481583588	1.1717532783385698	0.5730782744119762	0.3304569291058395
8.124343490236518	51.19925124203515	1.174872305431938	0.5725179942904397	0.33087408977410926
8.135277976764428	50.924881359649234	1.177993033925812	0.5719586020652238	0.33129233995186097
8.146212463292336	50.65083620109615	1.1811154471876348	0.5714001001964915	0.33171168243897764
8.157146949820245	50.377116791969414	1.1842395285558798	0.570842491141714	0.332132120043087
8.168081436348155	50.10372413116092	1.1873652617093515	0.570285777222035	0.3325536555813403
8.179015922876065	49.83065927634709	1.1904926294914824	0.5697299610481075	0.3329762918809082
8.189950409403973	49.55792323504515	1.1936216153246395	0.5691750450076819	0.3334000317773273
8.200884895931882	49.28551703809273	1.1967522022357129	0.5686210316183276	0.3338248781166583
8.211819382459792	49.013441707994986	1.1998843733232414	0.568067923358412	0.3342508337536319
8.2227538689877	48.74169824348408	1.2030181119025865	0.5675157226151728	0.3346779015523895
8.233688355515609	48.470287630177985	1.2061534014064677	0.5669644317210321	0.33510608438552636
8.244622842043519	48.20134559459187	1.2092902357568438	0.5664140492351655	0.3355319998700855
8.255557328571427	47.93904858269196	1.2124287362447608	0.5658645281172162	0.33594895815996667
8.266491815099338	47.67705608335533	1.215568948043573	0.5653158487951974	0.33636698828116346
8.277426301627248	47.415368951710775	1.2187108564689462	0.5647680131772108	0.3367860929185365
8.288360788155156	47.15398810811778	1.2218544458837275	0.5642210235011158	0.33720627478836396
8.299295274683065	46.89291449057978	1.2249997003031605	0.5636748821167891	0.3376275366192233
8.310229761210975	46.63214893666025	1.2281466053411672	0.5631295907930648	0.3380498811503115
8.321164247738883	46.371692446353904	1.2312951439070707	0.5625851522502828	0.33847331112821205
8.332098734266792	46.11154589068994	1.2344453009282708	0.5620415684785267	0.3388978293047399
8.343033220794702	45.85171024065456	1.2375970597319212	0.5614988420244406	0.3393234384437054
8.35396770732261	45.592186530384886	1.2407504022428057	0.5609569759175679	0.3397501413155291
8.36490219385052	45.33297569761755	1.2439053122477426	0.5604159725135868	0.3401779407009969
8.375836680378429	45.0740786491712	1.2470617735810914	0.5598758341390955	0.3406068393910837
8.386771166906337	44.81549634044595	1.2502197695950708	0.559336563278498	0.34103684018397007
8.39770565343425	44.55722961901689	1.2533792849725502	0.5587981619348573	0.3414679458884052
8.408640139962158	44.29927941841926	1.2565403032753215	0.5582606324949337	0.3419001593208684
8.419574626490066	44.0416465646473	1.259702809376289	0.5577239768727635	0.3423334833068429
8.430509113017976	43.784331970742386	1.2628667870072512	0.5571881973725707	0.34276792068162204
8.441443599545885	43.52733655541552	1.2660322196379001	0.5566532963784256	0.3432034742897639
8.452378086073793	43.270661154942985	1.2691990919576082	0.5561192758355	0.3436401469840701
8.463312572601703	43.01430665247227	1.2723673878578405	0.5555861379576068	0.3440779416263403
8.474247059129612	42.75827392896331	1.2755370911826143	0.5550538849636841	0.3445168610877884
8.48518154565752	42.50256384233337	1.2787081861373826	0.554522518935315	0.34495690824906144
8.49611603218543	42.24717727036436	1.2818806565315062	0.5539920420811799	0.34539808600031763
8.507050518713339	41.99211507692152	1.2850544863012803	0.5534624565544959	0.34584039724043325
8.517985005241247	41.737378102433844	1.2882296597618306	0.5529337643659542	0.346283844878123
8.528919491769157	41.49046539881251	1.2914062574552734	0.5524059341642077	0.3467153069982236
8.539853978297067	41.244548879329066	1.294584381433361	0.5518789273129069	0.34714663256451217
8.550788464824977	40.99892918815154	1.297764022246108	0.55135274392036	0.3475790483725573
8.561722951352886	40.753607124179865	1.3009451648626964	0.5508273860211961	0.3480125571588077
8.572657437880794	40.508583479336686	1.3041277943346614	0.5503028556112661	0.34844716166915507
8.583591924408704	40.26385905315465	1.3073118955236374	0.5497791547416497	0.3488828646566942
8.594526410936613	40.01943471342872	1.3104974519283021	0.5492562859217762	0.34931966888346916
8.605460897464521	39.77531124811127	1.313684448340432	0.5487342512041259	0.3497575771210395
8.616395383992431	39.53148947292897	1.3168728690952376	0.5482130527873972	0.3501965921493543
8.62732987052034	39.28797021461728	1.3200626983912027	0.5476926929059894	0.35063671675671665
8.638264357048248	39.04475420971225	1.3232539216398367	0.5471731733678835	0.3510779537412037
8.649198843576158	38.8018422947617	1.3264465228975797	0.5466544964350446	0.35152030590891153
8.660133330104067	38.55923521778705	1.3296404871555552	0.5461366640389675	0.3519637760750509
8.671067816631977	38.31693376641446	1.3328357991057662	0.5456196782033773	0.35240836706380335
8.682002303159887	38.07493871707782	1.3360324434023234	0.5451035409547057	0.3528540817081197
8.692936789687796	37.83325081749338	1.3392304049448591	0.5445882542256981	0.3533009228499021
8.703871276215706	37.59187085287562	1.342429668402179	0.5440738200177829	0.35374889334021636
8.714805762743614	37.350799552994715	1.3456302186770182	0.5435602402429942	0.3541979960391975
8.725740249271523	37.110037693412174	1.348832040504034	0.5430475168607223	0.35464823381582056
8.736674735799433	36.86958601811677	1.352035118750761	0.5425356517755902	0.35509960954813635
8.747609222327341	36.62944525503979	1.3552394383346607	0.542024646865825	0.3555521261234376
8.75854370885525	36.389616142575676	1.3584449841246684	0.5415145040166524	0.3560057864381816
8.76947819538316	36.15009941911888	1.3616517409897189	0.5410052251038964	0.35646059339798825
8.780412681911068	35.910895828676324	1.3648596937870714	0.540496811997967	0.3569165499175917
8.791347168438977	35.672006092526374	1.3680688275008455	0.5399892665173125	0.357373658920794
8.802281654966887	35.436623148450366	1.3712791494394228	0.5394825829741766	0.3578257829765287
8.813216141494797	35.20628749451199	1.37449080468509	0.5389767094977498	0.3582698745497021
8.824150628022705	34.97623765033503	1.3777038229960314	0.5384716331076989	0.3587150696200317
8.835085114550616	34.746474306881964	1.380918190093316	0.5379673556220483	0.3591613709378581
8.846019601078524	34.516998111748954	1.384133892414183	0.537463878610511	0.3596087812556495
8.856954087606432	34.28780975381243	1.3873509155054147	0.5369612039322447	0.36005730333357944
8.867888574134343	34.05890994179193	1.39056924443903	0.5364593335954977	0.3605069399399501
8.878823060662251	33.83029940337369	1.393788863788068	0.535958269764754	0.36095769385170395
8.889757547190161	33.601978791694506	1.3970097594411728	0.5354580141563756	0.3614095678555214
8.90069203371807	33.3739488295306	1.4002319161502248	0.5349585688558287	0.36186256474557976
8.911626520245978	33.146210175258986	1.4034553196373198	0.5344599356165145	0.36231668732532596
8.922561006773888	32.91876348651576	1.406679955639831	0.5339621161781775	0.36277193840711874
8.933495493301796	32.69160946580963	1.409905809157124	0.5334651125162497	0.3632283208114989
8.944429979829707	32.46474873591631	1.4131328661857885	0.5329689262669273	0.36368583736815385
8.955364466357617	32.23818198434607	1.4163611120464952	0.5324735592815293	0.3641444909154985
8.966298952885525	32.01190984535093	1.4195905324271234	0.53197901328128	0.3646042843006099
8.977233439413434	31.78593297314676	1.42282111293841	0.5314852900044198	0.3650652203795582
8.988167925941344	31.560252021053643	1.426052839151424	0.5309923911937763	0.36552730201744194
8.999102412469252	31.33486761056573	1.4292856968082999	0.530500318527514	0.3659905320882515
9.01003689899716	31.10978040359971	1.4325196714643553	0.5300090737369435	0.3664549134747558
9.02097138552507	30.884991019242552	1.4357547488875637	0.5295186584752959	0.36692044906875154
9.03190587205298	30.660500077144505	1.438990914827397	0.5290290743938518	0.3673871417711675
9.042840358580888	30.436308202442085	1.4422281550035856	0.5285403231456275	0.36785499449198217
9.053774845108798	30.212416020271814	1.4454664551358594	0.5280524063756538	0.3683240101502402
9.064709331636706	29.98882416403992	1.4487058009222495	0.5275653257281001	0.3687941916739467
9.075643818164616	29.765533230340235	1.451946178256734	0.5270790827753897	0.3692655420002384
9.086578304692527	29.547453415819362	1.45518762328284	0.5265936627350309	0.3697276430343316
9.097512791220435	29.332423419247075	1.458430287235026	0.5261090134988504	0.37018498245195913
9.108447277748345	29.117666849530618	1.4616741729714207	0.5256251313632656	0.3706434386193156
9.119381764276254	28.903184250856057	1.4649192679297778	0.5251420176410178	0.3711030142801526
9.130316250804162	28.6889761945884	1.4681655588085056	0.5246596738779337	0.37156371219154305
9.141250737332072	28.47504321487334	1.4714130331199762	0.5241781013492262	0.3720255351184557
9.15218522385998	28.26138592748594	1.4746616763579754	0.5236973019759994	0.3724884858357961
9.163119710387889	28.048004853044407	1.4779114763448558	0.5232172769189786	0.37295256712477476
9.1740541969158	27.834900589760124	1.4811624188447672	0.5227380279965519	0.3734177817718723
9.184988683443708	27.622073725070475	1.4844144900444085	0.522259556882456	0.3738841325763558
9.195923169971616	27.40952490504456	1.4876676743862245	0.5217818658031664	0.37435162234263697
9.206857656499526	27.197254698412145	1.4909219583893434	0.521304956307814	0.3748202538859887
9.217792143027436	26.985263662675248	1.4941773283214212	0.5208288300188244	0.37529003003083633
9.228726629555347	26.77355238860669	1.497433770066614	0.5203534886737735	0.3757609536088501
9.239661116083255	26.56212138964319	1.5006912707770266	0.5198789335963536	0.37623302746182147
9.250595602611163	26.350971244134772	1.5039498164759373	0.51940516646472	0.37670625443911376
9.261530089139073	26.140102453413807	1.5072093944471887	0.5189321885467592	0.377180637398728
9.272464575666982	25.929515564737965	1.5104699912062955	0.5184600013493208	0.37765617920781985
9.28339906219489	25.719211133559423	1.513731592970464	0.5179886064671445	0.3781328827420763
9.2943335487228	25.509189682944683	1.516994186563832	0.5175180052944297	0.3786107508860722
9.305268035250709	25.299451769021793	1.5202577580569157	0.5170481994582312	0.37908978653391534
9.316202521778617	25.08999792465741	1.5235222939729187	0.5165791904343258	0.3795699925879841
9.327137008306527	24.88082867674124	1.5267877808494474	0.5161109796870045	0.380051371960236
9.338071494834436	24.671944558105366	1.5300542050880273	0.515643568716778	0.3805339275711081
9.349005981362344	24.463346069853653	1.5333215536638445	0.5151769588357508	0.3810176623495566
9.359940467890256	24.2550337235773	1.5365898132943703	0.5147111514312879	0.38150257923355835
9.370874954418165	24.05108718174474	1.53985900876728	0.5142461358749008	0.38197913292510166
9.381809440946073	23.85074878509584	1.5431293024742132	0.5137818582305952	0.38244899721192527
9.392743927473983	23.65066963031322	1.54640070709132	0.5133183119318425	0.382919988425927
9.403678414001892	23.45085017636299	1.5496732108550204	0.5128554981253604	0.3833921093047009
9.414612900529802	23.25129091333907	1.5529468011267031	0.5123934182272876	0.3838653625965175
9.42554738705771	23.05199232075334	1.5562214654488113	0.5119320735904092	0.3843397510586337
9.436481873585619	22.852954886155775	1.5594971911873177	0.5114714656165209	0.3848152774556225
9.447416360113529	22.654179099513847	1.5627739655110593	0.5110115957626122	0.38529194455795795
9.458350846641437	22.45566547352558	1.5660517750276366	0.5105524656543419	0.38576975514666373
9.469285333169346	22.257414541456722	1.5693306056697423	0.5100940771205484	0.3862487120094139
9.480219819697256	22.059426775922102	1.5726104448307907	0.5096364315261591	0.38672881794424935
9.491154306225166	21.861702677200565	1.575891279227698	0.5091795304405095	0.3872100757566428
9.502088792753074	21.664242699809677	1.5791730965154243	0.5087233751338888	0.3876924882612009
9.513023279280985	21.467047325551544	1.5824558837737976	0.5082679670494625	0.38817605828034457
9.523957765808893	21.27011699470075	1.5857396288650034	0.5078133073809377	0.3886607886450201
9.534892252336801	21.07345220961756	1.5890243182902064	0.5073593977384991	0.38914668219523885
9.545826738864712	20.87705343199888	1.592309939349485	0.506906239477553	0.38963374177915394
9.55676122539262	20.680921093182555	1.595596480033819	0.5064538337335938	0.3901219702532049
9.567695711920528	20.485055651083808	1.5988839276770062	0.5060021818399713	0.3906113704827239
9.578630198448439	20.28945758799151	1.6021722689174298	0.5055512853385593	0.39110194534194614
9.589564684976347	20.09412732656566	1.6054614917883683	0.5051011453342102	0.39159369771313035
9.600499171504257	19.899065315795564	1.6087515836589992	0.5046517631312244	0.39208663048775005
9.611433658032166	19.704272012443244	1.6120425316010158	0.5042031401194608	0.3925807465661239
9.622368144560074	19.509747849669065	1.6153343232291044	0.503755277515649	0.39307604885688413
9.633302631087986	19.315493258611195	1.6186269461612401	0.5033081765299847	0.39357254027850463
9.644237117615894	19.1215086722077	1.6219203878684563	0.5028618384122148	0.39407022375796574
9.655171604143803	18.928202958238263	1.6252146366560296	0.5024162641510088	0.39456804893762315
9.666106090671713	18.741914637946316	1.628509816150152	0.5019714133469098	0.39504959167544434
9.677040577199621	18.555870038980427	1.6318060222376252	0.5015272542566935	0.39553226787405915
9.68797506372753	18.37006968097471	1.6351032440961701	0.5010837878404013	0.3960160805185102
9.69890955025544	18.18451395667712	1.6384014704970922	0.5006410151776151	0.3965010323343391
9.709844036783348	17.9992032961398	1.6417006890949286	0.5001989376830427	0.39698712605711745
9.720778523311257	17.81413809242318	1.6450008885939231	0.49975755644581343	0.3974743644292568
9.731713009839167	17.62931877886746	1.648302056488716	0.4993168729175864	0.39796275020129823
9.742647496367075	17.444745805101668	1.6516041797105965	0.4988768887144338	0.3984522861316449
9.753581982894984	17.260419566324774	1.6549072465688606	0.49843760502754	0.3989429749881406
9.764516469422896	17.07634047100418	1.6582112449550166	0.4979990231692336	0.3994348195465496
9.775450955950804	16.89250896407328	1.6615161620857464	0.4975611446500372	0.39992782258970483
9.786385442478714	16.70892541887004	1.6648219865601854	0.497123970556139	0.4004219869097524
9.797319929006623	16.525590234862296	1.6681287064746415	0.4966875021205923	0.40091731530696406
9.808254415534531	16.34250383872753	1.6714363093327944	0.49625174074956224	0.4014138105895585
9.819188902062441	16.159666587817643	1.6747447837724727	0.4958166875015142	0.4019114755749965
9.83012338859035	15.97707889549793	1.6780541176533916	0.49538234366419454	0.4024103130882181
9.841057875118258	15.794741147229201	1.6813642990754534	0.4949487104474789	0.40291032596204335
9.851992361646168	15.61265372114551	1.6846753162790296	0.49451578901372395	0.40341151703811534
9.862926848174077	15.43081701566597	1.6879871573135035	0.4940835805773742	0.40391388916702337
9.873861334701985	15.249231389224107	1.6912998105342942	0.49365208625587187	0.4044174452077813
9.884795821229895	15.067897232760822	1.694613264049271	0.49322130723574586	0.4049221880273989
9.895730307757804	14.886814918520999	1.6979275061103882	0.49279124465523905	0.4054281205014274
9.906664794285714	14.70598480618078	1.701242525065365	0.4923618996189931	0.4059352455141196
9.917599280813624	14.525407283213543	1.7045583090488863	0.4919332732902765	0.40644356595821296
9.928533767341532	14.34508270705798	1.7078748464451012	0.4915053667529582	0.40695308473490666
9.939468253869443	14.165011449256264	1.7111921252266225	0.49107818120853264	0.40746380475358096
9.950402740397351	13.98574382213679	1.714510134972988	0.490651717375825	0.4079741611241984
9.96133722692526	13.813076885692029	1.717829009260493	0.4902259332387713	0.4084675428085536
9.97227171345317	13.640637878739799	1.7211488422732235	0.48980079864259796	0.4089620639622861
9.983206199981078	13.468427155057698	1.7244696238666635	0.4893763144568417	0.40945772734230024
9.994140686508986	13.29644506587152	1.7277913429067173	0.48895248183993223	0.4099545356482331
10.005075173036897	13.124691960635518	1.7311139882957294	0.48852930193446875	0.41045249158953545
10.016009659564805	12.953168184363726	1.7344375490374968	0.48810677584811846	0.4109515978823478
10.026944146092713	12.78187411401275	1.737762013059665	0.48768490500098083	0.41145185725087896
10.037878632620625	12.610810101055474	1.7410873689693256	0.4872636906068758	0.41195327242778057
10.048813119148534	12.43997648505216	1.744413605622788	0.4868431338010276	0.41245584615405595
10.059747605676442	12.269373639248018	1.747740711129818	0.48642323593309766	0.4129595811774823
10.070682092204352	12.099001879073564	1.7510686748551703	0.48600399797850546	0.413464480254903
10.08161657873226	11.928861551477011	1.7543974854863125	0.48558542110702907	0.4139705461508305
10.092551065260169	11.758953009085406	1.7577271315034677	0.48516750654407825	0.4144777816375114
10.10348555178808	11.589276560612518	1.7610576021996873	0.48475025527194104	0.4149861894956057
10.114420038315988	11.41983255820864	1.7643888861861652	0.48433366846793957	0.4154957725137299
10.125354524843898	11.250621318895787	1.767720972468119	0.48391774718927616	0.4160065334884275
10.136289011371806	11.081643167932834	1.7710538500071833	0.4835024925013015	0.4165184752244974
10.147223497899715	10.912898441081532	1.7743875076319124	0.4830879055035432	0.4170316005350317
10.158157984427625	10.744387440780939	1.7777219344710307	0.48267398720344323	0.4175459122413099
10.169092470955533	10.576110500458084	1.7810571193923495	0.482260738679956	0.41806141317265283
10.180026957483443	10.40806793732765	1.784393051410232	0.48184816096484495	0.4185781061666039
10.190961444011354	10.240260053047823	1.7877297196669686	0.4814362550483371	0.41909599406907017
10.201895930539262	10.072687157792927	1.7910671132236171	0.48102502193995234	0.41961507973428247
10.21283041706717	9.905349561737319	1.7944052211412336	0.4806144626448874	0.42013536602477786
10.22376490359508	9.738247575055347	1.7977440324808747	0.4802045781640387	0.42065685581142503
10.234699390122989	9.57138151667272	1.8010835362592452	0.47979536950683543	0.4211795519732296
10.245633876650897	9.404751660345655	1.804423721862862	0.47938683757169887	0.421703457397904
10.256568363178808	9.241885157658668	1.8077646158916827	0.47897897252782706	0.42221742561539266
10.267502849706716	9.082358512440681	1.811106398202455	0.4785717204627562	0.4227226790211933
10.278437336234624	8.92304362969061	1.814449088015903	0.4781650738923011	0.4232290763753854
10.289371822762535	8.763940807219173	1.8177926749428877	0.47775903387082697	0.4237366203389571
10.300306309290443	8.605050322300107	1.8211371492483224	0.4773536012605163	0.42424531358204876
10.311240795818355	8.44637247866253	1.8244825002192553	0.4769487772002329	0.42475515878292325
10.322175282346263	8.287907550791159	1.827828718137689	0.47654456253907906	0.4252661586253514
10.333109768874172	8.129655849582743	1.8311757919793925	0.4761409584962478	0.42577831580147174
10.344044255402082	7.971617694143865	1.83452371031415	0.47573796640179755	0.42629163301045253
10.35497874192999	7.813793372356349	1.8378724627649128	0.4753355872795165	0.4268061129602208
10.365913228457899	7.656183181126866	1.8412220385889326	0.4749338222531617	0.42732175836599956
10.376847714985809	7.498787396530738	1.8445724276427748	0.4745326722710249	0.42783857195109615
10.387782201513717	7.341606300837337	1.847923619575771	0.47413213833637835	0.42835655644610554
10.398716688041626	7.184640165609309	1.8512756042983722	0.47373222137404547	0.42887571458958584
10.409651174569536	7.0278892822981325	1.8546283710797016	0.47333292248708425	0.42939604912824214
10.420585661097444	6.8713539165889	1.8579819099363577	0.47293424256188177	0.42991756281614935
10.431520147625353	6.715034345783702	1.8613362104536706	0.4725361826033214	0.4304402584152558
10.442454634153263	6.5589308416887215	1.8646912623516188	0.47213874357396035	0.4309641386954614
10.453389120681173	6.403043677597793	1.8680470552799304	0.47174192645219504	0.43148920643433314
10.464323607209083	6.2473731260367655	1.8714035788315395	0.4713457322283755	0.43201546441732314
10.475258093736992	6.09191944758874	1.8747608229319692	0.4709501617948618	0.4325429154387719
10.4861925802649	5.936682897343272	1.8781187775998127	0.47055521601405537	0.4330715623014338
10.49712706679281	5.781663743045893	1.8814774324635857	0.4701608958546133	0.43360140781414847
10.508061553320719	5.6268622494742795	1.8848367772007144	0.4697672022674013	0.4341324547926943
10.518996039848627	5.47227866897779	1.8881968017905193	0.46937413611449263	0.43466470606361324
10.529930526376537	5.317913247452487	1.8915574963514774	0.4689816982153141	0.43519816446338255
10.540865012904446	5.1637662373354525	1.8949188507805863	0.4685898894480037	0.43573283283351966
10.551799499432354	5.009837893570828	1.8982808548842836	0.46819871071243035	0.4362687140217172
10.562733985960264	4.858163166046583	1.9016435124300228	0.46780815899762196	0.436798688759451
10.573668472488173	4.711055985352938	1.9050070013577372	0.46741818261175194	0.43731455270757585
10.584602959016083	4.564144001996683	1.9083713736413044	0.46702876525647996	0.4378315605861614
10.595537445543993	4.417427457305925	1.911736619978024	0.4666399077964476	0.43834971501112174
10.606471932071901	4.270906597609641	1.9151027308349593	0.46625161115689884	0.4388690186059062
10.61740641859981	4.124581680362998	1.9184696962063021	0.4658638763909223	0.4393894740007415
10.62834090512772	3.9784529625346727	1.9218375060029615	0.4654767045704361	0.43991108383341115
10.639275391655628	3.8325206915042593	1.9252061504547902	0.46509009667433465	0.44043385074924546
10.650209878183539	3.6867851192058536	1.9285756196440307	0.46470405371846324	0.44095777740070013
10.661144364711447	3.5412464823285608	1.9319459040807787	0.4643185765958663	0.44148286644795687
10.672078851239355	3.3959050297822557	1.9353169938617936	0.46393366631041866	0.442009120558328
10.683013337767266	3.250760995720645	1.9386888794707042	0.4635493237548355	0.44253654240673984
10.693947824295174	3.105814621761876	1.9420615511749955	0.46316554987792835	0.44306513467548453
10.704882310823082	2.9610661406763628	1.9454349994080509	0.4627823455788205	0.44359490005434865
10.715816797350993	2.8165157881579233	1.9488092145368487	0.4623997117712836	0.4441258412407559
10.726751283878903	2.6721637946203836	1.952184186995326	0.46201764934691136	0.44465796093961213
10.737685770406811	2.528010393690193	1.955559907188518	0.4616361592016224	0.4451912618633232
10.748620256934721	2.3840558082314014	1.9589363656292291	0.4612552421980507	0.4457257467319503
10.75955474346263	2.2403002646561734	1.9623135527886595	0.4608748992067544	0.4462614182731885
10.770489229990538	2.0967439893666944	1.9656914591382288	0.46049513109469553	0.4467982792223593
10.781423716518448	1.9533872047884455	1.9690700752161336	0.46011593870701095	0.44733633232234804
10.792358203046357	1.8102301279631863	1.9724493916130448	0.45973732287103874	0.4478755803237411
10.803292689574265	1.6672729763749592	1.9758293988967996	0.45935928441701557	0.44841602598488794
10.814227176102175	1.5245159674958004	1.9792100876360104	0.4589818241716084	0.44895767207185266
10.825161662630084	1.3819593163446728	1.982591448461122	0.4586049429412591	0.44950052135828567
10.836096149157994	1.2396032327566955	1.9859734720522475	0.45822864151560505	0.45004457662565006
10.847030635685902	1.0974479259328318	1.989356149079152	0.45785292068392014	0.45058984066327723
10.857965122213812	0.9554936066511774	1.9927394701941106	0.45747778123706007	0.451136316268304
10.868899608741723	0.8137404891743181	1.9961234260297702	0.4571032239680364	0.4516840062455893
10.879834095269631	0.6742928093951804	1.9995080236342313	0.4567292452065579	0.4522247401537545
10.89076858179754	0.5390763072956759	2.0028934478233964	0.4563557930456619	0.45275092533082156
10.90170306832545	0.4040385647721936	2.006279748190075	0.4559828524533498	0.45327825223410395
10.912637554853358	0.2691797887821449	2.0096669159578098	0.455610424269258	0.4538067234274209
10.923572041381266	0.1345001962402291	2.0130549418658092	0.45523850946072864	0.4543363414802572
10.934506527909177	1.033895191682177e-15	2.016443816735405	0.45486710896903293	0.45486710896903293