233.1295882619204	0.014681266551829844	0.014286309416773068	2.690211594908687
234.9265882619204	0.028982500717219334	0.028794280654626542	0.6494265778831387
236.72358826192038	0.04544681666626603	0.046116130977722804	1.4727419004323394
238.52058826192038	0.06364242104227122	0.06590875237945201	3.561038848090803
240.31758826192038	0.08309102671074575	0.08779272674473801	5.658493125087616
242.1145882619204	0.10349893963170423	0.11153279708289815	7.762260637434548
243.9115882619204	0.12461542052151019	0.13692830603422904	9.880707749642825
245.7085882619204	0.14629151168630367	0.16431369199167095	12.319361593591749
247.5055882619204	0.16837134918778213	0.19290691554375244	14.572293014416694
249.3025882619204	0.19074332036067562	0.21857789076602746	14.592684217051266
251.0995882619204	0.21331513898439508	0.2380181741629293	11.580535397603132
252.89658826192039	0.2360007604411754	0.2431515603883148	3.0299902143416046
254.69358826192038	0.2587414851168257	0.2535879374409078	1.9917747915804918
256.4905882619204	0.28147794981812185	0.27863650842336546	1.0094721084164537
258.2875882619204	0.30416453322971015	0.3065525049898148	0.7850921127287247
260.0845882619204	0.3267629472742387	0.3352476897973898	2.596604845784478
261.8815882619204	0.34923711554949705	0.3643989395732686	4.3414125671939585
263.67858826192037	0.3715617574281101	0.394186004508893	6.0889600795798415
265.4755882619204	0.3937114976355699	0.4245873180553203	7.842245046226681
267.2725882619204	0.415666789953109	0.4569367634007331	9.928619376178617
269.0695882619204	0.437411343541189	0.4872875284713441	11.402581498314191
270.8665882619204	0.4589298943048161	0.506967634539581	10.467337349538353
272.6635882619204	0.48021212454764733	0.5205737957671946	8.404967129384211
274.4605882619204	0.5012477112968388	0.5308229245870583	5.900318869028243
276.2575882619204	0.5220291285533727	0.5402798357140692	3.496108964507827
278.0545882619204	0.5425504020794915	0.5515503106188366	1.6588152003666812
279.85158826192037	0.5628060893794845	0.5677092538560934	0.8711996137097167
281.6485882619204	0.5827931639957535	0.5901154498709329	1.2564124508558372
283.44558826192036	0.6025086062499817	0.6191380009432454	2.7600260844015567
285.2425882619204	0.6219508068946287	0.6489812718690535	4.346077643887414
287.03958826192036	0.641118913236779	0.6784974126368932	5.830197585562336
288.8365882619204	0.6600123601263723	0.7100208037259175	7.57689501299188
290.6335882619204	0.6786317799763202	0.7344401531617739	8.22366043444076
292.4305882619204	0.6969778102237039	0.747087113077257	7.189511935461734
294.2275882619204	0.7150518030319986	0.7588873167244825	6.13039691762336
296.02458826192037	0.7328554710250014	0.7717861058923424	5.312184517486251
297.8215882619204	0.7503906818658851	0.7847993655130798	4.585435890759704
299.6185882619204	0.7676598783023905	0.7979522713243241	3.9460695912521215
301.4155882619204	0.7846655045721252	0.811271195210506	3.3907047631574816
303.21258826192036	0.801410350769499	0.8240865734011713	2.8295395249012145
305.0095882619204	0.8178973634847598	0.838314803314425	2.496332760222364
306.8065882619204	0.8341295684489488	0.8589232483441637	2.9724015108729906
308.6035882619204	0.8501102380434516	0.882278867355186	3.7840538640931065
310.4005882619204	0.8658426433360037	0.9054763250756104	4.5774693640523445
312.1975882619204	0.8813301997350653	0.9231215109294572	4.741844907499426
313.9945882619204	0.8965763729530233	0.9361350677464635	4.4121946536631595
315.79158826192037	0.9115846629806419	0.9498982585718067	4.202966235290684
317.5885882619204	0.9263586412853879	0.96383323217848	4.045365285424829
319.38558826192036	0.9409018762027046	0.9778509508859956	3.926984908608122
321.1825882619204	0.9552179690825153	0.9919657699061237	3.8470592066965237
322.9795882619204	0.9693105170314049	1.0061904909662038	3.8047636218522474
324.7765882619204	0.9831831245425533	1.0205365081194648	3.799229527489212
326.5735882619204	0.9968393752099305	1.0351911163263718	3.8473340911483023
328.3705882619204	1.0102828484694035	1.0500336308520957	3.9346191458080604
330.1675882619204	1.0235170958623894	1.0624812012690177	3.806883691942442
331.96458826192037	1.0365456379455742	1.0724071215306081	3.4597110124462205
333.7615882619204	1.0493719865354578	1.0806129341867559	2.9771089806238438
335.55858826192036	1.0619995859094042	1.0894559930416434	2.585350078901194
337.3555882619204	1.0744318757127092	1.1007760689630828	2.451918436699252
339.1525882619204	1.0866722356160634	1.1139577983233806	2.5109284854276437
340.9495882619204	1.0987240027225817	1.1283598334813552	2.6972952884743995
342.74658826192035	1.1105904959286037	1.1426488885113555	2.8866078631392122
344.5435882619204	1.1222749454550351	1.1569729933551978	3.0917600041489024
346.3405882619204	1.133780576768972	1.171381104505911	3.31638489028383
348.13758826192037	1.1451105399394212	1.1863284807260728	3.5994726577952996
349.9345882619204	1.156267939082331	1.2005764353175308	3.832026707439895
351.73158826192036	1.1672558548016558	1.2104931047769885	3.7041793191673333
353.5285882619204	1.1780772721214656	1.2188216829605285	3.4585516420065465
355.3255882619204	1.1887351714052468	1.2276729148592427	3.275560813765299
357.1225882619204	1.199232451864937	1.2364941936676028	3.1071325450474196
358.91958826192035	1.209571967697336	1.2452958641708127	2.9534329025071804
360.7165882619204	1.219756546917556	1.2540903923807412	2.814811328535205
362.5135882619204	1.2297889228330894	1.2628896148236521	2.691575064305174
364.3105882619204	1.23967182430821	1.271705240491599	2.58402389691037
366.1075882619204	1.2494078988539876	1.2803353023719637	2.4753648145128704
367.90458826192037	1.2589997520503358	1.2893302444534998	2.4090943905087814
369.7015882619204	1.2684499622937384	1.3006475436207665	2.538340674377504
371.4985882619204	1.2777610182168708	1.311881944847227	2.670368413490376
373.2955882619204	1.2869354042912966	1.321068835909036	2.6523034104059207
375.09258826192035	1.2959755265328934	1.3300195653289886	2.6269044514422912
376.8895882619204	1.3048837530376618	1.3391138148605746	2.623226915288668
378.6865882619204	1.3136624246941437	1.3481908747930564	2.6284111846277325
380.4835882619204	1.3223137999050698	1.3572596528302434	2.642780626480823
382.28058826192034	1.3308401331520323	1.3663289854569802	2.6666502926158575
384.07758826192037	1.339243603983838	1.3754073850704105	2.7003138920355108
385.8745882619204	1.3475263589496906	1.3845026749602152	2.744014301831199
387.6715882619204	1.3556905186143229	1.3938319633100071	2.8134330197034485
389.4685882619204	1.3637381278546854	1.4025350898864484	2.8448982425089975
391.26558826192036	1.371671228013213	1.409843415266501	2.7828962563119397
393.0625882619204	1.3794917917842837	1.4163872311830543	2.6745675196115926
394.8595882619204	1.387201762361535	1.4225039870283627	2.5448514862560723
396.6565882619204	1.394803057585696	1.42863574770968	2.4256248894769294
398.45358826192034	1.4022975275841087	1.4347628970018633	2.3151555771253607
400.25058826192037	1.40968701924965	1.44086715357618	2.211848013123263
402.0475882619204	1.416973316305039	1.4467867857557943	2.104024762336265
403.8445882619204	1.4241581768369873	1.452934000171761	2.020549669467475
405.6415882619204	1.431243334877361	1.4606260933475335	2.0529533835481617
407.43858826192036	1.4382304639908423	1.469389647059378	2.1664944422101984
409.2355882619204	1.445121234794413	1.4787023508664812	2.3237577072103166
411.0325882619204	1.4519172602700534	1.4865808896823778	2.387438345204118
412.8295882619204	1.458620130822331	1.4928668059006391	2.3478816968610428
414.62658826192035	1.4652314130002602	1.4992409638869735	2.321104406100205
416.4235882619204	1.4717526235853717	1.5056609782179198	2.303943889017379
418.2205882619204	1.478185276658267	1.5120564650373622	2.291403446776852
420.0175882619204	1.4845308271486344	1.5184327359156045	2.28367832765628
421.8145882619204	1.4907907142814285	1.5247946202226623	2.280930892276456
423.61158826192036	1.4969663584460877	1.5311473012042374	2.283347422291504
425.4085882619204	1.5030591306935746	1.5375106565756347	2.2920938490399223
427.2055882619204	1.5090703996002266	1.5439032409538667	2.308231700977492
429.0025882619204	1.5150014860005756	1.5500627416543962	2.3142720306088993
430.79958826192035	1.5208536944231033	1.55578073006466	2.2965414602096335
432.5965882619204	1.5266283095814788	1.5606636857413163	2.229447465779555
434.3935882619204	1.5323265740001524	1.5651528197735123	2.1422486779477223
436.19058826192037	1.5379497279872074	1.5697326833032776	2.066579598649576
437.9875882619204	1.5434989684766682	1.5742874412821803	1.9947193638812921
439.78458826192036	1.548975478473539	1.5788194457580005	1.9266907513521003
441.5815882619204	1.5543804225321027	1.5832017761169175	1.8542020452023245
443.3785882619204	1.559714927895247	1.5879362571455977	1.8093902126354644
445.1755882619204	1.5649801197899909	1.59357877006742	1.8274130077298834
446.97258826192035	1.5701770841158151	1.5998498292164853	1.8897706125535096
448.7695882619204	1.5753068949024878	1.6063562039991701	1.9710006473757202
450.5665882619204	1.580370609055004	1.6121055578877819	2.0080700470476387
452.36358826192037	1.585369250364415	1.6172767659556606	2.0126235944030846
454.16058826192034	1.5903038407721997	1.6221297893322928	2.0012495564771804
455.95758826192036	1.5951753667446915	1.626895132835982	1.988481439255274
457.7545882619204	1.5999848046268363	1.6316817755254294	1.9810794956884425
459.5515882619204	1.604733114862992	1.6364490002371195	1.9763962667920243
461.3485882619204	1.6094212286558236	1.6411997070831665	1.974528349789706
463.14558826192035	1.614050075529422	1.6459368972653434	1.9755782190005622
464.9425882619204	1.618620552674814	1.6506637306046663	1.9796596476487238
466.7395882619204	1.623133548719513	1.655383097537539	1.9868697091171228
468.5365882619204	1.6275899375015757	1.66021079275953	2.004242868939632
470.33358826192034	1.6319905670948693	1.6647222761484755	2.0056310197841487
472.13058826192037	1.6363362840508298	1.6683800762240941	1.95826447690437
473.9275882619204	1.640627905584586	1.6718766908866733	1.9046844927919748
475.7245882619204	1.6448662416576303	1.6754417426314108	1.8588442147713824
477.5215882619204	1.649052088516689	1.678985771489959	1.815205425087285
479.31858826192035	1.6531862195689055	1.6825101904746342	1.7737851040988906
481.1155882619204	1.6572694068262244	1.6860166018288003	1.7346120603064064
482.9125882619204	1.6613023955855528	1.6894721782445645	1.6956444975860352
484.7095882619204	1.6652859252581127	1.6929521847382174	1.66135190722978
486.50658826192034	1.6692207231992007	1.6967391858749588	1.6485814184607372
488.30358826192037	1.6731074950012002	1.700872517773392	1.6594882788551368
490.1005882619204	1.6769469446773801	1.7054120610777312	1.697436910016692
491.89758826192036	1.6807397537067998	1.7096430347681402	1.719676172209006
493.6945882619204	1.6844865979294517	1.7133808309811727	1.71531391744153
495.49158826192036	1.6881881411194084	1.717110043503765	1.7131918937174362
497.2885882619204	1.69184502917717	1.7208492611956634	1.7143551281762148
499.0855882619204	1.695457906831572	1.7245712446593529	1.7171371645661848
500.8825882619204	1.6990273967780318	1.7282778565087842	1.7216002394206065
502.6795882619204	1.7025541173902154	1.7319708189083325	1.727798324743346
504.47658826192037	1.7060386760969035	1.7356521735172863	1.7358045767246422
506.2735882619204	1.7094816644210193	1.739330529502249	1.7460769367970475
508.07058826192036	1.7128836728150865	1.7430403095147187	1.7605770419931943
509.8675882619204	1.7162452716501526	1.7465022788567803	1.762976872037414
511.66458826192036	1.719567027670351	1.7496300137940508	1.7482881236928982
513.4615882619204	1.7228494973896342	1.752569569300103	1.7250532884909076
515.2585882619203	1.7260932233861976	1.7554121604187078	1.6985720490225287
517.0555882619203	1.729298747340856	1.75826399867911	1.6749709315867944
518.8525882619203	1.7324665920451072	1.7610995296936385	1.6527266834468257
520.6495882619204	1.7355972775221744	1.7639196133083144	1.6318495167596758
522.4465882619204	1.738691314635005	1.766725374415388	1.6123655501360634
524.2435882619204	1.7417492014479454	1.7695182256836983	1.5943181838503628
526.0405882619204	1.744771435075915	1.7722996444105141	1.5777544715134262
527.8375882619204	1.7477584959825663	1.7751045715925988	1.5646369720353714
529.6345882619204	1.750710862201875	1.7778722372429148	1.5514483646305255
531.4315882619203	1.7536290032030888	1.7802097422955432	1.5157561287993948
533.2285882619203	1.7565133769610155	1.7824288423393526	1.4753924290160647
535.0255882619203	1.7593644407634177	1.7850672969120516	1.460917110356097
536.8225882619204	1.7621826343266653	1.7879348820180352	1.4613835813454212
538.6195882619204	1.7649683974104016	1.7909494181808219	1.4720388653156613
540.4165882619204	1.7677221660165772	1.7939519286104304	1.4838170329085187
542.2135882619204	1.770444361251769	1.796927163363593	1.4958279792028906
544.0105882619204	1.7731354022584849	1.7998911160826703	1.5089492765248513
545.8075882619204	1.7757956965518107	1.8028558036066362	1.5238299713964842
547.6045882619203	1.7784256492884316	1.8058037582784714	1.5394576096557255
549.4015882619203	1.7810256571054603	1.8086579872434725	1.5514841140986446
551.1985882619203	1.7835961088220067	1.811348706686568	1.5559911645518731
552.9955882619204	1.7861373927849769	1.8137680274739867	1.54694900854897
554.7925882619204	1.7886498843350367	1.8160955997660417	1.5344375481962214
556.5895882619204	1.7911339574297238	1.8184506220905001	1.5251045041865918
558.3865882619205	1.793589978830357	1.8207922644860293	1.5166390299198307
560.1835882619204	1.7960183073583513	1.8231209282470027	1.509039232930487
561.9805882619204	1.7984193011631746	1.8254368884436831	1.5022963367349318
563.7775882619203	1.8007933066427477	1.8277411811899584	1.4964446195910197
565.5745882619203	1.8031406691228626	1.8300346640024623	1.4915084186239547
567.3715882619204	1.8054617273362261	1.8323436543405802	1.4889225618764934
569.1685882619204	1.8077568128872352	1.8345907605912	1.4843781814384283
570.9655882619204	1.8100262567616265	1.8366333268082258	1.469982545678783
572.7625882619204	1.8122703790982142	1.8385554313854144	1.450393527939231
574.5595882619205	1.8144894992467777	1.8404016858966543	1.4280703559118368
576.3565882619204	1.8166839304400675	1.8422324825286114	1.406328952464242
578.1535882619204	1.8188539797787424	1.8440570882921548	1.3856587056250813
579.9505882619203	1.8209999540698558	1.8458687895480785	1.3656691985434621
581.7475882619203	1.823122149100319	1.8476581413520536	1.3458227285452429
583.5445882619204	1.825220859940367	1.8494415919433944	1.327002804680788
585.3415882619204	1.827296374137581	1.8512926351148888	1.3132112183297684
587.1385882619204	1.8293489777292327	1.8533111119147556	1.309872226526565
588.9355882619204	1.8313789586608389	1.855732754942232	1.3298064917815378
590.7325882619205	1.8333865889078373	1.8580495039055525	1.345210832615873
592.5295882619204	1.8353721415911217	1.8600492840757676	1.3445307316941602
594.3265882619204	1.837335885761553	1.8620260174889651	1.3438006582655149
596.1235882619203	1.8392780850253982	1.864011351684654	1.3447268719517291
597.9205882619203	1.8411990024411191	1.8659853973722647	1.3462094482064701
599.7175882619204	1.8430988927032665	1.867948209068096	1.3482356515543747
601.5145882619204	1.8449780101457651	1.8699001144573453	1.3508076613667264
603.3115882619204	1.8468366040997717	1.8718418672650774	1.3539510268421484
605.1085882619204	1.8486749193243188	1.8737741064576063	1.3576852734314748
606.9055882619205	1.8504931999764778	1.8757079410270836	1.362595715073489
608.7025882619204	1.8522916826271658	1.8775956304454258	1.366088724340142
610.4995882619204	1.8540706035226464	1.8794071844462115	1.3665380851962672
612.2965882619203	1.8558301942541955	1.8811066037882709	1.362000123305096
614.0935882619203	1.8575706823229832	1.8827056272420386	1.353108398955949
615.8905882619204	1.859292294582353	1.8842533007983435	1.3425003851585071
617.6875882619204	1.8609952510094854	1.885794550774989	1.3325826464119839
619.4845882619204	1.8626797712862042	1.8873507552175797	1.3244887452844134
621.2815882619204	1.8643460707567876	1.888896558332827	1.3168417581438607
623.0785882619205	1.8659943611057859	1.890432333211962	1.309648765052751
624.8755882619204	1.8676248506019202	1.8919584863529988	1.3029188245827994
626.6725882619204	1.8692377592504368	1.893482909679156	1.2970608104151182
628.4695882619203	1.8708332961401213	1.8949970545484995	1.2916040385978045
630.2665882619203	1.8724116291268893	1.896413983852378	1.2818951961263592
632.0635882619204	1.8739729568907963	1.8977369758101088	1.2681089570652393
633.8605882619204	1.8755174922319364	1.8990029955802281	1.2522145725414324
635.6575882619204	1.8770454236894107	1.9002431499669061	1.2358638733366067
637.4545882619204	1.878556941641689	1.9014802800342776	1.2202631650098272
639.2515882619203	1.880052232849007	1.9027014487100569	1.204712053490531
641.0485882619204	1.8815314811281953	1.903923071049434	1.1900725630066056
642.8455882619204	1.8829948695227527	1.905143367564033	1.1762378326019451
644.6425882619203	1.8844425761961332	1.906537720299639	1.1725029132013232
646.4395882619203	1.8858747789518842	1.9081903609951558	1.183301367213474
648.2365882619204	1.8872916515430627	1.9098756481679944	1.1966352209774822
650.0335882619204	1.8886933655185887	1.9114924763681993	1.2071367044459658
651.8305882619204	1.8900800918881107	1.9129175736664004	1.2082811663010506
653.6275882619204	1.8914519967299992	1.9142794190982686	1.2068729424661084
655.4245882619203	1.8928092459405046	1.9156534651684511	1.2068949513502236
657.2215882619204	1.8941520021176768	1.9170181988287802	1.2071996695903309
659.0185882619204	1.8954804255043276	1.918373934375946	1.2077945286893321
660.8155882619203	1.8967946756069523	1.9197208019109016	1.2086772806135793
662.6125882619203	1.898094907629295	1.921058942161802	1.2098464855579305
664.4095882619204	1.8993812765898712	1.9223885656595734	1.2113044049275379
666.2065882619204	1.900653934417342	1.9237152906563233	1.2133379896983154
668.0035882619204	1.901913030928599	1.9250256214118568	1.215228567626614
669.8005882619204	1.9031587152015836	1.926296207917271	1.2157416263223642
671.5975882619204	1.9043911323926226	1.927495508753011	1.2132159180640922
673.3945882619204	1.9056104274901022	1.9286070484540705	1.206785008741651
675.1915882619203	1.9068167426048257	1.9297027282473962	1.2002194616409056
676.9885882619203	1.908010217943049	1.9307975158278095	1.1942964283140345
678.7855882619203	1.9091909929721627	1.9318835565479124	1.1885957800598312
680.5825882619204	1.9103592035718253	1.9329610621365523	1.1831208770825885
682.3795882619204	1.9115149854656137	1.9340302118816892	1.1778733929512564
684.1765882619204	1.9126584716639394	1.9350911453032427	1.1728530718705832
685.9735882619204	1.9137897934793533	1.9361441476152026	1.1680673714540069
687.7705882619204	1.9149090814961585	1.9371992080126315	1.164030539719274
689.5675882619204	1.9160164629926457	1.9382136333221038	1.1585062424144477
691.3645882619203	1.917112065142518	1.9391576678358446	1.1499381332038983
693.1615882619203	1.9181960129659203	1.9400589171362201	1.139763820929618
694.9585882619203	1.919268429394449	1.94093341364554	1.1288147045656727
696.7555882619204	1.9203294361475984	1.9418031524306751	1.1182308555429676
698.5525882619204	1.9213791528605273	1.9426654427386383	1.107865141891451
700.3495882619204	1.9224176989451964	1.9435195141879131	1.0976706703384576
702.1465882619204	1.923445191193669	1.9443638352084103	1.0875612214226615
703.9435882619204	1.9244617450786774	1.9452027838090316	1.0777579124861436
705.7405882619204	1.9254674753631427	1.946015118387277	1.067150875672862
707.5375882619203	1.9264624940567134	1.9469508835440865	1.063523922764209
709.3345882619203	1.9274469130462635	1.9481089606809685	1.0719904914034517
711.1315882619203	1.9284208419722617	1.9491973480358256	1.0773844386744447
712.9285882619204	1.9293843892491596	1.950179703120602	1.0778211945383864
714.7255882619204	1.9303376625931015	1.9511631288975482	1.078850954836108
716.5225882619204	1.9312807671962722	1.9521413988204186	1.0801449472533475
718.3195882619204	1.932213808138685	1.953112304309039	1.0815830050653563
720.1165882619204	1.9331368884048457	1.9540758023867906	1.0831573339445733
721.9135882619204	1.9340501098721665	1.9550320020941734	1.0848680763185348
723.7105882619203	1.9349535737308774	1.9559811017567774	1.0867200283961154
725.5075882619203	1.9358473788537618	1.9569250229772788	1.088807121561275
727.3045882619203	1.9367316240080867	1.9578627473544685	1.0910713226570223
729.1015882619204	1.9376064059741556	1.95877805981644	1.0926705122880742
730.8985882619204	1.9384718205464486	1.9596584272425515	1.0929540719415876
732.6955882619204	1.9393279628491604	1.9604754701192353	1.0904554399868482
734.4925882619204	1.940174925880459	1.9612637082748627	1.086952630564153
736.2895882619204	1.9410128025401512	1.962052880603601	1.0839742033599942
738.0865882619204	1.9418416838565546	1.9628349604366184	1.0811013459331331
739.8835882619203	1.9426616599743178	1.9636099503408806	1.078329325078653
741.6805882619203	1.9434728203101561	1.9643779636022551	1.0756591537391724
743.4775882619203	1.944275252733102	1.965139126444465	1.0730925923186252
745.2745882619204	1.945069044953655	1.9658935658104764	1.0706314467781475
747.0715882619204	1.9458542818455178	1.9666458972850998	1.0685083479047952
748.8685882619204	1.9466310481992652	1.9673852770384448	1.0661614001471031
750.6655882619203	1.947399428668254	1.9680787243469282	1.0618928697547991
752.4625882619204	1.9481595056863972	1.968737934489933	1.0563010237852888
754.2595882619204	1.9489113616047684	1.9693742792900195	1.0499665653547874
756.0565882619204	1.9496550771254384	1.9700011382349207	1.0435723399587538
757.8535882619203	1.950390732241265	1.9706235356269768	1.037371796904596
759.6505882619203	1.951118406321427	1.9712391685206305	1.03124249835449
761.4475882619204	1.9518381770814417	1.9718480577880848	1.0251813363218343
763.2445882619204	1.9525501221568697	1.9724502325716682	1.019185637745168
765.0415882619204	1.9532543176271873	1.973045950465343	1.0132645124367956
766.8385882619203	1.9539508389195355	1.9736353411331433	1.0074205461839014
768.6355882619204	1.9546397608247197	1.974225192245645	1.0019969824343278
770.4325882619204	1.9553211566825368	1.9747876263415733	0.9955638025245905
772.2295882619204	1.955995099757247	1.9752958319328955	0.986747470790883
774.0265882619203	1.956661661779804	1.9757802233586865	0.977101046764095
775.8235882619203	1.9573209139298295	1.9762768999736613	0.9684659224211023
777.6205882619204	1.9579729268021633	1.9768602665482407	0.9646374312705541
779.4175882619204	1.9586177695872657	1.977511980729912	0.9646706690825013
781.2145882619203	1.9592555114048016	1.9782110196167988	0.9674852566016856
783.0115882619203	1.9598862199757119	1.9789139090647576	0.9708568229681136
784.8085882619204	1.960509962514084	1.9796040521218232	0.9739348420986005
786.6055882619204	1.9611268056598665	1.9802908057223108	0.977193315961844
788.4025882619204	1.9617368147472292	1.9809657803675413	0.9802010889411683
790.1995882619203	1.9623400550435899	1.9816201432943594	0.9825049537778074
791.9965882619204	1.9629365908560417	1.9822379218097443	0.9832885608029418
793.7935882619204	1.9635264856286898	1.9828224403029109	0.9827193478392449
795.5905882619204	1.9641098042647918	1.983403062734268	0.9822902175623538
797.3875882619203	1.964686597935611	1.9839794855702233	0.9819829612969455
799.1845882619203	1.9652569167072422	1.9845501302172839	0.9817145710580677
800.9815882619204	1.9658208518304272	1.9851149064155318	0.9814757314807965
802.7785882619204	1.9663784689270483	1.9856738167256767	0.9812631750975687
804.5755882619204	1.966929810284648	1.9862269174249527	0.9810775676592165
806.3725882619203	1.9674749343196059	1.9867752796759919	0.9809703300266204
808.1695882619204	1.968013900160791	1.987320446809937	0.9810167828371963
809.9665882619204	1.9685467649626784	1.9878412437049071	0.980138195629543
811.7635882619204	1.9690735855213508	1.9883329718690512	0.9780937842706949
813.5605882619203	1.9695944181075884	1.9888058607587025	0.9754009492762838
815.3575882619203	1.9701093179765805	1.9892673696200598	0.972435969347929
817.1545882619204	1.9706183403272126	1.9897254094359587	0.9695976495161185
818.9515882619204	1.9711215392375663	1.9901778605847307	0.966775562431077
820.7485882619204	1.9716189684675867	1.9906247068484235	0.963966095112645
822.5455882619203	1.9721106812681093	1.9910659977395722	0.9611689978411553
824.3425882619204	1.9725967299511258	1.9915017557503027	0.9583826999269629
826.1395882619204	1.973077166775199	1.991932000559004	0.9556054928465674
827.9365882619204	1.973552042936169	1.9923598565107998	0.9529930382098817
829.7335882619203	1.9740214093482065	1.9927791509801018	0.9502298983722124
831.5305882619203	1.9744853164317722	1.9931629344661048	0.9459486924970673
833.3275882619204	1.9749438137407516	1.9935255754783632	0.9408754622955984
835.1245882619204	1.9753969507783466	1.9938867786698549	0.93600569162684
836.9215882619204	1.9758447760411828	1.9942426354430212	0.9311389044791563
838.7185882619203	1.976287337776672	1.9945932890079594	0.9262798420740515
840.5155882619204	1.9767246837538461	1.9949385230142316	0.9214150766710283
842.3125882619204	1.9771568609400156	1.9952783864061023	0.9165446517718889
844.1095882619204	1.977583916254201	1.9956129500053135	0.9116697199510693
845.9065882619203	1.9780058956608328	1.995942941266526	0.9068246785837175
847.7035882619203	1.978422844904727	1.996267049178863	0.901940872755902
849.5005882619204	1.97883480926738	1.9965811123544526	0.8968056860513052
851.2975882619204	1.9792418332886725	1.996879174366216	0.8911160213422642
853.0945882619204	1.979643961462459	1.9971499119361098	0.8842979250025529
854.8915882619203	1.9800412373768133	1.9974567922394948	0.879555159454859
856.6885882619204	1.9804337044269278	1.9978226961290269	0.8780395760397797
858.4855882619204	1.9808214055593973	1.9982333453768217	0.8790262347001976
860.2825882619204	1.9812043830345036	1.9986634990117986	0.8812375001186812
862.0795882619203	1.981582679068588	1.999081105277199	0.8830530461053643
863.8765882619203	1.981956335018168	1.9994938537003244	0.8848589836362608
865.6735882619204	1.9823253920709976	1.9999018097991352	0.886656539760855
867.4705882619204	1.9826898909805628	2.000307533450079	0.8885727692293344
869.2675882619203	1.98304987186501	2.0007025385791324	0.8901776483069668
871.0645882619203	1.9834053748004854	2.001074564465594	0.8908511537579988
872.8615882619204	1.9837564390464888	2.001431371700871	0.8909830010622732
874.6585882619204	1.984103103715569	2.0017772596405017	0.8907881799002704
876.4555882619204	1.984445407499964	2.0021184793301585	0.8905798951889254
878.2525882619203	1.9847833885176929	2.0024555738440486	0.8903835767969603
880.0495882619203	1.985117084919681	2.002788089886074	0.890174443645364
881.8465882619204	1.9854465331925601	2.0031159589089116	0.8899471942938275
883.6435882619204	1.985771770492335	2.0034391484374825	0.8896983131534197
885.4405882619203	1.9860928351308587	2.0037575612070633	0.8894209658150576
887.2375882619203	1.9864097630188808	2.004071654974854	0.8891363848882339
889.0345882619204	1.9867225896302871	2.0043837125825203	0.8889576755413797
890.8315882619204	1.987031350529659	2.0046772091962706	0.8880513466437145
892.6285882619204	1.9873360810394374	2.0049484059701603	0.8862278050882688
894.4255882619203	1.9876368160866738	2.005214770971868	0.884364524893555
896.2225882619204	1.9879335900954456	2.005477723050647	0.8825311389983881
898.0195882619204	1.9882264374535432	2.0057361802449196	0.8806714598263987
899.8165882619204	1.9885153918444194	2.005990104565751	0.8787818687751248
901.6135882619203	1.9888004868590903	2.006239512570986	0.8768614965213084
903.4105882619203	1.9890817557094274	2.006484625125555	0.8749197646690243
905.2075882619204	1.9893592311375539	2.006725042166161	0.8729349006854292
907.0045882619204	1.9896329458496067	2.0069619645361687	0.8709656081394623
908.8015882619204	1.9899029318855748	2.0071919604431825	0.8688377850282869
910.5985882619203	1.9901692212059463	2.0074125375373364	0.8664246310141177
912.3955882619204	1.9904318454025007	2.0076185904153285	0.8634681490112595
914.1925882619204	1.9906908356331712	2.007815808101164	0.8602527404787175
915.9895882619204	1.9909462230220125	2.0080099277530783	0.8570650745737041
917.7865882619203	1.9911980380555976	2.008199664701903	0.8538390617794933
919.5835882619203	1.9914463111557044	2.008384896667659	0.8505670184060898
921.3805882619204	1.991691072390866	2.0085658521048195	0.8472588920980018
923.1775882619204	1.991932351422813	2.0087425312481537	0.8439131887854279
924.9745882619204	1.9921701778793508	2.0089148814165245	0.8405257604547911
926.7715882619203	1.9924045807832673	2.009083442853382	0.8371222507206566
928.5685882619204	1.9926355891038792	2.009247411134058	0.8336608118923339
930.3655882619204	1.99286323146812	2.0094015938339957	0.8298794470552817
932.1625882619204	1.9930875361281444	2.0095466411429737	0.8258094396999427
933.9595882619203	1.993308531304124	2.0096846863089888	0.8215564599099334
935.7565882619203	1.9935262446424462	2.0098177314309336	0.8172195792390591
937.5535882619204	1.9937407037394956	2.0099470480994417	0.8128611874928859
939.3505882619204	1.993951935826723	2.010066713220199	0.8081828405154035
941.1475882619204	1.9941599678583692	2.010193464601185	0.8040225960425529
942.9445882619203	1.9943648268045817	2.010356111772599	0.80182345542259
944.7415882619204	1.9945665389235105	2.0105567745468504	0.801689756209889
946.5385882619204	1.9947651304899099	2.010792364259816	0.8034647049384613
948.3355882619204	1.994960627523332	2.0110275369722364	0.8053747641551645
950.1325882619203	1.9951530556884565	2.0112517893185102	0.8068921621904757
951.9295882619203	1.9953424406139413	2.0114567553441693	0.8075964507260336
953.7265882619204	1.9955288074096174	2.011654292217787	0.8080807828127368
955.5235882619204	1.9957121811589806	2.0118496935703303	0.8086092054605754
957.3205882619203	1.9958925866333193	2.0120411576663018	0.8090901855706489
959.1175882619203	1.9960700483065235	2.0122287254403073	0.8095245528829453
960.9145882619204	1.9962445906191195	2.0124124752673103	0.809915013629503
962.7115882619204	1.9964162375190833	2.012592423123859	0.8102611720328445
964.5085882619204	1.9965850129317437	2.012768573691687	0.8105620674863978
966.3055882619203	1.9967509404823767	2.0129412226651824	0.8108313287632285
968.1025882619203	1.9969140435216026	2.0131092692559323	0.8110126616050595
969.8995882619204	1.9970743453623152	2.013271160013645	0.8110271252015577
971.6965882619204	1.997231868855968	2.01342431799047	0.8107445803865021
973.4935882619203	1.9973866368327327	2.0135679553754415	0.8101245019025427
975.2905882619203	1.9975386718334067	2.0137075995067804	0.8094425355246626
977.0875882619204	1.9976879961455112	2.013844106611482	0.8087404287928646
978.8845882619204	1.9978346320152258	2.013976983591538	0.807992379230571
980.6815882619204	1.9979786012553595	2.014106119742051	0.8071917525321881
982.4785882619203	1.998119925658696	2.0142314656964677	0.8063349867481362
984.2755882619203	1.998258626738208	2.014353123709104	0.8054261223016779
986.0725882619204	1.998394725773887	2.0144711311117733	0.8044659611309068
987.8695882619204	1.9985282440010632	2.014586120892659	0.8034851115963138
989.6665882619203	1.998659202249258	2.014695170446765	0.8023362952253255
991.4635882619203	1.9987876213296762	2.0147967283687636	0.8009408737701396
993.2605882619204	1.9989135217864293	2.0148924966185806	0.799382997713205
995.0575882619204	1.9990369239465977	2.0149835639965312	0.7977161331492955
996.8545882619204	1.9991578480889762	2.0150714567016887	0.796015613670753
998.6515882619203	1.9992763141118155	2.0151558454856335	0.7942639675032837
1000.4485882619203	1.9993923418961794	2.015236671518513	0.7924572526524232
1002.2455882619204	1.999505951065471	2.0153139234740904	0.7905939164720044
1004.0425882619204	1.999617161043467	2.0153876148560688	0.7886736581302678
1005.8395882619203	1.9997259912036514	2.015457782434345	0.7866973425306512
1007.6365882619203	1.9998324605609863	2.015524519536734	0.7846686802626346
1009.4335882619204	1.999936588114703	2.0155877187855507	0.7825813460216491
1011.2305882619204	2.0000383926169514	2.015645381584974	0.7803344688599667
1013.0275882619204	2.000137892634733	2.015697342042553	0.7779188357520672
1014.8245882619203	2.000235106681987	2.0157449077124037	0.7753989007894591
1016.6215882619204	2.0003300529372225	2.0157890666867	0.7728231511983541
1018.4185882619204	2.000422749563975	2.015830409534665	0.7702201934090436
1020.2155882619204	2.0005132144874302	2.0158684978866677	0.7675672066566053
1022.0125882619203	2.000601465461806	2.0159032462392164	0.7648590207284478
1023.8095882619203	2.0006875201859824	2.015934376503025	0.7620808428707049
1025.6065882619205	2.000771396045475	2.0159620660783695	0.7592406640218208
1027.4035882619205	2.0008531104112466	2.0159863978814614	0.75634175199919
1029.2005882619203	2.0009326804226264	2.016007196940106	0.7533744970518397
1030.9975882619203	2.001010123062845	2.0160243442758707	0.7503320967733984
1032.7945882619204	2.0010854552591493	2.0160375853810835	0.7472009794803114
1034.5915882619204	2.001158693643075	2.016047370192277	0.744002791807441
1036.3885882619204	2.0012298548326712	2.016054012623366	0.7407523805871952
1038.1855882619202	2.001298955223038	2.016050945335029	0.7371207621675424
1039.9825882619202	2.0013660110656044	2.016055776954045	0.7339869772555518
1041.7795882619203	2.001431038555185	2.016115220376626	0.7336841259362847
1043.5765882619203	2.0014940536059567	2.016196743021804	0.7345857155737434
1045.3735882619203	2.0015550721200346	2.016277948278007	0.7355718742416473
1047.1705882619203	2.0016141097878024	2.0163571814359944	0.7365591387520132
1048.9675882619204	2.001671182164287	2.0164317558361744	0.7374125082785898
1050.7645882619204	2.0017263047444875	2.0165007190754465	0.7380836379049738
1052.5615882619204	2.0017794927641424	2.0165650104562256	0.7386187012869527
1054.3585882619204	2.001830761447012	2.0166253478000424	0.7390528029620258
1056.1555882619205	2.001880125813021	2.0166825526511785	0.7394262347324876
1057.9525882619205	2.0019276007506597	2.0167368426656758	0.7397491252662203
1059.7495882619205	2.001973201071152	2.016788020947688	0.7400108986778342
1061.5465882619203	2.0020169414082436	2.016836093916418	0.7402111441549675
1063.3435882619203	2.0020588363686675	2.016881066794314	0.7403493921552817
1065.1405882619204	2.002098900253287	2.016922986158776	0.7404272537991696
1066.9375882619204	2.0021371473368026	2.0169618517235133	0.7404440003738078
1068.7345882619204	2.0021735919010157	2.0169978484704143	0.7404081558843867
1070.5315882619202	2.0022082478782215	2.0170299731689996	0.7402689159074827
1072.3285882619202	2.0022411292020736	2.0170575230837597	0.7399904869395346
1074.1255882619203	2.0022722496687813	2.0170820609999303	0.7396502315605957
1075.9225882619203	2.0023016229514963	2.017103906959057	0.739263447519023
1077.7195882619203	2.0023292626568328	2.0171227947552763	0.738816156480393
1079.5165882619203	2.0023551821763315	2.017138689726439	0.7383059549924464
1081.3135882619204	2.0023793948914315	2.0171515633315718	0.7377307456233329
1083.1105882619204	2.0024019139980918	2.0171614849763024	0.737093331515104
1084.9075882619204	2.0024227525972105	2.0171684603655793	0.736393338981145
1086.7045882619204	2.002441923729286	2.0171724495814245	0.735628118727405
1088.5015882619205	2.0024594402267835	2.01717346334063	0.7347975603530843
1090.2985882619205	2.0024753149156296	2.0171715297328072	0.7339024210541556
1092.0955882619205	2.002489560486091	2.0171669702428323	0.7329581160552268
1093.8925882619203	2.002502189501814	2.017159806097209	0.7319650721101745
1095.6895882619203	2.0025132144457944	2.017149826399936	0.7309121282474296
1097.4865882619204	2.002522647585766	2.0171370301508897	0.7297986158979475
1099.2835882619204	2.0025305011852	2.0171214097289294	0.7286235358259674
1101.0805882619204	2.0025367873943534	2.01710291367795	0.7273837052726329
1102.8775882619202	2.0025415182609527	2.0170815138016907	0.7260771079225847
1104.6745882619202	2.0025447057549703	2.0170571787783818	0.7247015750362573
1106.4715882619203	2.002546361711373	2.0170298940516935	0.7232557816011287
1108.2685882619203	2.002546497952286	2.0169996943382644	0.7217408634834666
1110.0655882619203	2.0025451260657565	2.016967689586681	0.7202116613101772
1111.8625882619203	2.0025422576035	2.0169340150134323	0.7186743428403419
1113.6595882619204	2.0025379040827413	2.0168980531732656	0.7170974921996143
1115.4565882619204	2.0025320768206734	2.0168596509864534	0.7154728921260123
1117.2535882619204	2.0025247871264846	2.016818656434174	0.7137923784803935
1119.0505882619204	2.0025160461525915	2.0167749313266015	0.7120484852745967
1120.8475882619205	2.002505864984549	2.016728412485235	0.7102374953990687
1122.6445882619205	2.0024942546482816	2.0166791224354794	0.7083599742806479
1124.4415882619205	2.002481226009001	2.0166269998890907	0.7064123097065389
1126.2385882619203	2.00246678992404	2.016572002597229	0.7043918403123239
1128.0355882619203	2.0024509570962357	2.0165148355955465	0.7023332306577368
1129.8325882619204	2.0024337381664337	2.0164558883787023	0.7002553914771781
1131.6295882619204	2.002415143714741	2.016395159019742	0.6981576896719854
1133.4265882619202	2.0023951841703487	2.016332842320888	0.6960493243652
1135.2235882619202	2.002373869954901	2.0162690533455945	0.6939355132019598
1137.0205882619202	2.002351211340889	2.016202733021149	0.6917628436913681
1138.8175882619203	2.002327218544174	2.016133663287038	0.6895199053880141
1140.6145882619203	2.0023019017202355	2.016062009814216	0.6872144546313796
1142.4115882619203	2.0022752708824396	2.0159876727110246	0.6848409920451104
1144.2085882619203	2.002247336036916	2.0159105490758775	0.68239386778286
1146.0055882619204	2.002218107045797	2.0158301744229066	0.6798493795060923
1147.8025882619204	2.0021875937195492	2.0157481042114016	0.6772847127006987
1149.5995882619204	2.002155805808669	2.0156635465229016	0.6746598179344421
1151.3965882619204	2.0021227529298247	2.0155986504666417	0.673080485055011
1153.1935882619205	2.002088444692735	2.0155768109569623	0.6737148051567221
1154.9905882619205	2.0020528905680695	2.015559616621285	0.6746438176956859
1156.7875882619205	2.002016099979445	2.0155352297141724	0.6752757749983296
1158.5845882619203	2.0019780822909925	2.0155081336996408	0.6758341426577941
1160.3815882619203	2.0019388467457495	2.0154785536564788	0.6763296957216669
1162.1785882619204	2.0018984025818884	2.015446753043231	0.6767751272426681
1163.9755882619204	2.0018567587508507	2.015412307711666	0.6771487970634649
1165.7725882619202	2.001813924335425	2.0153751508517277	0.6774469070997657
1167.5695882619202	2.0017699086061786	2.0153353181428155	0.6776707691685813
1169.3665882619202	2.0017247203558326	2.0152936018852152	0.6778595174150803
1171.1635882619203	2.0016783683452086	2.0152508913611884	0.6780571359823462
1172.9605882619203	2.001630861338299	2.015206682694665	0.678238011742538
1174.7575882619203	2.0015822080368135	2.015160631628996	0.6783845068996985
1176.5545882619203	2.001532417084131	2.0151120642464333	0.6784625143411604
1178.3515882619204	2.0014814970117634	2.0150611137700456	0.678478256159587
1180.1485882619204	2.0014294563450057	2.01500799552797	0.6784420574963201
1181.9455882619204	2.0013763034838457	2.014952414224428	0.678338737045614
1183.7425882619204	2.0013220467931623	2.01489428250196	0.6781635034973643
1185.5395882619205	2.0012666945801523	2.0148336569848313	0.6779187622230065
1187.3365882619205	2.0012102550466	2.0147705294382225	0.6776036829426735
1189.1335882619205	2.0011527363882773	2.0147047900620483	0.6772123600235602
1190.9305882619203	2.001094146679952	2.0146389465803587	0.6768696976541033
1192.7275882619203	2.0010344939646574	2.0145733455014705	0.6765926113541543
1194.5245882619204	2.0009737862699146	2.0145056243819206	0.6762626379644532
1196.3215882619204	2.000912031320179	2.0144355978310506	0.6758701181855065
1198.1185882619202	2.0008492367732047	2.0143632502196747	0.6754138791718489
1199.9155882619202	2.00078541089498	2.0142885701297044	0.6748929276070736
1201.7125882619202	2.000720561539814	2.0142115350320515	0.6743057352224469
1203.5095882619203	2.0006546961020297	2.01413215545298	0.6736524487313433
1205.3065882619203	2.0005878221590736	2.014050361092657	0.672929165341718
1207.1035882619203	2.0005199473060986	2.0139659954705564	0.6721276727365
1208.9005882619203	2.000451079009889	2.0138799751076952	0.671293401708839
1210.6975882619204	2.000381224711672	2.01379307376771	0.6704646539547054
1212.4945882619204	2.0003103917971448	2.0137068175425217	0.6697173498829478
1214.2915882619204	2.00023858756381	2.0136199256028404	0.6689870959508015
1216.0885882619204	2.0001658193037026	2.013530561794948	0.668181725848016
1217.8855882619205	2.0000920941995974	2.0134388968900736	0.6673094068609497
1219.6825882619205	2.0000174194113662	2.013344852350113	0.666365843086969
1221.4795882619203	1.99994180204395	2.0132485401109808	0.6653562645388744
1223.2765882619203	1.9998652491196336	2.0131499985065684	0.6642822256541114
1225.0735882619203	1.9997877676555338	2.0130492781200906	0.6631458937317092
1226.8705882619204	1.9997093645622537	2.0129459402642795	0.6619249745286382
1228.6675882619204	1.9996300467304136	2.012840512489512	0.6606454919348081
1230.4645882619202	1.9995498209970102	2.0127356842744946	0.6594415972546175
1232.2615882619202	1.999468694120521	2.01263111944199	0.6582961443794222
1234.0585882619202	1.999386672854242	2.012526070655043	0.6571714205758639
1235.8555882619203	1.999303763849254	2.012419269751367	0.6560036618378451
1237.6525882619203	1.9992199737389034	2.012310084298273	0.6547608933142435
1239.4495882619203	1.9991353091043569	2.0121988281958396	0.6534584743708827
1241.2465882619204	1.9990497764505055	2.012085373383859	0.6520896621443395
1243.0435882619204	1.9989633822762718	2.0119695040971064	0.6506433252431165
1244.8405882619204	1.998876132986863	2.011851496923731	0.6491329664074508
1246.6375882619204	1.998788034969407	2.011731425793036	0.647561952402187
1248.4345882619205	1.9986990945558316	2.0116083659828834	0.6458836881557017
1250.2315882619205	1.9986093180103965	2.011484882084624	0.6442261605707378
1252.0285882619205	1.9985187115927099	2.0113652533551614	0.6428031765693731
1253.8255882619203	1.9984272814674868	2.0112449447337384	0.6413875243356015
1255.6225882619203	1.9983350337838568	2.0111221562973203	0.6398888223088095
1257.4195882619204	1.9982419746335751	2.010997267350395	0.6383257322556624
1259.2165882619204	1.9981481100542828	2.0108702795593083	0.6366980225845253
1261.0135882619204	1.9980534460828594	2.010741263812227	0.6350089260245717
1262.8105882619204	1.997957988650428	2.0106100975458396	0.6332519986547824
1264.6075882619205	1.9978617436795079	2.010476730763502	0.6314244278365688
1266.4045882619203	1.9977647170440984	2.010340954864331	0.6295154636047684
1268.2015882619203	1.9976669145558303	2.010203544488361	0.627563576349166
1269.9985882619203	1.9975683420216654	2.0100654137979665	0.6256142287303756
1271.7955882619203	1.9974690051591892	2.0099277782508818	0.6237279807352891
1273.5925882619204	1.997368909675758	2.0097927637330124	0.6220109864066625
1275.3895882619204	1.997268061228945	2.009664479683265	0.6206687372095843
1277.1865882619204	1.997166465415402	2.0095480174946583	0.6199559372573882
1278.9835882619204	1.9970641277842296	2.009452679024055	0.6203381788030482
1280.7805882619205	1.9969610541338878	2.0093606873520926	0.6209251398537008
1282.5775882619203	1.9968572500528274	2.00926388436214	0.6213080233444135
1284.3745882619203	1.9967527207473892	2.009165020384685	0.6216242756714285
1286.1715882619203	1.996647471439158	2.009064122478322	0.621874978772019
1287.9685882619203	1.99654150730707	2.008960904559776	0.6220455325998797
1289.7655882619204	1.996434833594951	2.00885748916142	0.6222419764185139
1291.5625882619204	1.996327455662198	2.00875479847818	0.6225102390258863
1293.3595882619204	1.9962193793510794	2.008651923521901	0.6228045023219497
1295.1565882619204	1.9961106097937513	2.008548055472448	0.6230839923235365
1296.9535882619205	1.9960011519049872	2.008442029780293	0.6232901150098114
1298.7505882619203	1.9958910108259063	2.0083341234781753	0.623436479485906
1300.5475882619203	1.9957801916432347	2.0082243206123422	0.6235220201710634
1302.3445882619203	1.9956686993322965	2.0081124822799277	0.6235395159424284
1304.1415882619203	1.9955565390341905	2.007998656146882	0.6234910847834563
1305.9385882619204	1.995443716030693	2.0078829760400074	0.6233831558055014
1307.7355882619204	1.9953302350452857	2.007765005857934	0.6231936245062908
1309.5325882619204	1.995216100960886	2.0076452832830545	0.6229491790980646
1311.3295882619204	1.995101319021573	2.0075281300843684	0.6228661644557265
1313.1265882619205	1.994985893671357	2.0074123534631387	0.6228845943824446
1314.9235882619203	1.9948698287642654	2.007294439857082	0.6228281622020715
1316.7205882619203	1.994753130104755	2.0071747348109517	0.6227138846772728
1318.5175882619203	1.9946358028860363	2.007053079068952	0.6225335053621883
1320.3145882619203	1.9945178514430228	2.0069295599731936	0.6222911728361202
1322.1115882619204	1.9943992803608441	2.006804220236158	0.6219887861707241
1323.9085882619204	1.9942800942393824	2.0066771834921973	0.6216323017325776
1325.7055882619204	1.9941602976794144	2.006548011193267	0.621199485731827
1327.5025882619204	1.9940398952630176	2.0064167346467223	0.6206916628451964
1329.2995882619202	1.9939188915277561	2.006284529539049	0.6201675536469997
1331.0965882619203	1.993797290970798	2.0061526370126925	0.6196891779243208
1332.8935882619203	1.9936750980833953	2.0060234827259307	0.6193779846278114
1334.6905882619203	1.9935523172885674	2.0058936804748524	0.619063923191665
1336.4875882619203	1.9934289530061164	2.0057614649000337	0.6186582107839733
1338.2845882619204	1.9933050096122886	2.005627443941491	0.6181911082237868
1340.0815882619204	1.9931804914463587	2.0054916194761985	0.6176624787706197
1341.8785882619204	1.9930554028421792	2.005353981367423	0.6170715830430717
1343.6755882619204	1.9929297480640298	2.0052145182804932	0.6164176247756448
1345.4725882619202	1.9928035313747516	2.0050732184559585	0.6156997861571867
1347.2695882619203	1.9926767569985324	2.0049295676579693	0.6148920348673315
1349.0665882619203	1.9925494291222299	2.004784979412106	0.6140650822030524
1350.8635882619203	1.9924215519250572	2.0046425544016997	0.6133743366123934
1352.6605882619203	1.9922931295246076	2.004500813032604	0.6127453499229496
1354.4575882619204	1.9921641660356286	2.004358882463954	0.6121341120492563
1356.2545882619204	1.992034665521378	2.0042156474700294	0.6114844364650374
1358.0515882619204	1.9919046320513374	2.0040706613800117	0.6107736852916101
1359.8485882619204	1.991774069694051	2.0039236777956932	0.6099892696920461
1361.6455882619202	1.9916429825852984	2.0037748689011052	0.6091396109587199
1363.4425882619203	1.9915113746967315	2.0036243218049785	0.6082288688957105
1365.2395882619203	1.9913792490818325	2.0034721103363804	0.6072605838452594
1367.0365882619203	1.9912466098756183	2.0033181595307066	0.606230769971905
1368.8335882619203	1.9911134619037578	2.003161332182469	0.6050820563079373
1370.6305882619204	1.9909798086245953	2.0030062760121417	0.6040476822240848
1372.4275882619204	1.9908456536887085	2.0028554486800405	0.6032509335457403
1374.2245882619204	1.9907110009417197	2.0027038364078065	0.6024398046935664
1376.0215882619204	1.9905758541487126	2.00255033621634	0.6015586918062032
1377.8185882619202	1.9904402170663396	2.00239492089641	0.6006060231082966
1379.6155882619203	1.9903040933989278	2.0022378121273396	0.5995927339943474
1381.4125882619203	1.9901674868459958	2.0020791062244783	0.5985234638397063
1383.2095882619203	1.99003040104963	2.001918632877819	0.5973894580665107
1385.0065882619203	1.9898928396556128	2.0017563841371864	0.5961901186410934
1386.8035882619204	1.9897548063254606	2.0015921361017295	0.5949139933542291
1388.6005882619204	1.9896163046171584	2.001426967759697	0.5936151163985937
1390.3975882619204	1.989477338093843	2.001261922814505	0.5923457631316076
1392.1945882619204	1.989337910294288	2.0010995731436823	0.5912350430025359
1393.9915882619202	1.9891980247291694	2.0009388558095913	0.5902293755806642
1395.7885882619203	1.9890576848997932	2.0007759439466217	0.5891362093613184
1397.5855882619203	1.9889168942593802	2.0006113468153117	0.5879809553473558
1399.3825882619203	1.9887756562589218	2.000445184315601	0.5867694538574053
1401.1795882619203	1.9886339743123118	2.0002773363017585	0.5854954777926524
1402.9765882619204	1.988491851811302	2.000107793438136	0.584158371896426
1404.7735882619204	1.9883492921401347	1.9999365994544396	0.5827601498443524
1406.5705882619204	1.988206298629845	1.9997635310669593	0.5812893986443246
1408.3675882619204	1.9880628746108961	1.9995887597995983	0.5797545608791532
1410.1645882619202	1.987919023384708	1.9994156000977554	0.578322184043123
1411.9615882619203	1.9877747482272017	1.9992443988477862	0.5770095746921999
1413.7585882619203	1.987630052402788	1.9990741665574805	0.5757668103708813
1415.5555882619203	1.9874849391334422	1.9989023291582015	0.574464228631455
1417.3525882619203	1.9873394116390786	1.998728132129901	0.5730636862592897
1419.1495882619204	1.987193473104734	1.9985662061015814	0.5723012454886378
1420.9465882619204	1.9870471266949628	1.9984171056093376	0.5722047938181651
1422.7435882619204	1.9869003755656942	1.9982736189883024	0.5724113580365175
1424.5405882619204	1.98675322282186	1.9981312855364162	0.5726963260386908
1426.3375882619202	1.9866056715694957	1.997986221406377	0.5728640565034748
1428.1345882619203	1.9864577249046835	1.997838763273732	0.5729313151929594
1429.9315882619203	1.9863093858847694	1.9976906334040245	0.5729846317060749
1431.7285882619203	1.9861606575411215	1.9975470065327028	0.573284389072426
1433.5255882619203	1.986011542893516	1.997404198409817	0.5736449799129906
1435.3225882619204	1.9858620449563043	1.9972593454889183	0.5739220688345981
1437.1195882619204	1.9857121666870168	1.9971129860577435	0.5741425953867285
1438.9165882619204	1.9855619110389677	1.996965080681789	0.5743044112310969
1440.7135882619204	1.9854112809623108	1.9968157098564345	0.5744114080280749
1442.5105882619202	1.9852602793634688	1.9966648503838753	0.574462257617081
1444.3075882619203	1.9851089091473089	1.9965124774589489	0.5744555504785032
1446.1045882619203	1.9849571731865998	1.9963582902831631	0.5743759739793353
1447.9015882619203	1.9848050743375059	1.9962027971446525	0.5742489756053626
1449.6985882619203	1.9846526154452724	1.996047032640681	0.5741265300906129
1451.4955882619204	1.9844997993195206	1.9958926232127459	0.5740904532785418
1453.2925882619204	1.9843466287681777	1.995740823213255	0.5742038351510548
1455.0895882619204	1.9841931065675187	1.995588046436475	0.5742858309123244
1456.8865882619205	1.9840392354784993	1.9954333695982212	0.5742897577816208
1458.6835882619202	1.9838850182511027	1.9952772833107142	0.5742401880555636
1460.4805882619203	1.9837304576015062	1.99511973208273	0.5741341742060424
1462.2775882619203	1.9835755562439819	1.9949606689602823	0.5739691982219686
1464.0745882619203	1.983420316854808	1.994800153374451	0.573748106890859
1465.8715882619204	1.9832647421072171	1.9946381756020664	0.5734702610991294
1467.6685882619204	1.983108834678093	1.9944741056332138	0.5731037427890717
1469.4655882619204	1.9829525971801463	1.9943102570534603	0.5727650721184752
1471.2625882619204	1.9827960322258995	1.994148729644944	0.5725600230448213
1473.0595882619205	1.9826391424189147	1.9939883166765733	0.5724276301642961
1474.8565882619203	1.9824819303426364	1.9938280122659373	0.5723170410607548
1476.6535882619203	1.982324398567537	1.993665883318893	0.5721306139172544
1478.4505882619203	1.9821665496305187	1.9935022262020057	0.5718831534918145
1480.2475882619203	1.9820083860670548	1.9933373238166732	0.5715887898990468
1482.0445882619204	1.9818499103852083	1.9931710328553809	0.5712401534974099
1483.8415882619204	1.9816911250807154	1.9930032907223871	0.5708339457396905
1485.6385882619204	1.981532032638298	1.9928340372136657	0.570366988229809
1487.4355882619204	1.9813726355131436	1.9926629975857597	0.5698252751780819
1489.2325882619202	1.9812129361589863	1.9924900141711526	0.5692007056055992
1491.0295882619203	1.9810529370009633	1.992320438875005	0.5687632906518303
1492.8265882619203	1.98089264045291	1.992154418986631	0.5685203884217671
1494.6235882619203	1.9807320489172584	1.99198707063201	0.568225354908769
1496.4205882619203	1.9805711647685653	1.991818312483257	0.5678739504422659
1498.2175882619204	1.9804099903799812	1.9916481534794817	0.5674664919936179
1500.0145882619204	1.9802485280967332	1.9914764952329915	0.5669978781425833
1501.8115882619204	1.98008678025363	1.9913033367467703	0.5664679247898263
1503.6085882619204	1.9799247491740415	1.991128836023401	0.5658844788941186
1505.4055882619202	1.9797624371547897	1.9909529354845548	0.5652445020548624
1507.2025882619203	1.9795998464913356	1.990775575279248	0.5645448400958708
1508.9995882619203	1.97943697945192	1.9905976088436481	0.5638284778744618
1510.7965882619203	1.979273838295176	1.990420188927208	0.5631535372403462
1512.5935882619203	1.9791104252682554	1.9902461472193982	0.5626629928763727
1514.3905882619204	1.9789467425930547	1.9900730138686944	0.5622319709857715
1516.1875882619204	1.9787827924901482	1.989898033139798	0.5617211091502261
1517.9845882619204	1.9786185771535592	1.9897217463968078	0.5611576365173843
1519.7815882619204	1.9784540987684751	1.989544078171908	0.5605376142077789
1521.5785882619202	1.978289359508584	1.9893649355192884	0.5598562190849421
1523.3755882619203	1.9781243615235424	1.9891843982755757	0.5591173622428114
1525.1725882619203	1.977959106961724	1.9890025603563173	0.5583256678929338
1526.9695882619203	1.9777935979455934	1.9888189703040595	0.5574581882517249
1528.7665882619203	1.9776278365895128	1.9886345090827482	0.5565593429457838
1530.5635882619204	1.9774618249963436	1.9884524042688554	0.5557922349541444
1532.3605882619204	1.977295565246079	1.9882719976927146	0.5551235050319514
1534.1575882619204	1.977129059417464	1.9880923805339517	0.554507105353963
1535.9545882619204	1.9769623095639695	1.9879119881558251	0.5538638009882302
1537.7515882619202	1.976795317731648	1.987730099937822	0.5531570268348274
1539.5485882619203	1.9766280859550536	1.987546846975102	0.5523932953109378
1541.3455882619203	1.9764606162469942	1.9873622517821978	0.551573628413804
1543.1425882619203	1.9762929106190616	1.9871763518646848	0.5506998070551328
1544.9395882619203	1.9761249710581825	1.9869891442242367	0.5497715643073331
1546.7365882619204	1.9759567995445122	1.9868005953730483	0.5487870904381964
1548.5335882619204	1.9757883980467288	1.986609658736784	0.5476933005960083
1550.3305882619204	1.9756197685128223	1.9864198616081366	0.5466686083752004
1552.1275882619204	1.975450912889597	1.9862356973299455	0.5459403911268534
1553.9245882619202	1.9752818330997979	1.986051785648071	0.5452362476989769
1555.7215882619203	1.9751125310600046	1.9858662132175704	0.5444592137641147
1557.5185882619203	1.974943008675348	1.985679152242709	0.543617892779702
1559.3155882619203	1.974773267831281	1.985490772538571	0.5427207711323767
1561.1125882619203	1.9746033104120988	1.9853013493444829	0.5417816771588146
1562.9095882619204	1.9744331382785665	1.985110605670635	0.5407864761314718
1564.7065882619204	1.9742627532860249	1.9849184697199984	0.5397314220833893
1566.5035882619204	1.9740921572789778	1.9847247865378512	0.5386085558198639
1568.3005882619204	1.9739213520816625	1.9845303818105038	0.5374595962322815
1570.0975882619202	1.9737503395167977	1.9843361505489399	0.5363297890418117
1571.8945882619203	1.9735791213869966	1.9841446157397824	0.5353468851738041
1573.6915882619203	1.9734076994886267	1.983955871730518	0.5345156119855199
1575.4885882619203	1.9732360756055374	1.9837659651932602	0.5336355704165463
1577.2855882619203	1.973064251504487	1.9835745833732235	0.5326908062280422
1579.0825882619204	1.9728922289511848	1.9833818050966943	0.5316852077158707
1580.8795882619204	1.9727200096890252	1.9831865207362442	0.5305624212160298
1582.6765882619204	1.972547595456837	1.9829913098534306	0.529453100176025
1584.4735882619204	1.9723749879821486	1.9828080393821672	0.5289588168369663
1586.2705882619202	1.972202188975557	1.9826329445576345	0.5288887539210974
1588.0675882619203	1.9720292001465736	1.9824592909968388	0.5289014406830272
1589.8645882619203	1.9718560231829103	1.982287789988671	0.5290328849122616
1591.6615882619203	1.971682659768205	1.9821178911187525	0.5292551161237169
1593.4585882619203	1.9715091115748664	1.9819491675645329	0.5295464235175018
1595.2555882619204	1.9713353802591962	1.9817803882792948	0.5298442936039427
1597.0525882619204	1.9711614674764284	1.9816099636727278	0.5300680014649561
1598.8495882619204	1.970987374860544	1.9814383481948052	0.5302405011600397
1600.6465882619204	1.9708131040418893	1.9812655596796644	0.5303626009152573
1602.4435882619202	1.9706386566396443	1.9810914880627633	0.5304286195696228
1604.2405882619203	1.9704640342576838	1.9809162335735704	0.5304435470106839
1606.0375882619203	1.970289238498837	1.9807399777614745	0.530416502228892
1607.8345882619203	1.9701142709451924	1.9805619869675657	0.5303101539059885
1609.6315882619203	1.9699391331756244	1.9803830969173466	0.5301668242351232
1611.4285882619204	1.9697638267579247	1.9802084834168354	0.5302491860712966
1613.2255882619204	1.9695883532453318	1.980036115186761	0.5304540882471231
1615.0225882619204	1.9694127141900686	1.9798620150397346	0.5305795364463961
1616.8195882619204	1.9692369111239763	1.9796869828124786	0.5306660478214376
1618.6165882619202	1.969060945576228	1.979510952081901	0.530710160553971
1620.4135882619203	1.9688848190653827	1.979333658355346	0.5306983521221387
1622.2105882619203	1.9687085330956058	1.9791551192245496	0.5306314242727206
1624.0075882619203	1.9685320891698739	1.978975419363354	0.5305135867957222
1625.8045882619203	1.9683554887719334	1.97879443500086	0.5303384621565099
1627.6015882619204	1.9681787333829586	1.9786123902607802	0.5301173466033537
1629.3985882619204	1.9680018244731492	1.978429992807544	0.5298861111161068
1631.1955882619204	1.9678247634995776	1.9782487442530945	0.5297209866888197
1632.9925882619204	1.9676475519183358	1.978071255948812	0.5297546311235246
1634.7895882619202	1.967470191166107	1.9778937505096732	0.5297950327465051
1636.5865882619203	1.9672926826776085	1.9777145809863268	0.5297584035403258
1638.3835882619203	1.9671150278771288	1.9775342730265797	0.5296713716175239
1640.1805882619203	1.9669372281759394	1.9773528223947217	0.5295336358263736
1641.9775882619203	1.9667592849841407	1.9771702420016024	0.5293457667619794
1643.7745882619204	1.966581199693534	1.9769864829668133	0.5291051940749192
1645.5715882619204	1.9664029736940296	1.976801526339679	0.5288108686143156
1647.3685882619204	1.9662246083647656	1.9766149019087307	0.5284387907547483
1649.1655882619204	1.9660461050730218	1.9764281815711129	0.5280688215450358
1650.9625882619202	1.9658674651851091	1.9762441986236456	0.5278450161216419
1652.7595882619203	1.9656886900490187	1.9760616727503586	0.5277022121484176
1654.5565882619203	1.9655097810112612	1.9758798252723921	0.5276007456852083
1656.3535882619203	1.9653307394077477	1.9756969157282374	0.5274520014689088
1658.1505882619203	1.9651515665631047	1.9755127468689488	0.5272458614459241
1659.9475882619204	1.9649722638009992	1.97532760401215	0.5269967623420468
1661.7445882619204	1.9647928324272392	1.975141340408377	0.5266971565828449
1663.5415882619204	1.9646132737464308	1.974953895931482	0.5263439030589678
1665.3385882619202	1.964433589052679	1.974765339360134	0.5259404219634334
1667.1355882619202	1.9642537796293815	1.974575645025439	0.5254853269522686
1668.9325882619203	1.9640738467589942	1.9743838917433485	0.5249316364233092
1670.7295882619203	1.9638937917065364	1.9741946896538924	0.5245140032957174
1672.5265882619203	1.9637136157360948	1.9740098862643785	0.5243264825265159
1674.3235882619203	1.9635333201013774	1.9738247737874766	0.524129312232291
1676.1205882619204	1.9633529060459471	1.9736383053385393	0.5238691047808608
1677.9175882619204	1.96317237481231	1.9734508827366666	0.5235662469699864
1679.7145882619204	1.9629917276261555	1.9732623419425603	0.5232123076150286
1681.5115882619202	1.9628109657123651	1.9730726143719817	0.5228037156340459
1683.3085882619202	1.9626300902855822	1.9728818006827995	0.5223455223661411
1685.1055882619203	1.9624491025508695	1.9726899014904087	0.5218376836488625
1686.9025882619203	1.9622680037120526	1.97249667424989	0.5212677635515472
1688.6995882619203	1.962086794956852	1.972303045246679	0.520682893136315
1690.4965882619204	1.9619054774722025	1.9721099703412115	0.5201317283724194
1692.2935882619204	1.961724052434855	1.9719201936928263	0.5197541033009179
1694.0905882619204	1.9615425210127437	1.971732333306522	0.5194795516600514
1695.8875882619204	1.9613608843725787	1.9715426600818045	0.5191179140132007
1697.6845882619202	1.9611791436649784	1.9713519751664657	0.5187099574430754
1699.4815882619203	1.9609973000401901	1.9711603855036854	0.5182610635561247
1701.2785882619203	1.960815354640144	1.9709677568413255	0.5177643156025091
1703.0755882619203	1.9606333085954821	1.9707740453413147	0.5172174063031276
1704.8725882619203	1.960451163033157	1.9705792397869069	0.5166196916673194
1706.6695882619204	1.960268919071399	1.9703829562147155	0.5159515128213998
1708.4665882619204	1.960086577826322	1.9701857188439857	0.5152395374730778
1710.2635882619204	1.9599041404020543	1.9699905084463827	0.5146357842919391
1712.0605882619204	1.9597216078954158	1.9697973210334152	0.5141400236342797
1713.8575882619202	1.9595389814015902	1.9696054587148344	0.5137166144071337
1715.6545882619203	1.9593562620016922	1.9694134421213172	0.5132900184956934
1717.4515882619203	1.9591734507761545	1.969220225883648	0.5128068218519966
1719.2485882619203	1.9589905487958235	1.9690258569046177	0.5122693478517792
1721.0455882619203	1.958807557123957	1.968830343924098	0.5116779728406184
1722.8425882619204	1.9586244768219656	1.968633819887107	0.511039414833725
1724.6395882619204	1.9584413089376884	1.9684363561943916	0.5103572525298139
1726.4365882619204	1.9582580545183337	1.9682379740356415	0.5096325019208203
1728.2335882619204	1.958074714601686	1.9680376713523353	0.5088139219792787
1730.0305882619202	1.9578912902183825	1.9678374896048292	0.5080057016514594
1731.8275882619203	1.957707782397091	1.9676426776979636	0.5074759057609679
1733.6245882619203	1.9575241921534638	1.9674490852806659	0.5070125399719183
1735.4215882619203	1.957340520502555	1.9672542376066935	0.5064891366778124
1737.2185882619203	1.9571567684501676	1.9670584218531357	0.5059203004371016
1739.0155882619204	1.956972936995365	1.9668615662042324	0.5053022973352972
1740.8125882619204	1.9567890271351156	1.9666637882833529	0.5046410732737261
1742.6095882619204	1.9566050398539379	1.9664649325451313	0.5039286156560907
1744.4065882619204	1.956420976135773	1.966264924128064	0.5031610329457203
1746.2035882619202	1.9562368369554572	1.96606386296097	0.5023433676265343
1748.0005882619203	1.9560526232814959	1.9658622257520981	0.5014999266300668
1749.7975882619203	1.9558683360801985	1.9656604352252494	0.5006522660250035
1751.5945882619203	1.9556839763059317	1.965460834617226	0.49992015222017905
1753.3915882619203	1.9554995449125139	1.9652647231039628	0.49937000583071267
1755.1885882619204	1.9553150428448263	1.9650680115795576	0.49879270199555403
1756.9855882619204	1.9551304710417892	1.9648698837016385	0.49814643084455934
1758.7825882619204	1.954945830440022	1.9646708044383314	0.49745490882069365
1760.5795882619204	1.9547611219647167	1.9644708230595018	0.49672059596856943
1762.3765882619202	1.9545763465405366	1.9642699530940377	0.4959441247029295
1764.1735882619203	1.954391505083353	1.9640679144393223	0.49511110393187785
1765.9705882619203	1.954206598503444	1.9638647677766854	0.4942245758783992
1767.7675882619203	1.9540216277087012	1.9636602889279289	0.4932730059149737
1769.5645882619203	1.9538365935960584	1.9634567503494536	0.49237263673564957
1771.3615882619204	1.9536514970619454	1.9632558005128957	0.49160781569250744
1773.1585882619204	1.9534663389941616	1.963055209189532	0.4908643678143809
1774.9555882619204	1.9532811202752511	1.9628570752655599	0.4902497080890855
1776.7525882619204	1.9530958417852866	1.962667976996904	0.4901006395501506
1778.5495882619202	1.9529105043938433	1.9624834684158543	0.49018959140589846
1780.3465882619203	1.952725108970013	1.9623001157408482	0.4903407410931315
1782.1435882619203	1.952539656374413	1.962116230592593	0.4904675911147516
1783.9405882619203	1.9523541474627302	1.961931119883801	0.49053459043366665
1785.7375882619203	1.9521685830881017	1.9617450582786138	0.49055574777068234
1787.5345882619204	1.9519829640936077	1.9615577855647954	0.4905176759897323
1789.3315882619204	1.951797291321863	1.9613694270333972	0.49042673407191373
1791.1285882619204	1.9516115656071682	1.961184499328012	0.4905142954441333
1792.9255882619204	1.9514257877791945	1.9610026314412665	0.49076135623742356
1794.7225882619202	1.951239958664985	1.9608197879755478	0.4909611074753295
1796.5195882619203	1.9510540790819697	1.9606360148136486	0.49111584524543783
1798.3165882619203	1.950868149847129	1.9604512264046527	0.4912211293353952
1800.1135882619203	1.9506821717692564	1.9602656379586931	0.4912879365040146
1801.9105882619203	1.950496145652825	1.9600792133543177	0.4913143623918925
1803.7075882619204	1.9503100722996225	1.9598917199589243	0.4912884261528694
1805.5045882619204	1.9501239525022267	1.9597032410882	0.4912143442821648
1807.3015882619204	1.9499377870527792	1.9595139104839532	0.4910989209377714
1809.0985882619204	1.9497515767353757	1.9593244227375568	0.49097772846578014
1810.8955882619202	1.9495653223300762	1.9591358030554398	0.4909033114071315
1812.6925882619203	1.949379024614202	1.958950422116807	0.4909972551130348
1814.4895882619203	1.9491926843562515	1.958765827061947	0.4911337284675632
1816.2865882619203	1.949006302324303	1.9585798930877296	0.4912036842574574
1818.0835882619203	1.9488198792785356	1.9583931306310989	0.49123325630830994
1819.8805882619204	1.9486334159753607	1.9582055065896917	0.4912206952758291
1821.6775882619204	1.9484469131684021	1.9580169836701666	0.4911640361914049
1823.4745882619204	1.9482603716028184	1.9578275515466919	0.49106269794947366
1825.2715882619202	1.948073792023363	1.9576372001830296	0.4909161141033236
1827.0685882619202	1.9478871751670523	1.9574455721412745	0.49070588358908207
1828.8655882619203	1.9477005217673806	1.9572535503459363	0.49047728189173245
1830.6625882619203	1.947513832555006	1.95706371395645	0.4903626994481991
1832.4595882619203	1.9473271082524803	1.9568755493916186	0.4903357581103496
1834.2565882619203	1.9471403495819635	1.9566885176787343	0.49036876560135667
1836.0535882619204	1.9469535572580268	1.9565010415961523	0.4903806925714127
1837.8505882619204	1.9467667319919526	1.9563124851902425	0.49033882906570625
1839.6475882619204	1.9465798744921352	1.9561227800567706	0.490239608951315
1841.4445882619202	1.9463929854592248	1.9559321604023767	0.490095012385261
1843.2415882619202	1.9462060655934916	1.9557408515274715	0.48991656652104254
1845.0385882619203	1.9460191155876778	1.9555487407824204	0.48969843710218175
1846.8355882619203	1.9458321361316984	1.9553557710585767	0.48943764212936447
1848.6325882619203	1.9456451279131248	1.9551610843689886	0.4890900359651118
1850.4295882619203	1.9454580916102637	1.9549678444833007	0.48881818190007476
1852.2265882619204	1.9452710279010756	1.954779128988616	0.4887802754045767
1854.0235882619204	1.9450839374588293	1.9545906975644518	0.4887583472640511
1855.8205882619204	1.9448968209528443	1.954401275548561	0.4886868286956281
1857.6175882619202	1.944709679048845	1.9542109696609118	0.4885711586890329
1859.4145882619202	1.9445225124058008	1.9540197697115467	0.4884107664043347
1861.2115882619203	1.9443353216823238	1.953827695629914	0.48820662988198205
1863.0085882619203	1.944148107529718	1.953634734592473	0.48795804321764
1864.8055882619203	1.9439608705966815	1.9534408913257149	0.4876652031644779
1866.6025882619203	1.9437736115289332	1.9532459657017271	0.48731776769741497
1868.3995882619204	1.9435863309653987	1.9530506817419566	0.4869529398190853
1870.1965882619204	1.943399029544653	1.9528558033198054	0.48660998752108053
1871.9935882619204	1.943211707898225	1.9526635252188258	0.4864018306488971
1873.7905882619202	1.943024366655207	1.9524736275839776	0.486317160553007
1875.5875882619202	1.942837006441685	1.9522828577483422	0.4861885621561868
1877.3845882619203	1.9426496278772476	1.9520910820986823	0.48600911280907155
1879.1815882619203	1.9424622315811404	1.9518982985936175	0.48577866066390474
1880.9785882619203	1.9422748181656988	1.951704718255277	0.4855080239615006
1882.7755882619203	1.9420873882410048	1.9515103945790349	0.4851999140247143
1884.5725882619204	1.9418999424141123	1.9513152871063897	0.4848522051333237
1886.3695882619204	1.9417124812858595	1.9511192675159172	0.48445824604415044
1888.1665882619204	1.941525005456749	1.9509221466194422	0.4840082479639518
1889.9635882619202	1.941337515520509	1.9507263513916482	0.48362717951297984
1891.7605882619202	1.9411500120687872	1.9505326087023607	0.4833524753490748
1893.5575882619203	1.9409624956901805	1.9503404116657417	0.48315802064100577
1895.3545882619203	1.9407749669673502	1.950148372726604	0.4829723135753694
1897.1515882619203	1.9405874264826304	1.9499549166047996	0.4827141511036359
1898.9485882619203	1.9403998748116975	1.9497608536763	0.48242524575050627
1900.7455882619204	1.9402123125283204	1.9495662369105067	0.48210828896333435
1902.5425882619204	1.9400247402032211	1.94937064577094	0.4817415661791946
1904.3395882619204	1.9398371584013694	1.9491741877945563	0.48133057729864426
1906.1365882619202	1.939649567687395	1.948977024922295	0.48088362920220007
1907.9335882619202	1.9394619686197379	1.9487784940776156	0.4803664938327179
1909.7305882619203	1.939274361754854	1.9485796102258595	0.47983145936014715
1911.5275882619203	1.9390867476458382	1.948384942787836	0.47951414000877435
1913.3245882619203	1.9388991268406555	1.9481923554506753	0.47930438883443394
1915.1215882619204	1.938711499886987	1.9479988591205952	0.4790480292787169
1916.9185882619204	1.9385238673260305	1.947804681309148	0.47875675608366475
1918.7155882619204	1.938336229697398	1.9476096205859261	0.47842013921268745
1920.5125882619204	1.938148587537628	1.9474136311426808	0.4780357741727137
1922.3095882619202	1.937960941378054	1.9472168332925455	0.47760982777649286
1924.1065882619203	1.9377732917497004	1.9470193989162832	0.47715113042114954
1925.9035882619203	1.9375856391773172	1.9468209873995517	0.4766420660588633
1927.7005882619203	1.9373979841841984	1.9466218080931854	0.4760933986865501
1929.4975882619203	1.9372103272905792	1.9464225882399095	0.4755426305317556
1931.2945882619204	1.937022669011634	1.9462248638605044	0.4750690322878892
1933.0915882619204	1.9368350098621936	1.946030709222226	0.4747796953900929
1934.8885882619204	1.936647350351374	1.9458367715952671	0.47450152668353507
1936.6855882619204	1.936459690986687	1.94564170068081	0.47416477279960123
1938.4825882619202	1.9362720322721683	1.9454455558499177	0.47377245680633173
1940.2795882619203	1.936084374707495	1.945248524855352	0.473334234167444
1942.0765882619203	1.9358967187921041	1.9450509231237938	0.4728663591826887
1943.8735882619203	1.93570906501927	1.9448525539804102	0.47235863727532745
1945.6705882619203	1.9355214138810948	1.9446533541997122	0.4718077647255736
1947.4675882619204	1.9353337658666023	1.9444528755438957	0.47119054284725514
1949.2645882619204	1.9351461214602803	1.944252669212956	0.4705870865091999
1951.0615882619204	1.9349584811463252	1.944054949417522	0.470111806523521
1952.8585882619204	1.934770845402997	1.943858780621163	0.4697163614884259
1954.6555882619202	1.9345832147074922	1.943663487642869	0.46936584926120517
1956.4525882619203	1.934395589533923	1.9434674795236149	0.4689780125004095
1958.2495882619203	1.9342079703521324	1.9432705878909589	0.46854411096115545
1960.0465882619203	1.934020357631704	1.943072872827262	0.4680672134518282
1961.8435882619203	1.933832751836257	1.9428744303809138	0.46755225011423374
1963.6405882619204	1.9336451534284904	1.9426752778290135	0.46700007933264676
1965.4375882619204	1.9334575628680415	1.942475324129217	0.4664059576150681
1967.2345882619204	1.9332699806104263	1.9422745133911499	0.46576695810898183
1969.0315882619204	1.933082407110909	1.9420723563270557	0.4650577328249028
1970.8285882619202	1.9328948428187305	1.9418727916964806	0.46448201313724624
1972.6255882619203	1.9327072881826295	1.9416768356336154	0.46409239028741833
1974.4225882619203	1.932519743649119	1.9414807991940768	0.46369800745407197
1976.2195882619203	1.932332209659507	1.94128409926843	0.4632686638546657
1978.0165882619203	1.9321446866544436	1.9410865528879824	0.4627948566844564
1979.8135882619204	1.9319571750701168	1.9408881799889792	0.46227758224188786
1981.6105882619204	1.9317696753417084	1.9406889739756596	0.4617164638104798
1983.4075882619204	1.9315821879012085	1.940489095428112	0.4611197795617361
1985.2045882619204	1.9313947131768405	1.9402884760226191	0.46048395934301656
1987.0015882619202	1.9312072515965397	1.9400868199712062	0.4597936532873659
1988.7985882619203	1.9310198035828101	1.9398850510130068	0.4590966604147928
1990.5955882619203	1.9308323695574956	1.9396840853395403	0.4584404074432058
1992.3925882619203	1.9306449499393865	1.9394862169524403	0.45794370494334213
1994.1895882619203	1.9304575451436705	1.9392900423792723	0.4575338762471848
1995.9865882619204	1.9302701555852617	1.9390928289043543	0.4570693534044379
1997.7835882619204	1.9300827816736434	1.938894630953954	0.4565529190758033
1999.5805882619204	1.9298954238179347	1.938695485377182	0.45598644624165185
2001.3775882619202	1.9297080824251218	1.938495782624087	0.45539013278741436
2003.1745882619202	1.9295207578967342	1.9382986380766998	0.4549254079823317
2004.9715882619203	1.9293334506328998	1.9381099001904325	0.4548954228028146
2006.7685882619203	1.9291461610326206	1.9379223579036746	0.45492648759990484
2008.5655882619203	1.9289588894932272	1.9377333259752616	0.45487939270387745
2010.3625882619203	1.928771636407766	1.9375459836672146	0.4549189283906241
2012.1595882619204	1.9285844021666665	1.9373603004885203	0.45504351855145675
2013.9565882619204	1.9283971871602588	1.9371758855840004	0.4552328992280419
2015.7535882619204	1.928209991773344	1.9369911912901698	0.45540680497924146
2017.5505882619202	1.9280228163903983	1.936805419349326	0.4555238083421731
2019.3475882619202	1.9278356613929017	1.936619186806678	0.45561588000866404
2021.1445882619203	1.9276485271591919	1.9364324130698203	0.4556788121314437
2022.9415882619203	1.9274614140673367	1.9362446519255854	0.4556894262134348
2024.7385882619203	1.9272743224903697	1.9360561174067643	0.4556587930381939
2026.5355882619203	1.9270872528010106	1.9358669054060553	0.4555918572074713
2028.3325882619204	1.9269002053680007	1.9356771118161564	0.4554935654532022
2030.1295882619204	1.9267131805610838	1.9354868325297658	0.45536886637829177