612.7999228970508	0.002148346105548861	0.002230976301743283	3.846223659260506
614.5969228970508	0.004307444424788434	0.0044176100345285855	2.5575631134361565
616.3939228970509	0.006861719210396648	0.007294131505756203	6.301806910203789
618.1909228970508	0.009755243522274849	0.010458478004933255	7.208784496795606
619.9879228970508	0.012926325762591586	0.013266292388337833	2.6300329419988833
621.7849228970508	0.01633616161134697	0.01603519309987117	1.842345335680018
623.5819228970508	0.019951381823201893	0.019672856507632584	1.3960201756321733
625.3789228970508	0.02375070125539396	0.02367533780569624	0.3173104191212195
627.1759228970508	0.027711973920588526	0.02783995125186998	0.4618123979482247
628.9729228970508	0.03181826516542703	0.03221351864603818	1.2422219707962645
630.7699228970508	0.036054912261010146	0.036784540259153155	2.023657672111523
632.5669228970509	0.040407977268294155	0.04154210774631616	2.8066994556342095
634.3639228970508	0.044866779476262095	0.04647783583454928	3.590755514644317
636.1609228970508	0.04942057378678455	0.051583278643586764	4.376122515559588
637.9579228970508	0.054060278807504164	0.057041277555111146	5.514212677706709
639.7549228970508	0.058777754288754966	0.06229226081264198	5.979314055827056
641.5519228970508	0.06356512487380127	0.06603082915283601	3.8790205854704274
643.3489228970508	0.06841593701980113	0.06936002990450035	1.3799312350658788
645.1459228970508	0.07332373842233342	0.07298887122107693	0.45669684669882304
646.9429228970508	0.07828287138097399	0.07781612480661852	0.5962307796350319
648.7399228970507	0.08328816680265504	0.08357357453586955	0.3426750091531927
650.5369228970508	0.08833459417756458	0.0892882755308268	1.0796238576080253
652.3339228970508	0.09341789359120878	0.09510550268809528	1.8065158954144067
654.1309228970508	0.09853381435766481	0.10103113485580217	2.5344806901237193
655.9279228970508	0.10367856269833775	0.10711786702235383	3.3172762377339904
657.7249228970508	0.10884863275507257	0.1132038658599287	4.001183105952411
659.5219228970508	0.11404060500020663	0.11907251339841901	4.412383114069995
661.3189228970508	0.11925152952040693	0.12418727502903777	4.138936857649456
663.1159228970508	0.12447846522998499	0.12830746365506449	3.076032804553841
664.9129228970507	0.12971876242156338	0.13239160602870986	2.060491140410514
666.7099228970508	0.1349699545800897	0.13661242754326472	1.2169174749187661
668.5069228970508	0.1402296344649907	0.1406746395886309	0.3173402864080854
670.3039228970508	0.14549570220082794	0.14560259569482636	0.07346848902167746
672.1009228970509	0.15076606510342916	0.15192199939314052	0.766707208892381
673.8979228970508	0.156038828634654	0.15841363662205452	1.521934000774161
675.6949228970508	0.1613122207743486	0.1648632158898036	2.2013181012629612
677.4919228970508	0.1665845126718494	0.1715261755289155	2.966459953453504
679.2889228970508	0.17185418630171026	0.17774919297597916	3.430237459516694
681.0859228970508	0.17711972927405295	0.18312008674920924	3.387740879996537
682.8829228970508	0.18237976982599197	0.18792613551892234	3.041107957435285
684.6799228970508	0.18763302096999937	0.1924180184711089	2.5501894476636977
686.4769228970508	0.19287822836710009	0.19700899412241743	2.1416443889433534
688.2739228970509	0.19811428705939552	0.20164178899559204	1.7805388942691236
690.0709228970508	0.20334009646253423	0.20630925997921323	1.4601957844679658
691.8679228970508	0.20855465880259633	0.2108894775555008	1.119523661715216
693.6649228970508	0.21375703639074353	0.21572028620427164	0.9184492106913966
695.4619228970508	0.21894631689210237	0.22166346691926492	1.2410119821753218
697.2589228970508	0.22412169609469887	0.22825591295405104	1.844630364391553
699.0559228970508	0.22928237326399203	0.23506640200829304	2.522666117748784
700.8529228970508	0.23442762487726196	0.2407759120707731	2.7079945022839613
702.6499228970508	0.23955677043674287	0.2454921130663405	2.4776351003466646
704.4469228970509	0.24466914926827554	0.25028293270404295	2.294438613350458
706.2439228970508	0.24976418073945192	0.2550931506049036	2.133600522570833
708.0409228970508	0.2548412868638933	0.25993963135596027	2.000595961042184
709.8379228970508	0.2598999479871239	0.2648124231444277	1.8901408774222528
711.6349228970508	0.2649396760086654	0.26971275228904773	1.8015709659984003
713.4319228970508	0.2699599987259851	0.2746416920785487	1.734217430233298
715.2289228970508	0.2749605036575444	0.27959304877702573	1.684803838318194
717.0259228970508	0.2799407803933287	0.2845719619327551	1.6543432982216277
718.8229228970508	0.2849004632590291	0.2897223965665752	1.6924975313788782
720.6199228970509	0.2898392098793886	0.2949489190931633	1.7629461575957794
722.4169228970508	0.294756690725017	0.2999131498092792	1.7493950931457558
724.2139228970508	0.2996526211793801	0.3047981653053612	1.7171697366534566
726.0109228970508	0.30452671827655575	0.30973484517379973	1.710236437288315
727.8079228970508	0.30937873391119114	0.3146908369467045	1.7170226823147727
729.6049228970508	0.3142084368496219	0.31966737807556883	1.7373630322216727
731.4019228970508	0.31901560586615973	0.3246656307261832	1.77108102429131
733.1989228970508	0.3238000545295415	0.32968625821858943	1.8178513581784683
734.9959228970508	0.32856159763296294	0.3347299446950218	1.8773791905375203
736.7929228970509	0.3333000766905504	0.3398841757889633	1.9754268177159195
738.5899228970508	0.3380153460827767	0.34492140984290953	2.043121367170575
740.3869228970508	0.3427072686141885	0.3494355466983206	1.9632726528793443
742.1839228970508	0.3473757330007718	0.35353426637454666	1.7728738045617032
743.9809228970507	0.3520206289727718	0.35733285602201564	1.5090669727923167
745.7779228970508	0.3566418672823068	0.36126842557190036	1.2972560750786233
747.5749228970508	0.36123936821862146	0.36556017077103165	1.196105112717194
749.3719228970508	0.3658130589060414	0.3704316788069857	1.2625628824613822
751.1689228970508	0.3703628862112929	0.3755368930470627	1.3970100753610826
752.9659228970509	0.3748887978018912	0.3805816091440726	1.518533329232663
754.7629228970508	0.3793907577675512	0.38564487155508514	1.6484623464037451
756.5599228970508	0.38386873727959775	0.3907272094718573	1.78667120455398
758.3569228970508	0.38832271304554916	0.3959525370433549	1.9648152790153084
760.1539228970507	0.39275267680325815	0.40078761663185664	2.045801417318782
761.9509228970508	0.39715862092217996	0.4047876290294535	1.9208970183145935
763.7479228970508	0.4015405505829302	0.4086435877772546	1.768946419984907
765.5449228970508	0.40589847620323544	0.41254417989170084	1.6372822461983905
767.3419228970508	0.41023241266839455	0.41645287524167746	1.5163264484201466
769.1389228970509	0.41454238626923007	0.4203617915738258	1.4038143015890014
770.9359228970508	0.41882842379333957	0.4242695816060444	1.2991376667858656
772.7329228970508	0.423090561983638	0.42824936527788576	1.2193141983742217
774.5299228970508	0.4273288414290028	0.4324643559022836	1.201771089474657
776.3269228970507	0.43154330630137605	0.4373717827684876	1.3506121823706696
778.1239228970508	0.43573400937453227	0.4424812667485418	1.5484807769985176
779.9209228970508	0.4399010038109897	0.44731797109053095	1.6860537291994993
781.7179228970508	0.444044350455513	0.45164929024775363	1.7126532033206354
783.5149228970508	0.4481641129472365	0.45553615196661423	1.6449418430443785
785.3119228970509	0.45226035777247414	0.4594643466328796	1.592885322933757
787.1089228970508	0.4563331578426094	0.4634172085738727	1.5523857097639704
788.9059228970508	0.460382586370863	0.4673742077376009	1.5186546089529518
790.7029228970508	0.4644087224352706	0.47133653433194966	1.4917488759364828
792.4999228970507	0.46841164711282646	0.4753053051370643	1.4717093536697146
794.2969228970508	0.47239144371353126	0.47928161806904135	1.4585730641828443
796.0939228970508	0.4763482002768165	0.4832804167078153	1.4552834306858387
797.8909228970508	0.480282005073764	0.4873123340593902	1.4637918788038773
799.6879228970508	0.4841929507821648	0.49103449862699194	1.412979646600676
801.4849228970509	0.4880811314781153	0.49450421332084477	1.3159865088981482
803.2819228970508	0.49194664295728	0.4982526537784439	1.281848532039187
805.0789228970508	0.49578958442117327	0.5021705489825192	1.2870307811721604
806.8759228970508	0.49961005524601987	0.5061302263877132	1.305052024720088
808.6729228970507	0.5034081580403658	0.5101044150378609	1.3301844418973863
810.4699228970508	0.50718399635731	0.5140747589858344	1.3586317151201843
812.2669228970508	0.5109376750367672	0.5180502551759131	1.392064137496618
814.0639228970508	0.5146693012937861	0.5220317679144668	1.4305237561620388
815.8609228970508	0.518378982471907	0.5260201548189339	1.4740513418560752
817.6579228970509	0.5220668282028489	0.530071796710074	1.5333225699823316
819.4549228970508	0.5257329487218966	0.5340611691641436	1.5841161301557438
821.2519228970508	0.5293774551873659	0.5375061746189366	1.535524294039603
823.0489228970508	0.5330004603291857	0.5406740297697253	1.4396928354996952
824.8459228970507	0.5366020769681125	0.5438801981123941	1.3563348814086051
826.6429228970508	0.5401824194496944	0.5470793129436388	1.276771187957304
828.4399228970508	0.5437416024705806	0.5502825832756121	1.2029575767812162
830.2369228970508	0.5472797413465702	0.5534499953359603	1.1274405981497315
832.0339228970508	0.5507969523364187	0.5567544597054136	1.0816158919768615
833.8309228970508	0.5542933517588577	0.5605847204618898	1.1350251059423
835.6279228970508	0.5577690568360316	0.5646213479011303	1.2285176061878733
837.4249228970508	0.561224184958073	0.5686940457957177	1.3309941085669186
839.2219228970508	0.5646588538803635	0.5726060462432141	1.4074325246539843
841.0189228970507	0.568073181814473	0.5762592085862192	1.4410162341407018
842.8159228970508	0.5714672870066531	0.5795133869242035	1.4079720922777428
844.6129228970508	0.5748412881104307	0.5826964991243235	1.3665008370769227
846.4099228970508	0.5781953038138468	0.5859232719147921	1.336567082086404
848.2069228970508	0.5815294529565135	0.5891495635015732	1.310356768056864
850.0039228970508	0.5848438544604084	0.5923761646651802	1.2879181592360567
851.8009228970508	0.5881386272617947	0.5956038954193398	1.2693041761771884
853.5979228970508	0.591413890301442	0.5988335094340391	1.2545561161600993
855.3949228970508	0.5946697624587326	0.6020657564639723	1.2437144903181485
857.1919228970507	0.5979063625820882	0.60533385868812	1.242250721995286
858.9889228970508	0.601123809316661	0.6085123390240232	1.229119458063277
860.7859228970508	0.6043222213049607	0.6114270165222568	1.175663407172789
862.5829228970508	0.6075017170270401	0.6144635813670453	1.1459826606045942
864.3799228970508	0.6106624143648965	0.6177138412246806	1.154717679344608
866.1769228970508	0.6138044296438252	0.6209575903157729	1.165381076851868
867.9739228970508	0.6169278820803281	0.6241888078594033	1.1769488768429204
869.7709228970508	0.6200328915567445	0.6274199882854633	1.1914040092569467
871.5679228970507	0.6231195733571243	0.6306518614942593	1.2088030065487976
873.3649228970507	0.6261880438065256	0.6338851183712557	1.2291953896054197
875.1619228970508	0.6292384196705195	0.6371204573350536	1.252631342609578
876.9589228970508	0.632270816784502	0.6403662030381515	1.2803668995541528
878.7559228970508	0.635285350894244	0.6436545615497001	1.317393930723476
880.5529228970508	0.638282137504829	0.6466759839611979	1.3150683629001403
882.3499228970509	0.6412612916775793	0.649373375689219	1.2650200654429122
884.1469228970508	0.6442229277867422	0.652047181476294	1.2145258034252926
885.9439228970508	0.6471671596812951	0.654725070273646	1.1678451972243042
887.7409228970507	0.6500941011905418	0.6574050581196121	1.1245997949653086
889.5379228970507	0.653003865200229	0.6600643564304736	1.081232685824851
891.3349228970508	0.6558965643946553	0.6627413940790754	1.0435837075526422
893.1319228970508	0.6587723109616108	0.6656063137336948	1.0373846408493481
894.9289228970508	0.6616312162893413	0.6686564137054942	1.0617995709985895
896.7259228970509	0.6644733916259443	0.6718800401702787	1.1146644301603281
898.5229228970509	0.6672989484817784	0.6750962228969775	1.168482946502336
900.3199228970508	0.670107996745638	0.6781829300525849	1.205019690283149
902.1169228970508	0.6729006425505308	0.6809968190413112	1.2031756219005763
903.9139228970507	0.6756769960601756	0.6836547889796086	1.180711044767091
905.7109228970508	0.6784371686596533	0.6863519800812049	1.1666240865293886
907.5079228970508	0.6811812664149068	0.6890473856221199	1.154776209365349
909.3049228970508	0.6839093962128523	0.6917413878707801	1.1451797125902052
911.1019228970508	0.6866216648710561	0.6944345139564457	1.1378681281279945
912.8989228970509	0.6893181781948569	0.6971273034410514	1.1328767314166432
914.6959228970509	0.6919990419542035	0.6998203167339434	1.1302435849698034
916.4929228970508	0.6946643604875742	0.7025294989949621	1.132221394209365
918.2899228970508	0.697314238121126	0.7052272154012899	1.1347792498092257
920.0869228970507	0.6999487785713548	0.7077681066814993	1.1171286170545525
921.8839228970508	0.7025680855641625	0.7101598247294442	1.0805698865734126
923.6809228970508	0.7051722636238439	0.7124080115283773	1.026096498371798
925.4779228970508	0.7077614106458887	0.7147999594229385	0.9944804380654926
927.2749228970508	0.710335626733753	0.7174395803277546	1.0000840907652186
929.0719228970509	0.7128950145752933	0.7201306018912191	1.014958327382387
930.8689228970508	0.7154396740259782	0.7228351148322231	1.0336917387637534
932.6659228970508	0.7179697045821944	0.7255313528153462	1.0531987888753758
934.4629228970508	0.7204852045678176	0.7282275995263254	1.0746084596077399
936.2599228970507	0.722986272154673	0.7309243220883563	1.0979530648660862
938.0569228970508	0.7254730047779868	0.7336584280693517	1.1282877843083794
939.8539228970508	0.7279454989957272	0.7363132475191262	1.1495020623031538
941.6509228970508	0.7304038513002445	0.7386684091312257	1.1315052373106704
943.4479228970508	0.7328481568646544	0.7409431676936753	1.1045959184306176
945.2449228970509	0.7352785107260621	0.7432309657220958	1.0815568359506367
947.0419228970508	0.7376950071620958	0.7455161194274623	1.0602094618281654
948.8389228970508	0.740097739588657	0.7478007619492336	1.040811496716354
950.6359228970508	0.7424868013544906	0.7500837895404857	1.0231815800814559
952.4329228970507	0.7448622844770308	0.7523656203452588	1.0073453878116645
954.2299228970508	0.7472242808585112	0.7546466476445246	0.9933251603502002
956.0269228970508	0.749572881628261	0.7569063849467121	0.9783576084717804
957.8239228970508	0.7519081770753293	0.7592102840990079	0.9711434515955686
959.6209228970508	0.7542302574202876	0.7617132003048825	0.9921297655425709
961.4179228970509	0.7565392115530056	0.7641617474942025	1.0075533197479114
963.2149228970508	0.7588351282676864	0.7664579650760361	1.0045445346938076
965.0119228970508	0.7611180955756287	0.7687475839897657	1.0024053374223074
966.8089228970508	0.763388200673864	0.7710453724815293	1.0030508463329646
968.6059228970507	0.7656455306899533	0.7733411449872634	1.005114506496918
970.4029228970508	0.7678901714287221	0.775635334505853	1.0086290156208655
972.1999228970508	0.7701222086186315	0.7779282986794277	1.0136170562848656
973.9969228970508	0.7723417271996297	0.7802203897832974	1.0201005987640066
975.7939228970508	0.7745488113280617	0.7825119857491611	1.028104917938677
977.5909228970509	0.7767435450839189	0.7848237441255888	1.0402660045017775
979.3879228970508	0.7789260112476999	0.7870552217636434	1.043643478142675
981.1849228970508	0.781096292536062	0.789157281176686	1.0320095892980996
982.9819228970507	0.7832544708765279	0.7911666601218565	1.0101684113560605
984.7789228970507	0.7854006274488936	0.7931232594481289	0.983272960236814
986.5759228970508	0.787534843340888	0.7950905850994907	0.9594168210449894
988.3729228970508	0.7896571983853046	0.7970521496856398	0.9364761462893556
990.1699228970508	0.791767772352986	0.799013257595546	0.9151023185785645
991.9669228970508	0.793866644229289	0.8009980423816784	0.8983118517736477
993.7639228970509	0.7959538922874194	0.8030634351477323	0.8932103893457111
995.5609228970508	0.7980295946943528	0.805330125350239	0.914819538576439
997.3579228970508	0.8000938284026936	0.8076635638661558	0.9461059684180206
999.1549228970507	0.8021466703071384	0.809967725250931	0.9750155717529907
1000.9519228970507	0.804188196526321	0.8120887726353302	0.9824287577379964
1002.7489228970508	0.8062184825029799	0.8140679315739794	0.9736131385415847
1004.5459228970508	0.808237603560376	0.8160539863525248	0.9670897218487129
1006.3429228970508	0.8102456338527556	0.8180344431717552	0.961289884644434
1008.1399228970508	0.8122426474792562	0.820014971431329	0.9568968061691496
1009.9369228970509	0.8142287177725716	0.8219936359242224	0.9536531913161506
1011.7339228970508	0.8162039174259927	0.8239707030369945	0.9515741648845832
1013.5309228970508	0.8181683190010997	0.8259464801726003	0.9506798284486306
1015.3279228970507	0.8201219939367129	0.827924345838942	0.9513647920569301
1017.1249228970507	0.8220650136192237	0.8299008914103306	0.9531944142238569
1018.9219228970508	0.8239974486798537	0.8318519135124727	0.9532147029341909
1020.7189228970508	0.8259193691464791	0.8337390114183933	0.9467803473352632
1022.5159228970508	0.8278308449041081	0.8354806475325262	0.9240779895443696
1024.3129228970508	0.8297319447615021	0.8371739475758824	0.8969165115752409
1026.1099228970509	0.8316227374775622	0.8388836828258679	0.8731056789439418
1027.9069228970507	0.8335032910687418	0.8406372128561926	0.8558960551077854
1029.7039228970507	0.8353736729832694	0.8424662112133826	0.8490258263448291
1031.5009228970507	0.8372339505160955	0.8444283847966263	0.8593099068779919
1033.2979228970507	0.839084189933151	0.8464303600825202	0.8754985777951863
1035.0949228970508	0.8409244574531919	0.8484137231175005	0.890599101730305
1036.8919228970508	0.8427548185680807	0.8504091011462681	0.9082454836855991
1038.6889228970508	0.8445753382350104	0.8523812061179064	0.9242358294771602
1040.4859228970508	0.8463860812489699	0.854249054990204	0.9290055585071899
1042.2829228970509	0.8481871114200649	0.8560393300765916	0.9257649109263522
1044.079922897051	0.8499784925133756	0.8577715709527183	0.9168559567076517
1045.876922897051	0.8517602875797753	0.8594958832432614	0.9081892847418782
1047.6739228970507	0.8535325591697815	0.8612243599781737	0.9011725124901782
1049.4709228970507	0.8552953696637474	0.8629510049921675	0.8950867267561335
1051.2679228970508	0.8570487805029517	0.8646758994704632	0.8899282212426085
1053.0649228970508	0.8587928530856934	0.8663991756030756	0.8856993266830315
1054.8619228970508	0.8605276481112253	0.8681252832083145	0.8829042406441223
1056.6589228970508	0.8622532258104494	0.8698432797402416	0.8802581077801186
1058.4559228970509	0.863969646236911	0.8715160496536339	0.8734570073835268
1060.2529228970507	0.8656769685489427	0.8731490362033489	0.8631473316115912
1062.0499228970507	0.8673752518639328	0.874744391843995	0.8495907583512929
1063.8469228970507	0.8690645546158672	0.8762734045672409	0.8294953364609503
1065.6439228970507	0.8707449348010733	0.8778176969205601	0.812265663205114
1067.4409228970508	0.8724164502322086	0.8795239570975774	0.8146919815045894
1069.2379228970508	0.8740791578693391	0.8812831778615672	0.824183934300482
1071.0349228970508	0.875733114633498	0.8830196514910302	0.8320499403042136
1072.8319228970508	0.8773783767782899	0.8847546137854528	0.8407133344507933
1074.6289228970509	0.8790150001489916	0.8864882741929482	0.8501873167909402
1076.425922897051	0.8806430404017159	0.8882263547330214	0.8611110272155553
1078.222922897051	0.8822625523812515	0.8899496942844699	0.8712986720869731
1080.0199228970507	0.8838735908951502	0.8916382545603687	0.8784812381773754
1081.8169228970507	0.8854762100997703	0.8932307457540574	0.8757474865884074
1083.6139228970508	0.8870704637709933	0.8947457686824831	0.8652418522494321
1085.4109228970508	0.8886564054905606	0.8962690073882049	0.8566417628466994
1087.2079228970508	0.8902340880696101	0.897792792943195	0.8490693599449983
1089.0049228970508	0.8918035642837421	0.899314630570869	0.8422332661520038
1090.8019228970509	0.89336488627435	0.9008346795396859	0.8361413550164842
1092.5989228970507	0.8949181058285405	0.9023530997790501	0.8308016009605845
1094.3959228970507	0.89646327453526	0.9038700689186864	0.8262239618534561
1096.1929228970507	0.898000443250564	0.9053893404049039	0.822816648908753
1097.9899228970507	0.8995296627965211	0.9069098366729982	0.8204480832275207
1099.7869228970508	0.9010509833766389	0.9083685010849382	0.8121091750965315
1101.5839228970508	0.9025644548659691	0.9097740100746876	0.798785634626964
1103.3809228970508	0.9040701269385039	0.9111828249515139	0.7867418467963461
1105.1779228970508	0.9055680485717035	0.9126378281425894	0.7807010839258943
1106.9749228970509	0.9070582687105515	0.9141730862991787	0.7843837418230359
1108.771922897051	0.9085408356981037	0.9157162070456939	0.78976872207146
1110.568922897051	0.9100157975726132	0.9172494934057078	0.794897830607999
1112.3659228970507	0.9114832021683766	0.918781122349808	0.8006642540498765
1114.1629228970507	0.9129430966589124	0.9203113871617983	0.8070919786623776
1115.9599228970508	0.9143955281865781	0.921840554257447	0.8142019335586559
1117.7569228970508	0.9158405433076383	0.923380800456689	0.8233155000780368
1119.5539228970508	0.9172781882959427	0.9249018360887744	0.831116218624417
1121.3509228970509	0.9187085092192178	0.926307487163175	0.8271369936929451
1123.1479228970506	0.9201315515173513	0.9276607999309079	0.8182795602585946
1124.9449228970507	0.9215473606004194	0.9290179051016907	0.810652259521838
1126.7419228970507	0.9229559813091596	0.9303718836403846	0.803494693290352
1128.5389228970507	0.9243574582233068	0.9317249869980623	0.7970432552052431
1130.3359228970508	0.9257518357149295	0.9330762879760268	0.7911896016323805
1132.1329228970508	0.9271391575614175	0.9344259576981647	0.7859445992889569
1133.9299228970508	0.9285194675114623	0.935774163121522	0.7813186329310939
1135.7269228970508	0.9298928087593025	0.937123770149111	0.7776123572195592
1137.5239228970509	0.9312592242584098	0.9384681868173597	0.7741091171140413
1139.3209228970509	0.9326187567534371	0.9397905899201192	0.7689994560744484
1141.117922897051	0.9339714484252315	0.9410784133052412	0.7609402719957581
1142.914922897051	0.935317341427048	0.9423226264837286	0.7489741445392495
1144.711922897051	0.9366564773732187	0.9436293155330275	0.7444392184596582
1146.5089228970508	0.9379888976561975	0.9450069077548411	0.7481975656833395
1148.3059228970508	0.9393146434588814	0.9463770131205446	0.7518641076069255
1150.1029228970508	0.9406337554300496	0.9477422144392292	0.7557095381857559
1151.8999228970508	0.9419462741919061	0.9491059540230949	0.7600942885337192
1153.6969228970506	0.9432522398421509	0.9504682787252092	0.7650168828929438
1155.4939228970507	0.9445516922749378	0.9518292753518092	0.7704801268571648
1157.2909228970507	0.9458446711750987	0.953197445652302	0.7773765292844903
1159.0879228970507	0.947131215720736	0.9545400049510466	0.7822347217933068
1160.8849228970507	0.948411365064343	0.9558237102890167	0.7815538170159897
1162.6819228970508	0.9496851578497219	0.9570644125613978	0.7770211686138451
1164.4789228970508	0.9509526325332434	0.9582761988010112	0.7701294488515975
1166.2759228970508	0.9522138273613752	0.9594885655638832	0.763981575720929
1168.0729228970508	0.9534687801017724	0.9607009006318992	0.7585062753029836
1169.8699228970509	0.9547175284974161	0.9619114817838125	0.7535164141920125
1171.6669228970509	0.955960109797172	0.963120422836829	0.7490179732683622
1173.463922897051	0.9571965610779394	0.9643278244883949	0.7450155694693095
1175.260922897051	0.9584269192070689	0.9655337924644489	0.741514362228024
1177.0579228970507	0.959651220597762	0.966741097825153	0.7387972916842456
1178.8549228970508	0.9608695016393475	0.967953191286324	0.7372166183744033
1180.6519228970508	0.9620817982414595	0.9690966257734475	0.7291300536825585
1182.4489228970508	0.9632881461566493	0.9701831774994244	0.715780773415009
1184.2459228970508	0.964488580928885	0.9713356885332703	0.7099210648809251
1186.0429228970506	0.9656831376720494	0.9725368064924741	0.7097223253733853
1187.8399228970507	0.9668718514769282	0.9737613244560019	0.7125528547087034
1189.6369228970507	0.9680547569686146	0.9749897105894243	0.716380305027986
1191.4339228970507	0.969231888628875	0.9762128529750425	0.720257394341739
1193.2309228970507	0.9704032807318838	0.9774345465647483	0.7245715232497618
1195.0279228970508	0.9715689671446636	0.978655510077226	0.7293916512575382
1196.8249228970508	0.9727289817118631	0.9798769887964419	0.7348405587751072
1198.6219228970508	0.9738833578260976	0.9810877910524582	0.7397634602199554
1200.4189228970508	0.975032128749535	0.9822728450299159	0.7426130962132405
1202.2159228970509	0.97617532753799	0.9833931826575374	0.7394015107666796
1204.0129228970509	0.9773129868619052	0.9844806635360385	0.7334064696252973
1205.809922897051	0.9784451393700236	0.9855756671049317	0.7287611178179221
1207.606922897051	0.979571817272371	0.986669055035361	0.7245244950750296
1209.4039228970507	0.9806930526605745	0.9877608820139356	0.7206974021266355
1211.2009228970508	0.9818088774213677	0.9888510782099823	0.7172679887668565
1212.9979228970508	0.9829193230767882	0.9899397899019753	0.7142464961632067
1214.7949228970508	0.9840244211278024	0.9910271936606717	0.7116462134997947
1216.5919228970508	0.985124202649629	0.9921173052457753	0.7098701440221733
1218.3889228970506	0.9862186986103535	0.9932017114023963	0.7080592572298983
1220.1859228970507	0.9873079397748261	0.9942469943142813	0.7028257608297617
1221.9829228970507	0.9883919565628136	0.9952555528978082	0.6944204967898715
1223.7799228970507	0.9894707793735813	0.9962300782138159	0.6831226329405915
1225.5769228970507	0.9905444381936284	0.9972359029376167	0.6755340281543676
1227.3739228970508	0.9916129629124515	0.9982960710954434	0.6739633741135176
1229.1709228970508	0.9926763832174376	0.9993903509969003	0.6763501069403599
1230.9679228970508	0.9937347284705367	1.0005000950196405	0.6808020647035784
1232.7649228970508	0.9947880280139203	1.0016030611558706	0.6850739001711181
1234.5619228970509	0.9958363107884115	1.0027046920385874	0.6897098625313403
1236.358922897051	0.9968796056481364	1.0038050258753357	0.6947097912286759
1238.155922897051	0.997917941247759	1.0049133753423243	0.7010029387605199
1239.952922897051	0.9989513459333417	1.0059970170491164	0.7053067343526953
1241.7499228970507	0.9999798480315317	1.0070086748944749	0.7028968510494948
1243.5469228970508	1.0010034754803474	1.0080011579159236	0.699066747217647
1245.3439228970508	1.00202225614004	1.00899448582582	0.6958158507015755
1247.1409228970508	1.0030362176734156	1.0099862964787036	0.6929040729365843
1248.9379228970506	1.0040453874512731	1.0109768877910763	0.6903572713379491
1250.7349228970506	1.0050497928254678	1.0119659132149361	0.688137089210783
1252.5319228970507	1.0060494607705595	1.0129535044832658	0.6862529112056093
1254.3289228970507	1.007044418192059	1.0139397541870758	0.6847102144109884
1256.1259228970507	1.0080346918004772	1.0149268397807574	0.6837213080404858
1257.9229228970507	1.0090203080301385	1.0159082587402302	0.6826374707500804
1259.7199228970508	1.01000129329687	1.0168772159893689	0.680783553262021
1261.5169228970508	1.0109776736504772	1.0178081029574106	0.6756261275552955
1263.3139228970508	1.0119494750796825	1.0186979105115535	0.6668747400990105
1265.1109228970508	1.0129167233805711	1.0195859566541907	0.6584187149523357
1266.9079228970509	1.013879444088085	1.020474958537355	0.6505225535174075
1268.704922897051	1.0148376627190885	1.0213552309160667	0.6422276622563894
1270.501922897051	1.0157914044353622	1.02229151100188	0.6399056477674137
1272.298922897051	1.016740694345027	1.0232979518187937	0.6449291850161298
1274.0959228970507	1.0176855573660264	1.024303205555166	0.6502645282956854
1275.8929228970508	1.0186260181694162	1.025302482521995	0.6554382308609163
1277.6899228970508	1.0195621014085676	1.0263050867723975	0.6613609268640186
1279.4869228970508	1.0204938313923813	1.0272840262060658	0.6653832296487305
1281.2839228970506	1.021421232383007	1.028228257137126	0.6664267922293021
1283.0809228970506	1.0223443284549527	1.0291456670185997	0.6652688702176945
1284.8779228970507	1.0232631434493529	1.0300482841806657	0.663088549094093
1286.6749228970507	1.0241777011900317	1.0309532168621511	0.6615566482502722
1288.4719228970507	1.0250880251666206	1.0318567188937484	0.6603036579251542
1290.2689228970507	1.025994138828435	1.0327588627479347	0.6593335832526526
1292.0659228970508	1.026896065439776	1.0336596502324202	0.6586435590000717
1293.8629228970508	1.027793828044391	1.034559117466327	0.65823409689163
1295.6599228970508	1.0286874496697291	1.0354572911116229	0.6581047959773656
1297.4569228970508	1.0295769530140573	1.0363583064867323	0.6586543582607352
1299.2539228970509	1.0304623607435035	1.0372554308790893	0.6592254500867423
1301.050922897051	1.0313436953442376	1.038105162267768	0.6555978335886836
1302.847922897051	1.0322209790956869	1.0389217137816575	0.6491569946428521
1304.644922897051	1.0330942342619438	1.0397386207711365	0.6431539630012084
1306.4419228970507	1.0339634827884494	1.0405529885793576	0.6373054658697752
1308.2389228970508	1.0348287465925696	1.0413666450491974	0.6317855469472944
1310.0359228970508	1.0356900474120083	1.0421786937738038	0.6265046553270759
1311.8329228970508	1.0365474067874951	1.0429889732020474	0.6214444580510126
1313.6299228970506	1.037400846243429	1.0437880675211817	0.6156946276727693
1315.4269228970506	1.0382503869990816	1.0446343174936006	0.6148738853804625
1317.2239228970507	1.0390960502500612	1.0455445640613659	0.6205888098364643
1319.0209228970507	1.0399378569491444	1.0464515318283658	0.6263523186212705
1320.8179228970507	1.0407758281325934	1.0473345646705652	0.630177638708207
1322.6149228970507	1.0416099851203018	1.0481718202822219	0.6299704549358909
1324.4119228970508	1.0424403475702786	1.048997395124641	0.6290093787760132
1326.2089228970508	1.043266935651218	1.0498268972888072	0.6287903328877631
1328.0059228970508	1.0440897702285339	1.050655113112128	0.6288101914988742
1329.8029228970508	1.0449088715108865	1.0514820060732852	0.629062949087067
1331.5999228970509	1.0457242595947518	1.0523074659606693	0.629535587944452
1333.396922897051	1.0465359543298007	1.0531316461829172	0.6302403492042918
1335.193922897051	1.0473439755507572	1.0539546454281747	0.6311842175767746
1336.9909228970507	1.0481483429201337	1.0547800939240075	0.6327111089445392
1338.7879228970507	1.0489490759358426	1.055597493907891	0.6338170388411557
1340.5849228970508	1.0497461940175319	1.0563860726090666	0.6325222829456356
1342.3819228970508	1.0505397167179054	1.0571532559456263	0.6295372866418569
1344.1789228970508	1.0513296633087141	1.0579038885502938	0.6253248120945631
1345.9759228970506	1.0521160521085822	1.0586521948049412	0.621237807679087
1347.7729228970506	1.0528989020368318	1.059400641801359	0.617508457075
1349.5699228970507	1.0536782322827205	1.060147796480266	0.6139980877776674
1351.3669228970507	1.0544540613789253	1.0608936708957148	0.6107055539592121
1353.1639228970507	1.0552264078977989	1.0616382943988416	0.6076313531440558
1354.9609228970508	1.0559952902485894	1.0623817179515531	0.6047780479646159
1356.7579228970508	1.0567607266948582	1.0631239658564564	0.6021456892611798
1358.5549228970508	1.0575227354766794	1.0638672232221575	0.599938661613586
1360.3519228970508	1.058281334584448	1.064597969076778	0.5968766797545655
1362.1489228970509	1.0590365419969583	1.0653145007171836	0.5927990651188875
1363.9459228970509	1.0597883755323618	1.0660599375764648	0.5917749419503293
1365.742922897051	1.060536852871824	1.0668283569766313	0.5932376689947727
1367.539922897051	1.0612819916704987	1.0675909799197854	0.5944686048385606
1369.3369228970507	1.0620238093458678	1.0683520532586395	0.5958664821902104
1371.1339228970508	1.0627623233043495	1.0691118153497927	0.5974517449679029
1372.9309228970508	1.0634975507950752	1.06987038245359	0.5992333178153952
1374.7279228970508	1.0642295089386826	1.0706278257110862	0.6012158767129572
1376.5249228970508	1.0649582148275856	1.071385702396347	0.6035436394846716
1378.3219228970506	1.0656836853277767	1.0721386691184012	0.6057129220889745
1380.1189228970507	1.066405937294721	1.072880782958035	0.6071651926225607
1381.9159228970507	1.06712498742989	1.0735927734405195	0.6060945144023666
1383.7129228970507	1.0678408523144247	1.074282473369819	0.6032379302058688
1385.5099228970507	1.0685535484993665	1.0749748606212635	0.6009349864510627
1387.3069228970508	1.069263092319597	1.0756663519598333	0.5988479062103869
1389.1039228970508	1.0699695001000622	1.0763565979272425	0.5969420461595432
1390.9009228970508	1.0706727880151217	1.0770455688158451	0.5952127365203452
1392.6979228970508	1.0713729721264504	1.077733311329295	0.5936624656696976
1394.4949228970509	1.0720700684638507	1.0784199219801343	0.5922983677160376
1396.2919228970509	1.072764092851083	1.079106717389299	0.5912413158198682
1398.088922897051	1.0734550611023672	1.0797924263183665	0.590370798521489
1399.885922897051	1.0741429888825431	1.0804605971576964	0.588153378138756
1401.6829228970507	1.0748278917571927	1.0811094735424922	0.5844267564577343
1403.4799228970508	1.075509785264484	1.0817420814581589	0.5794736857872795
1405.2769228970508	1.0761886847327788	1.0823679278089258	0.5741784097721858
1407.0739228970508	1.0768646054796485	1.0829946803210182	0.5692521427649089
1408.8709228970506	1.077537562652175	1.0836215744548494	0.5646217833649825
1410.6679228970506	1.078207571338284	1.084262991803907	0.5616191748780919
1412.4649228970507	1.0788746466196206	1.0849542638193517	0.563514697354317
1414.2619228970507	1.0795388033406883	1.0856607456039213	0.5670886719669976
1416.0589228970507	1.0802000563431817	1.086359615541846	0.5702239286596855
1417.8559228970507	1.0808584203361555	1.087061434385264	0.5738970000510601
1419.6529228970508	1.0815139099348794	1.0877554798697031	0.5771141616846664
1421.4499228970508	1.0821665397184637	1.0884128657626817	0.5772056162301142
1423.2469228970508	1.0828163240871804	1.0890552853125242	0.5761790884158735
1425.0439228970508	1.0834632774331492	1.089697536834325	0.5754010801312326
1426.8409228970509	1.0841074140107836	1.090338353769551	0.5747529883330715
1428.6379228970509	1.0847487479880442	1.0909783759162248	0.5742922441473342
1430.434922897051	1.085387293495308	1.0916171543730293	0.5739758439274878
1432.231922897051	1.086023064492149	1.0922547682679324	0.5738095238978724
1434.0289228970507	1.0866560749304846	1.092891279514465	0.5737974256831313
1435.8259228970508	1.0872863386284768	1.093527620569492	0.5740237616604249
1437.6229228970508	1.0879138693228518	1.0941614803120536	0.5742744132024358
1439.4199228970508	1.0885386807111412	1.094789889367029	0.5742752891246594
1441.2169228970506	1.0891607863288038	1.0954010037037416	0.5729381238532616
1443.0139228970506	1.0897801997041061	1.0959869799595083	0.5695442307620757
1444.8109228970507	1.090396934064927	1.0965692192446959	0.566058559680549
1446.6079228970507	1.0910110031809268	1.0971526655202912	0.5629331254641601
1448.4049228970507	1.0916224217643182	1.0977349537004768	0.5599492841379394
1450.2019228970507	1.0922312014445006	1.0983161132473844	0.5571084029495132
1451.9989228970508	1.092837354177311	1.0988961715290768	0.5544116266346766
1453.7959228970508	1.0934408932147845	1.0994751594887642	0.5518603073494388
1455.5929228970508	1.0940418316980187	1.1000530836733637	0.5494535767444297
1457.3899228970508	1.0946401830369459	1.1006293697895466	0.5471374836601095
1459.1869228970509	1.0952359600262425	1.101205834491911	0.5450765573407068
1460.983922897051	1.0958291753548777	1.101784574335424	0.543460524184125
1462.780922897051	1.0964198397852507	1.1023744824004889	0.5430987655608677
1464.577922897051	1.0970079664166763	1.102973647611702	0.5438138443526919
1466.3749228970507	1.0975935705970026	1.103570454884963	0.5445443967669661
1468.1719228970508	1.0981766638601353	1.104165770128183	0.5453681966793855
1469.9689228970508	1.0987572578971552	1.1047600711506103	0.5463275177761684
1471.7659228970508	1.0993353647786193	1.1053533238251454	0.5474179435442705
1473.5629228970506	1.0999109965777512	1.1059455176996245	0.5486372207068602
1475.3599228970506	1.1004841654534048	1.106536614412955	0.5499805585168493
1477.1569228970507	1.1010548833904525	1.1071279015355293	0.5515636174625804
1478.9539228970507	1.1016231623674286	1.1077193913986885	0.5533860615420272
1480.7509228970507	1.1021890142430697	1.1082887701270259	0.5534219453407596
1482.5479228970507	1.102752450818908	1.1088364716804548	0.5517122956316234
1484.3449228970508	1.103313483853215	1.1093819567657173	0.5500225458415109
1486.1419228970508	1.103872124977246	1.1099259627563307	0.5484183939520548
1487.9389228970508	1.1044283858160973	1.1104693475083374	0.5469763155151242
1489.7359228970508	1.1049822778770442	1.1110115754731011	0.5456465426432633
1491.5329228970509	1.1055338126147056	1.111552683288224	0.54443117024916
1493.329922897051	1.1060830014413783	1.1120928747422907	0.5433474063954336
1495.126922897051	1.106629855641434	1.112632299722591	0.5424075674949069
1496.9239228970507	1.1071743864943768	1.1131709411112227	0.5416088639688121
1498.7209228970507	1.1077166051946188	1.1137060619414954	0.5407029847516176
1500.5179228970508	1.108256522858298	1.11423254840828	0.5392276451095857
1502.3149228970508	1.1087941505267331	1.1147372838427412	0.5359996996002314
1504.1119228970508	1.1093294991711682	1.11523224333307	0.5321001709872375
1505.9089228970506	1.1098625797570139	1.115729129024456	0.5285833917138216
1507.7059228970506	1.110393403123588	1.1162249038099852	0.5251742913811253
1509.5029228970507	1.1109219800674517	1.1167195774835774	0.5218725995297824
1511.2999228970507	1.1114483213410653	1.1172101854043606	0.5184104337251583
1513.0969228970507	1.111972437585897	1.1177119120840797	0.5161525865374106
1514.8939228970507	1.1124943394378757	1.1182540515836006	0.5177295687306849
1516.6909228970508	1.1130140374237538	1.1188102813076524	0.5207700612038124
1518.4879228970508	1.1135315420279672	1.1193663532105653	0.5239915496216385
1520.2849228970508	1.1140468636900884	1.119901458547605	0.5255250069215567
1522.0819228970508	1.114560012744765	1.1204239225627701	0.5261188048155896
1523.8789228970509	1.1150709995212835	1.1209349573354477	0.5258820125966457
1525.675922897051	1.1155798342411656	1.1214431829259592	0.525587546926376
1527.472922897051	1.1160865270874616	1.1219515531083841	0.5254992223791
1529.2699228970507	1.1165910881987327	1.1224589231952564	0.5255133287862535
1531.0669228970507	1.1170935276127005	1.1229653072035688	0.5256300789260315
1532.8639228970508	1.1175938553618585	1.1234707170780638	0.5258495014096587
1534.6609228970508	1.1180920813740398	1.1239751988194893	0.5261746812677215
1536.4579228970508	1.1185882155412756	1.1244787624608037	0.5266054869599746
1538.2549228970506	1.1190822677103154	1.1249843787287297	0.5274063568615261
1540.0519228970506	1.1195742476338912	1.1254802453420334	0.5275217539724597
1541.8489228970507	1.1200641650599028	1.125953288870446	0.5257845036251263
1543.6459228970507	1.1205520296224818	1.126420008919329	0.5236686152649384
1545.4429228970507	1.1210378509314756	1.1268859771649085	0.5216707204465543
1547.2399228970507	1.1215216385608804	1.1273509659519882	0.5197694980355383
1549.0369228970508	1.1220034019849703	1.1278150905559587	0.5179742379307184
1550.8339228970508	1.1224831506726267	1.128278369796055	0.5162856226354595
1552.6309228970508	1.1229608939931979	1.1287405976455878	0.5146843210040553
1554.4279228970508	1.1234366412858152	1.1292017740705476	0.5131693744770516
1556.2249228970509	1.1239104018444799	1.1296628112154306	0.5118209922704064
1558.021922897051	1.1243821848760922	1.130121512168126	0.5104427452900628
1559.818922897051	1.1248519995827337	1.1305755866021763	0.5088302302494574
1561.6159228970507	1.125319855068573	1.131015567463491	0.5061416422418752
1563.4129228970507	1.1257857604102686	1.1314415650134424	0.5023872926863682
1565.2099228970508	1.126249724639694	1.1318621317355624	0.4983270559878683
1567.0069228970508	1.1267117567042935	1.132296553137001	0.4956721539006059
1568.8039228970508	1.127171865546093	1.1327679021883126	0.4964670263046811
1570.6009228970506	1.1276300600276483	1.1332459467121363	0.49802562769125647
1572.3979228970506	1.1280863489707114	1.1337203549217156	0.499430381029331
1574.1949228970507	1.1285407411279678	1.1341937237306075	0.5009108131080575
1575.9919228970507	1.1289932452054094	1.1346663788880966	0.5024949180856275
1577.7889228970507	1.1294438699090155	1.135139317476235	0.5042700853897575
1579.5859228970508	1.1298926238209954	1.1356035125905133	0.5054364148519896
1581.3829228970508	1.13033951552021	1.1360558657947006	0.505719759063683
1583.1799228970508	1.1307845535685195	1.1364982712315999	0.5052879122772858
1584.9769228970508	1.1312277464163492	1.1369353760592935	0.5045517722691795
1586.7739228970509	1.1316691025049042	1.1373728759578472	0.5040142423538896
1588.5709228970509	1.1321086301967265	1.1378094080718393	0.5035539632024744
1590.367922897051	1.1325463378321308	1.1382450184543786	0.5031741688517499
1592.164922897051	1.1329822337078006	1.1386798656998527	0.5028880261790158
1593.9619228970507	1.1334163260472145	1.1391138650955739	0.5026872224639156
1595.7589228970508	1.13384862306926	1.1395468828093007	0.5025591268626339
1597.5559228970508	1.134279132903887	1.1399805628363786	0.5026478727414352
1599.3529228970508	1.1347078636621835	1.1404118097016496	0.5026796959930468
1601.1499228970506	1.1351348234103744	1.140825631542516	0.5013332350287891
1602.9469228970506	1.1355600201464688	1.1412284816377403	0.4991776207954546
1604.7439228970507	1.135983461864308	1.1416308946780083	0.4971404076985486
1606.5409228970507	1.136405156468842	1.1420319286492588	0.49513786068173804
1608.3379228970507	1.1368251118490988	1.1424321848313503	0.49322212570861446
1610.1349228970507	1.137243335843023	1.1428315726132503	0.49138443762213324
1611.9319228970508	1.1376598362583619	1.1432300590830233	0.4896211193480493
1613.7289228970508	1.1380746209173465	1.1436275725591318	0.48792509205672907
1615.5259228970508	1.1384876974173788	1.1440245341792332	0.4863325949340247
1617.3229228970508	1.1388990734060542	1.1444203392222414	0.48478973643160117
1619.1199228970509	1.1393087565649762	1.1448122265556389	0.4830534268213338
1620.9169228970509	1.1397167544648696	1.1451992007684484	0.48103586106820195
1622.713922897051	1.1401230746664155	1.1455781173324853	0.4784608598212836
1624.510922897051	1.1405277246499743	1.1459718250420237	0.4773317013157419
1626.3079228970507	1.1409307118824368	1.1463859461197743	0.47813895975652443
1628.1049228970508	1.141332043786439	1.1467990177931442	0.47899943197671213
1629.9019228970508	1.1417317277253876	1.147209679014809	0.47979320854425467
1631.6989228970508	1.1421297710585645	1.1476195655155763	0.4806629330678991
1633.4959228970506	1.1425261810637686	1.148028605392287	0.4816015965074305
1635.2929228970506	1.1429209650069039	1.1484367990201583	0.48260852518537956
1637.0899228970507	1.14331413010985	1.1488455288721193	0.4838039359959634
1638.8869228970507	1.1437056835380919	1.149250510249516	0.4848123771030943
1640.6839228970507	1.1440956324530576	1.1496449902602788	0.4850431773192554
1642.4809228970507	1.144483983936503	1.1500311080257484	0.4846834177762549
1644.2779228970508	1.1448707450597864	1.1504106620786019	0.48389017211949437
1646.0749228970508	1.1452559228505204	1.1507893357756658	0.48315951175113003
1647.8719228970508	1.1456395242826014	1.151167636821034	0.48253507506161863
1649.6689228970508	1.1460215563259237	1.151544906977148	0.4819587049419649
1651.4659228970509	1.1464020258725094	1.1519213616615744	0.481448537642315
1653.2629228970509	1.1467809398053808	1.1522970795403416	0.48101076181967795
1655.059922897051	1.14715830496411	1.1526719618326706	0.48063609396378215
1656.856922897051	1.1475341281371065	1.1530461333721853	0.4803347543159253
1658.653922897051	1.14790841610882	1.153421403294388	0.4802636785481429
1660.450922897051	1.148281175587625	1.1537866157406105	0.47945052745188566
1662.2479228970506	1.1486524132741913	1.1541383124554774	0.4775943634374613
1664.0449228970506	1.1490221358260082	1.1544872462229803	0.475631428374812
1665.8419228970506	1.149390349851894	1.1548352067620795	0.47371695011073633
1667.6389228970506	1.14975706195674	1.1551825332212402	0.47187979478608977
1669.4359228970507	1.1501222786712952	1.1555290710702077	0.47010587475611043
1671.2329228970507	1.150486006519617	1.1558748458086716	0.4683967695840785
1673.0299228970507	1.1508482519822474	1.1562197148259885	0.46673945365856007
1674.8269228970507	1.1512090214942985	1.1565637168507732	0.4651366742699947
1676.6239228970508	1.1515683214874035	1.1569073576123705	0.46363172947228026
1678.4209228970508	1.151926158319574	1.1572471178263972	0.46191845444203405
1680.2179228970508	1.1522825383437254	1.1575838722715255	0.4600723999011569
1682.0149228970508	1.1526374678704003	1.15793210534164	0.45934976250789905
1683.8119228970509	1.1529909531660552	1.15828949895856	0.45954790694195946
1685.608922897051	1.1533430004934293	1.1586480648699955	0.4599728245887391
1687.405922897051	1.1536936160436602	1.1590067278199683	0.4605305691582462
1689.202922897051	1.1540428060039425	1.1593641097371516	0.46110107056036576
1690.999922897051	1.1543905765198954	1.1597206847066872	0.46172485250703943
1692.796922897051	1.1547369336948203	1.1600764660301544	0.46240249008482337
1694.5939228970506	1.1550818836279824	1.1604314745078699	0.4631352076170714
1696.3909228970506	1.155425432349463	1.160786278462544	0.4639716214468459
1698.1879228970506	1.1557675858859968	1.161140029371922	0.46483770193355145
1699.9849228970506	1.1561083502226124	1.161486532243755	0.46519705701522085
1701.7819228970507	1.156447731304616	1.1618254713727239	0.46502231986231823
1703.5789228970507	1.1567857350725979	1.1621576530778956	0.4643831474080873
1705.3759228970507	1.1571223674006916	1.1624873484945304	0.46364855135334615
1707.1729228970507	1.1574576341598444	1.1628170639427986	0.4630346394357998
1708.9699228970508	1.1577915411795208	1.1631457915275007	0.46245374556159735
1710.7669228970508	1.158124094252982	1.1634736759522355	0.46191783124105434
1712.5639228970508	1.1584552991697956	1.1638010926069928	0.4614587581435625
1714.3609228970508	1.15878516164872	1.1641277697240004	0.46105251017185545
1716.1579228970509	1.1591136874078285	1.164453588125776	0.46068826345149194
1717.954922897051	1.1594408821293858	1.1647800812364835	0.46049774416199174
1719.751922897051	1.1597667514575194	1.1651030182279796	0.4601155157926362
1721.548922897051	1.160091301029576	1.1654125325206612	0.45869075014723926
1723.345922897051	1.1604145364220693	1.165717069296925	0.45695160724243955
1725.1429228970505	1.1607364632085941	1.1660210532843824	0.45527906146587416
1726.9399228970506	1.1610570869227947	1.1663241464263467	0.45364345671508044
1728.7369228970506	1.1613764130647033	1.166626536047453	0.45206041070657843
1730.5339228970506	1.1616944471276305	1.1669281059080725	0.4505193937513141
1732.3309228970506	1.1620111945460125	1.1672289338987425	0.4490265995043652
1734.1279228970507	1.1623266607515783	1.167529063625976	0.4475852658351487
1735.9249228970507	1.162640851137013	1.1678287663896287	0.44621821498378456
1737.7219228970507	1.162953771062598	1.16812712335277	0.44484591037914356
1739.5189228970507	1.1632654258807418	1.1684205754953048	0.44316193878624066
1741.3159228970508	1.1635758208889706	1.1687172253832387	0.44186243835320216
1743.1129228970508	1.1638849613818043	1.1690219237347204	0.4413634099041275
1744.9099228970508	1.164192852614184	1.1693328844745732	0.44151034331187944
1746.7069228970508	1.1644994998113876	1.1696473428542742	0.4420648565087726
1748.5039228970509	1.1648049081909189	1.1699600819584208	0.44257830055922653
1750.300922897051	1.1651090829159794	1.1702719781668474	0.4431254829759368
1752.097922897051	1.1654120291472594	1.170583157469208	0.44371674503242975
1753.894922897051	1.1657137520072283	1.1708935456613678	0.4443452472976839
1755.691922897051	1.1660142565900338	1.171203191176778	0.4450146777723818
1757.4889228970505	1.1663135479814453	1.1715132120605258	0.445820430370536
1759.2859228970506	1.166611631215152	1.1718190884913138	0.446374537748917
1761.0829228970506	1.1669085113224318	1.1721178689695355	0.44642382813713244
1762.8799228970506	1.1672041932968975	1.172410751166112	0.44607086738679413
1764.6769228970506	1.1674986821054478	1.172699689199296	0.44548290919428357
1766.4739228970507	1.167791982706125	1.1729884074564862	0.4449786286697899
1768.2709228970507	1.1680841000069695	1.1732765145532698	0.44452403266761475
1770.0679228970507	1.168375038913711	1.1735640024487204	0.4441179725847011
1771.8649228970507	1.1686648042949743	1.173850735392494	0.4437483766483563
1773.6619228970508	1.1689534009942093	1.1741366820947539	0.44341212371135086
1775.4589228970508	1.1692408338455726	1.174421826639239	0.443107411552357
1777.2559228970508	1.1695271076351894	1.1747067917373424	0.44288704967485604
1779.0529228970508	1.1698122271469689	1.1749911944634093	0.44271783079847804
1780.8499228970509	1.1700961971282706	1.1752668034030767	0.44189582766751556
1782.646922897051	1.1703790223027544	1.1755345951564704	0.4405045507029248
1784.443922897051	1.1706607073843838	1.1758014701537485	0.4391334514720846
1786.240922897051	1.170941257040987	1.1760673558363948	0.4377759144264637
1788.037922897051	1.1712206759382637	1.1763325802443059	0.4364595341477262
1789.8349228970505	1.1714989687059358	1.1765970434905968	0.4351753540416947
1791.6319228970506	1.171776139951395	1.1768607993131017	0.43392753857554034
1793.4289228970506	1.1720521942719362	1.1771239646273717	0.4327256397131718
1795.2259228970506	1.1723271362205974	1.1773865019657945	0.43156603552723105
1797.0229228970506	1.172600970348366	1.177648247948386	0.43043437005860774
1798.8199228970507	1.172873701170787	1.177908460180612	0.4292669368235469
1800.6169228970507	1.173145333182408	1.178165044358753	0.42788485231646245
1802.4139228970507	1.1734158708673261	1.1784103293050243	0.4256341303792377
1804.2109228970508	1.173685318667136	1.1786608274767465	0.42392187500996936
1806.0079228970508	1.1739536810214584	1.1789286772900647	0.4237813083287634
1807.8049228970508	1.1742209623349504	1.1792019275787142	0.42419318029027764
1809.6019228970508	1.174487166992813	1.179476679691822	0.42482479496002146
1811.3989228970509	1.1747522993700477	1.1797503561501808	0.4254562245005422
1813.1959228970509	1.1750163637987519	1.1800232566600037	0.4261126070674415
1814.992922897051	1.1752793646094792	1.1802954740245664	0.4268014538614695
1816.789922897051	1.1755413061014706	1.1805675738148167	0.4275704892084953
1818.586922897051	1.1758021925524516	1.1808379977867522	0.4282867701895343
1820.383922897051	1.1760620282255114	1.1811027020505098	0.4286061197472657
1822.1809228970506	1.1763208173539064	1.1813622805030852	0.42857892802743436
1823.9779228970506	1.17657856416796	1.1816173489863353	0.42825740429315307
1825.7749228970506	1.1768352728560791	1.181871230973701	0.4279237913561218
1827.5719228970506	1.1770909475926548	1.1821248730148275	0.42765815440752863
1829.3689228970507	1.1773455925420557	1.1823777320110578	0.42741396416468014
1831.1659228970507	1.1775992118306258	1.1826299366360047	0.4272017809487494
1832.9629228970507	1.177851809582927	1.1828815884758792	0.4270298565600905
1834.7599228970507	1.1781033898902413	1.1831325043331868	0.4268822656909643
1836.5569228970508	1.178353956827562	1.1833826712739697	0.42675754744747607
1838.3539228970508	1.1786035144582532	1.1836333470091898	0.42676205265250733
1840.1509228970508	1.1788520668095834	1.183879540983803	0.4264720159354418
1841.9479228970508	1.179099617907096	1.1841170413616238	0.42553007212686733
1843.7449228970509	1.1793461717435965	1.1843520207900093	0.42445968506532594
1845.5419228970509	1.1795917322966327	1.1845863047363903	0.42341534812500026
1847.338922897051	1.1798363035318766	1.1848199108038722	0.4223981968580759
1849.135922897051	1.1800798893803688	1.1850528944996988	0.42141258096866085
1850.932922897051	1.1803224937714747	1.1852853073969958	0.4204625135680873
1852.729922897051	1.1805641206023318	1.1855169912463865	0.4195342343224606
1854.5269228970506	1.1808047737558227	1.1857479471199581	0.41862748813357165
1856.3239228970506	1.1810444571027439	1.1859785661303845	0.41777504631321793
1858.1209228970506	1.1812831744806425	1.1862079852644356	0.41690349022014406
1859.9179228970506	1.1815209297254374	1.1864352678374306	0.415933225417775
1861.7149228970507	1.1817577266413462	1.1866565649649736	0.41453829437192447
1863.5119228970507	1.1819935690192704	1.1868723648884192	0.41275993347382745
1865.3089228970507	1.1822284606378195	1.187087747854713	0.4110277648257554
1867.1059228970507	1.1824624052437074	1.1873019566515566	0.409277401665209
1868.9029228970508	1.1826954065820687	1.187514539713257	0.40747035156882827
1870.6999228970508	1.1829274683671096	1.1877423020194287	0.4070269548280381
1872.4969228970508	1.1831585943002063	1.187985187135556	0.40794132406267725
1874.2939228970508	1.1833887880696403	1.1882262902376504	0.40878384321192396
1876.0909228970509	1.1836180533343594	1.188466161251961	0.40960070725044595
1877.8879228970509	1.183846393751784	1.188705634232058	0.41046207564769954
1879.684922897051	1.184073813130608	1.1889413339807597	0.41108255213264666
1881.481922897051	1.1843003146587199	1.189172253057749	0.4113769403526035
1883.278922897051	1.1845259001134454	1.1893986866059778	0.411370193937155
1885.0759228970505	1.1847505750937086	1.18962286265389	0.41125006922204665
1886.8729228970506	1.184974345321079	1.189847090897618	0.41121106087900205
1888.6699228970506	1.1851972125018382	1.1900706319298044	0.41119059145262593
1890.4669228970506	1.1854191797017168	1.1902934760943737	0.4111875761857897
1892.2639228970506	1.1856402506293124	1.1905157688183705	0.41121395688703544
1894.0609228970507	1.185860428773856	1.1907374776267905	0.4112666832113865
1895.8579228970507	1.1860797176231046	1.1909585630152602	0.41134211467106496
1897.6549228970507	1.186298120635097	1.1911796050727246	0.4114888452334542
1899.4519228970507	1.1865156412579339	1.191399090794936	0.4115790274643816
1901.2489228970508	1.1867322829267068	1.1916113522152074	0.41113479077756754
1903.0459228970508	1.1869480490500848	1.1918194231949075	0.4104117403218588
1904.8429228970508	1.1871629430353747	1.1920269231810314	0.4097146204058877
1906.6399228970508	1.1873769682581896	1.1922335747331643	0.4090197641359872
1908.4369228970509	1.187590128086598	1.1924396112169149	0.40834653434937973
1910.233922897051	1.187802425877439	1.1926450046593802	0.40769227915695705
1912.030922897051	1.1880138649597833	1.192849828894098	0.40706292047176795
1913.827922897051	1.1882244486611655	1.1930541685846217	0.4064652876733854
1915.624922897051	1.1884341802809346	1.1932579082770323	0.40588936906520434
1917.4219228970505	1.1886430631098008	1.193460722322687	0.40530747727429706
1919.2189228970506	1.1888511004252966	1.1936623713451036	0.4046992022874507
1921.0159228970506	1.1890582954800912	1.1938605531511968	0.40387066717924025
1922.8129228970506	1.1892646515254668	1.1940524831440493	0.40258756639586224
1924.6099228970506	1.1894701717844218	1.1942428061972483	0.4012403611320936
1926.4069228970507	1.189674859472234	1.1944331209337613	0.39996318520492125
1928.2039228970507	1.18987871779119	1.194622895800824	0.398711056740364
1930.0009228970507	1.1900817499193495	1.194812042153745	0.39747624351991195
1931.7979228970507	1.1902839590333485	1.19500043917134	0.3962483155550478
1933.5949228970508	1.1904853482826234	1.1951875502311635	0.39498192525624365
1935.3919228970508	1.190685920809013	1.1953749635984565	0.39381021539730554
1937.1889228970508	1.1908856797405372	1.1955685197453498	0.3932233029985577
1938.9859228970508	1.1910846281829068	1.1957680984387904	0.393210536435884
1940.7829228970509	1.191282769240558	1.1959733510036423	0.3937420975268946
1942.579922897051	1.191480105990386	1.1961767762320559	0.3941878859795134
1944.376922897051	1.1916766415027542	1.196375999520391	0.39434842086951694
1946.173922897051	1.1918723788347076	1.1965746727590523	0.39452998557967245
1947.970922897051	1.19206732102133	1.1967729744300626	0.39474728698216666
1949.7679228970505	1.1922614710963837	1.1969708357360564	0.39499428219735844
1951.5649228970506	1.192454832066733	1.1971680362202146	0.39525221641418806
1953.3619228970506	1.192647406933256	1.1973645290475856	0.3955169052401786
1955.1589228970506	1.1928391986834497	1.1975604743070243	0.39580151530780316
1956.9559228970506	1.1930302102837735	1.1977559674042977	0.3961137848638385
1958.7529228970507	1.1932204446993888	1.1979514436282033	0.3964899319174986
1960.5499228970507	1.1934099048689903	1.1981423430408082	0.3965475862492962
1962.3469228970507	1.1935985937258031	1.1983277626566746	0.39621100056004277
1964.1439228970507	1.1937865141894675	1.1985119601527	0.39583676872416707
1965.9409228970508	1.1939736691599154	1.1986954455564536	0.3954673807723408
1967.7379228970508	1.194160061535948	1.198878333622547	0.39511219966026356
1969.5349228970508	1.1943456941894304	1.1990606432651976	0.3947725602985619
1971.3319228970508	1.194530569987678	1.1992424217181268	0.3944521679756896
1973.1289228970509	1.1947146917849103	1.1994236589788712	0.3941499360760048
1974.925922897051	1.1948980624158163	1.1996043138073837	0.3938621661208952
1976.722922897051	1.1950806847137967	1.1997843973377178	0.39358954454589146
1978.519922897051	1.195262561486672	1.1999635932524593	0.393305363797225
1980.316922897051	1.195443695537859	1.2001409602761184	0.3929306546006872
1982.1139228970505	1.195624089657307	1.2003130331652072	0.3921753959678309
1983.9109228970506	1.1958037466164435	1.2004818270703248	0.39120804455732294
1985.7079228970506	1.1959826691854436	1.2006508407498409	0.39032100419789106
1987.5049228970506	1.1961608601093061	1.2008192625161225	0.38944614910663145
1989.3019228970506	1.1963383221291075	1.2009870779631213	0.3885820380425953
1991.0989228970507	1.1965150579724617	1.2011544028542078	0.38773811084396037
1992.8959228970507	1.196691070349212	1.201321192946047	0.38691043257168545
1994.6929228970507	1.1968663619679705	1.2014873553652083	0.386091007657674
1996.4899228970507	1.197040935512434	1.201653221155524	0.3853072611184727
1998.2869228970508	1.1972147936630142	1.2018183640308027	0.38452334469600835
2000.0839228970508	1.197387939087133	1.2019804214299408	0.38354172385510754
2001.8809228970508	1.1975603744344896	1.202139444991569	0.3823665724779657
2003.6779228970508	1.1977321023533287	1.2022958303165086	0.38103077927134077
2005.4749228970509	1.1979031254682029	1.2024497844844242	0.37955147787465116
2007.271922897051	1.198073446400471	1.2026041766731805	0.3781679901446511
2009.068922897051	1.1982430677579485	1.2027716423744723	0.3779345558824865
2010.865922897051	1.1984119921321674	1.2029476542325146	0.3784726897031021
2012.662922897051	1.1985802221134336	1.2031222784901845	0.37895305570301296
2014.4599228970505	1.1987477602681516	1.2032967135182584	0.379475432687304
2016.2569228970506	1.1989146091600802	1.2034705599266042	0.3800062766534884
2018.0539228970506	1.1990807713395248	1.203644531348827	0.38060488654187985
2019.8509228970506	1.1992462493411804	1.2038165404205072	0.38109696668533477
2021.6479228970506	1.199411045698527	1.203982671541912	0.3811558897827583
2023.4449228970507	1.1995751629215432	1.2041465988061064	0.38108790727455766
2025.2419228970507	1.1997386035179505	1.204309953388966	0.3810288222460434
2027.0389228970507	1.199901369982039	1.2044728670190663	0.38098940057846864
2028.8359228970508	1.2000634647931512	1.2046353351131023	0.3809690448945746
2030.6329228970508	1.200224890429422	1.2047971463773923	0.38094993566868407
2032.4299228970508	1.2003856493458867	1.204958426458882	0.38094233428125346
2034.2269228970508	1.2005457439956884	1.2051192060114058	0.380948584307661
2036.0239228970509	1.2007051768184593	1.2052794989722502	0.38096963701876874
2037.8209228970509	1.200863950239954	1.2054389424679897	0.38097506608649745
2039.617922897051	1.201022066685229	1.2055973209919169	0.38094673142146096
2041.414922897051	1.2011795285542306	1.205752365188027	0.3806955184542993
2043.211922897051	1.2013363382463538	1.2059034083624767	0.3801658179082068
2045.0089228970505	1.201492498149337	1.206053666683121	0.37962521953400774
2046.8059228970506	1.2016480106362137	1.2062036304496568	0.3791143307457556
2048.6029228970506	1.2018028780786152	1.2063532208884724	0.37862638647796487
2050.3999228970506	1.2019571028259242	1.206502236593031	0.3781444243243559
2052.1969228970506	1.202110687226313	1.2066506044609069	0.3776621639617117
2053.9939228970507	1.2022636336146322	1.2067984182566442	0.37718720879698076
2055.7909228970507	1.2024159443126599	1.2069457470940619	0.3767251093789836
2057.5879228970507	1.2025676216408414	1.2070930890522373	0.37631708437493305
2059.3849228970507	1.202718667897833	1.2072384564546967	0.3757976555534448
2061.1819228970508	1.2028690853812458	1.2073808347128534	0.3750823249545565
2062.978922897051	1.2030188763754297	1.2075207004372548	0.3742105922218464
2064.775922897051	1.2031680431523597	1.2076588639873262	0.37324967701106715
2066.572922897051	1.2033165879824468	1.2077966936413953	0.37231313053367465
2068.369922897051	1.2034645131151132	1.2079340484606227	0.37138904361544434
2070.166922897051	1.203611820798778	1.2080709760828126	0.3704811806413799
2071.963922897051	1.2037585132687505	1.2082073123019794	0.36957570677098595
2073.760922897051	1.2039045927484968	1.2083430834219095	0.3686746192470114
2075.557922897051	1.204050061459655	1.2084784184336967	0.36778844300489055
2077.3549228970505	1.2041949216036272	1.208612949624544	0.36688645182403334
2079.1519228970506	1.204339175380849	1.2087469189184277	0.3659885543609187
2080.9489228970506	1.2044828249787525	1.2088825619168793	0.365280172276794
2082.7459228970506	1.2046258725735153	1.2090214396036985	0.36489063785363207
2084.5429228970506	1.2047683203392678	1.2091664133278872	0.3650571578260653
2086.3399228970507	1.2049101704306084	1.2093127451543955	0.36538613681162957
2088.1369228970507	1.205051425001207	1.2094577533323	0.3656547961087053
2089.9339228970507	1.2051920861918388	1.2096022198798893	0.36592786648521614
2091.7309228970507	1.2053321561325894	1.2097461501235405	0.36620561133238194
2093.5279228970508	1.2054716369512892	1.20988979278893	0.3665084853273326
2095.324922897051	1.2056105307569034	1.2100328697101534	0.36681323200400406
2097.121922897051	1.2057488396575111	1.2101751762090873	0.3671027004955141
2098.918922897051	1.2058865657484334	1.2103169060222778	0.36739278798538777
2100.715922897051	1.2060237111148229	1.2104567469193501	0.36757451480198267
2102.512922897051	1.2061602778393694	1.2105924136829607	0.3674582827027484
2104.309922897051	1.2062962679865707	1.2107264481465374	0.36725473480581083
2106.106922897051	1.206431683620069	1.210860373369379	0.3670899736337496
2107.903922897051	1.2065665267908539	1.2109938376179954	0.36693466367885286
2109.7009228970505	1.2067007995402748	1.2111268343972408	0.3667880935068757
2111.4979228970506	1.2068345039070367	1.2112592824811925	0.3666433599496033
2113.2949228970506	1.2069676419122721	1.2113912579202801	0.3665065950732016
2115.0919228970506	1.2071002155762935	1.2115228015219928	0.366381008687644
2116.8889228970506	1.2072322269068854	1.2116541195950867	0.36628351941290216
2118.6859228970507	1.207363677902687	1.21178448437613	0.3661536746841998
2120.4829228970507	1.2074945705595155	1.2119122952548569	0.3658587626853116
2122.2799228970507	1.207624906856225	1.2120378484950252	0.3654232049824291
2124.0769228970507	1.20775468877088	1.2121614187229575	0.3648696207142921
2125.8739228970508	1.2078839182691394	1.212284456830106	0.36431800228555744
2127.670922897051	1.2080125973079938	1.2124071985395986	0.3637876990188582
2129.467922897051	1.2081407278414416	1.2125292300410007	0.3632442892145482
2131.264922897051	1.2082683118071107	1.212650807521081	0.3627088181610727
2133.061922897051	1.208395351141869	1.2127720789706422	0.3621933686386303
2134.858922897051	1.2085218477703028	1.2128928135817103	0.36167867543908105
2136.655922897051	1.208647803608785	1.2130130064416824	0.36116417204943296
2138.452922897051	1.2087732205705346	1.2131332188330457	0.36069613293163716
2140.249922897051	1.2088981005529735	1.21325128680618	0.36009538365684435
2142.0469228970505	1.2090224454527898	1.2133658435510148	0.359248756262609
2143.8439228970506	1.2091462571545175	1.2134792174215523	0.35834873088318453
2145.6409228970506	1.2092695375349134	1.2135920207169892	0.3574458007837844
2147.4379228970506	1.2093922884674282	1.2137043188011833	0.3565452148880155
2149.2349228970506	1.2095145118102704	1.2138162431207438	0.35565768483711846
2151.0319228970507	1.2096362094209394	1.2139278777388258	0.3547900008665339
2152.8289228970507	1.2097573831449018	1.2140387469140865	0.35390267741577386
2154.6259228970507	1.2098780348202716	1.2141490434814075	0.35301150514484014
2156.4229228970507	1.209998166281717	1.214257877240681	0.3520427615236743
2158.2199228970508	1.2101177793491937	1.2143727139111895	0.35161325902377527
2160.016922897051	1.2102368758419724	1.2144984030576342	0.35212339837993323
2161.813922897051	1.2103554575674191	1.2146222878901	0.35252704451438355
2163.610922897051	1.210473526325949	1.2147424427251212	0.35266499484125635
2165.407922897051	1.2105910839143927	1.2148623376775503	0.35282382465156026
2167.204922897051	1.2107081321153927	1.214981862386625	0.3529942649154405
2169.001922897051	1.2108246727109266	1.215101008746716	0.35317549536013626
2170.798922897051	1.21094070747119	1.2152195672429338	0.35335006456918006
2172.595922897051	1.211056238159819	1.2153375447558246	0.35351839667749907
2174.3929228970505	1.211171266536745	1.215455092194064	0.3536928075885015
2176.1899228970506	1.2112857943481974	1.2155722962620235	0.3538803091579945
2177.9869228970506	1.2113998233397636	1.2156891319405267	0.3540786879874025
2179.7839228970506	1.21151335524538	1.2158042299502883	0.3541747754022273
2181.5809228970506	1.2116263917927939	1.2159172815052155	0.3541429719166711
2183.3779228970507	1.2117389347059229	1.2160284142497713	0.3539937045011543
2185.1749228970507	1.2118509856954902	1.2161384767717318	0.3537968881364595
2186.9719228970507	1.2119625464715897	1.216248204288601	0.35361305755594596
2188.7689228970507	1.2120736187327297	1.2163574602800762	0.3534308049560009
2190.5659228970508	1.2121842041716382	1.216466258526932	0.3532511264011884
2192.362922897051	1.2122943044771464	1.2165745554438097	0.3530702858914436
2194.159922897051	1.2124039213252864	1.2166824505294525	0.3528963515301964
2195.956922897051	1.212513056391485	1.2167900228169888	0.3527357006968934
2197.753922897051	1.2126217113397757	1.216897386365099	0.35259759786085976
2199.550922897051	1.2127298878287056	1.2170037955867459	0.35242041949608005
2201.347922897051	1.2128375875127788	1.2171070520536784	0.3520227757498162
2203.144922897051	1.2129448120342063	1.217208519804934	0.35151704582314647
2204.9419228970505	1.213051563034608	1.2173094343647433	0.3510049745522492
2206.7389228970505	1.2131578421443294	1.2174099167240404	0.3504964013747225
2208.5359228970506	1.2132636509885568	1.2175100652211714	0.3499992956316422
2210.3329228970506	1.213368991188328	1.2176097507869226	0.3495028824200608
2212.1299228970506	1.2134738643528113	1.2177089262833622	0.3490031433688756
2213.9269228970506	1.2135782720906174	1.2178075512221964	0.34849660947648964
2215.7239228970507	1.2136822159998404	1.2179057887339044	0.3479965907372762
2217.5209228970507	1.213785697672855	1.2180035506266012	0.34749568740453096
2219.3179228970507	1.2138887186967091	1.2181007540925852	0.3469869462497499
2221.1149228970507	1.2139912806489659	1.2181962368715182	0.3463744995190199
2222.9119228970508	1.2140933851066105	1.2182889312867051	0.3455703022157808
2224.708922897051	1.2141950336348566	1.218380875071072	0.344742098284212
2226.505922897051	1.2142962277945513	1.218472649019457	0.34393759358795073
2228.302922897051	1.2143969691422924	1.2185640403209943	0.34313912868582097
2230.099922897051	1.2144972592234151	1.2186549686979837	0.3423399635522628
2231.896922897051	1.2145970995827071	1.2187453562379715	0.34153355517558825
2233.693922897051	1.214696491754409	1.2188347157907928	0.34067967302737756
2235.490922897051	1.2147954372683625	1.2189245286240902	0.33990013701505895
2237.2879228970505	1.214893937649958	1.2190194866761688	0.33958100360522714
2239.0849228970505	1.2149919944137957	1.21911839307775	0.3396235269801373
2240.8819228970506	1.2150896090739354	1.2192198724977372	0.3399143069744204
2242.6789228970506	1.2151867831340852	1.2193205373054425	0.3401743854303696
2244.4759228970506	1.2152835180937818	1.219419402480155	0.3403225934357046
2246.2729228970506	1.2153798154479385	1.2195177873408989	0.34046738643880303
2248.0699228970507	1.2154756766813215	1.2196157241913395	0.34061130053393285
2249.8669228970507	1.2155711032781709	1.2197132170786906	0.3407545465131001
2251.6639228970507	1.2156660967120774	1.2198103131431852	0.340900880785977
2253.4609228970508	1.2157606584529332	1.219907011237059	0.34105008706253326
2255.257922897051	1.2158547899660848	1.220003230932007	0.34119542894082144
2257.054922897051	1.215948492707003	1.2200990834624832	0.3413459353232895
2258.851922897051	1.2160417681306404	1.2201947092297456	0.3415130308796366
2260.648922897051	1.2161346176814298	1.2202882543143494	0.341544149186257
2262.445922897051	1.2162270428003612	1.2203795259388144	0.3414233520817156
2264.242922897051	1.2163190449238117	1.220470090255145	0.34127931718717086
2266.039922897051	1.2164106254786453	1.2205601430580972	0.34112802803076825
2267.836922897051	1.2165017858912146	1.2206498217608168	0.3409806642053814
2269.6339228970505	1.2165925275774778	1.2207390340185598	0.34082951745058043
2271.4309228970506	1.216682851950194	1.2208277655303357	0.34067329653721945
2273.2279228970506	1.216772760417427	1.2209159890225925	0.3405096448529932
2275.0249228970506	1.2168622543781813	1.2210038462794168	0.3403501001312481
2276.8219228970506	1.216951335230978	1.2210915155492623	0.3402091931226092
2278.6189228970507	1.2170400043637355	1.2211786260654152	0.3400563405344448
2280.4159228970507	1.2171282631615594	1.2212646727951666	0.3398499368392427
2282.2129228970507	1.2172161130048988	1.2213483098844526	0.3394793114718908
2284.0099228970507	1.2173035552655243	1.2214305573268318	0.33902817776683136
2285.8069228970508	1.2173905913147374	1.2215127284888743	0.3386043233408742
2287.603922897051	1.2174772225135375	1.2215944680804756	0.3381784472680227
2289.400922897051	1.217563450220083	1.2216757663716444	0.33774963849466655
2291.197922897051	1.2176492757874282	1.2217566795653367	0.33732240141581826
2292.994922897051	1.217734700560767	1.2218371751254131	0.33689395257907595
2294.791922897051	1.2178197258848957	1.221917208093086	0.3364604892742262
2296.588922897051	1.2179043530940805	1.2219969038962475	0.3360322008678196
2298.385922897051	1.2179885835202073	1.22207607601233	0.33559366215971664
2300.182922897051	1.2180724184904042	1.2221539909163748	0.33508454538597743
2301.9799228970505	1.2181558593235875	1.2222305471953223	0.33449643085881053
2303.7769228970506	1.2182389073381912	1.2223056505037646	0.3338214812445228
2305.5739228970506	1.218321563842738	1.2223801507479535	0.3331293663073609
2307.3709228970506	1.2184038301434468	1.2224543850383733	0.33244764951614325
2309.1679228970506	1.2184857075416817	1.2225281819515081	0.33176215238357454
2310.9649228970507	1.218567197330906	1.2226015703645758	0.33107513828589674
2312.7619228970507	1.2186483008041031	1.2226745983556078	0.33039044561486985
2314.5589228970507	1.2187290192444777	1.2227471626766533	0.32969949584580327
2316.3559228970507	1.2188093539331228	1.2228192445055694	0.32900063980527694
2318.1529228970508	1.2188893061462327	1.2228898989412447	0.32821625186463255
2319.949922897051	1.2189688771524003	1.222962812916904	0.3276487069820533
2321.746922897051	1.2190480682197449	1.223043367530685	0.3277392758412656
2323.543922897051	1.2191268806067268	1.223125265968666	0.32797122477927765
2325.340922897051	1.2192053155698872	1.2232061616340313	0.3281519538219868
2327.137922897051	1.219283374360836	1.2232865991879065	0.3283260406276689
2328.934922897051	1.2193610582238614	1.2233666085824821	0.3284958406376548
2330.731922897051	1.2194383684027807	1.2234462814112055	0.32866876361077324
2332.528922897051	1.2195153061318793	1.2235255733179218	0.3288410703726541
2334.3259228970505	1.2195918726436994	1.223604451892117	0.3290100023149112
2336.1229228970506	1.2196680691657797	1.223682874892861	0.32917199593716084
2337.9199228970506	1.219743896918775	1.2237607896060594	0.3293226305482122
2339.7169228970506	1.2198193571229772	1.2238382453969563	0.32946585496544945
2341.5139228970506	1.2198944509884566	1.2239140676144231	0.32950527996167267
2343.3109228970507	1.219969179724185	1.2239880334433064	0.32942256131667236
2345.1079228970507	1.2200435445348687	1.2240615040071972	0.32932918585788507
2346.9049228970507	1.2201175466177732	1.224134639685904	0.3292382016197193
2348.7019228970507	1.2201911871695768	1.224207432917282	0.32914888993926805
2350.4989228970508	1.220264467377853	1.2242799125130046	0.3290635138938347
2352.295922897051	1.2203373884287614	1.2243520677844575	0.32898109930608044
2354.092922897051	1.2204099515034765	1.2244237488624545	0.32888926823591014
2355.889922897051	1.2204821577766152	1.2244949962367622	0.32879124324580733
2357.686922897051	1.2205540084223216	1.2245659897904118	0.3287016666534859
2359.483922897051	1.2206255046055936	1.2246360178247662	0.32856213507257426
2361.280922897051	1.2206966474901833	1.2247047602486116	0.3283463394996078
2363.077922897051	1.2207674382348033	1.2247722696481258	0.3280585054851626
2364.874922897051	1.2208378779918967	1.22483892642825	0.32772970993777406
2366.6719228970505	1.220907967913448	1.224905309740469	0.3274073011295453
2368.4689228970506	1.2209777091423732	1.2249713446927877	0.3270850499981437
2370.2659228970506	1.2210471028205065	1.2250370277733305	0.32676257481039084
2372.0629228970506	1.2211161500846381	1.2251021927599643	0.326426169619487
2373.8599228970506	1.2211848520655162	1.2251669408754144	0.3260840325003178
2375.6569228970507	1.221253209893426	1.2252314849318944	0.3257534970013021
2377.4539228970507	1.2213212246897327	1.225295801504059	0.3254325507473066
2379.2509228970507	1.2213888975748504	1.2253596289870134	0.3250996811946738
2381.0479228970507	1.2214562296641054	1.225421638742697	0.32464602351589544
2382.8449228970508	1.2215232220670487	1.2254822763700113	0.32410798513213823
2384.641922897051	1.2215898758927852	1.225542608962753	0.32357284125976715
2386.438922897051	1.221656192241563	1.2256024718321814	0.3230270198506302
2388.235922897051	1.221722172212837	1.2256619090200545	0.32247403680016884
2390.032922897051	1.2217878169009952	1.2257210168205044	0.321921684362958
2391.829922897051	1.2218531273948443	1.2257797912551822	0.32136954698558373
2393.626922897051	1.221918104782733	1.2258381956307693	0.3208145318980504
2395.423922897051	1.2219827501443155	1.2258962608956696	0.32025908310833184
2397.2209228970505	1.2220470645585693	1.2259539348407604	0.3196988393898259
2399.0179228970505	1.2221110490993672	1.2260109978894218	0.3191157458995786
2400.8149228970506	1.222174704835237	1.2260671490203887	0.31848508807719167
2402.6119228970506	1.2222380328342528	1.226121663388889	0.317747480466668
2404.4089228970506	1.222301034155901	1.2261756398946069	0.31699275632059987
2406.2059228970506	1.2223637098591225	1.2262306355086798	0.3163482045783983
2408.0029228970507	1.222426060996041	1.2262905285404055	0.3161309847415916
2409.7999228970507	1.2224880886204967	1.2263586126196768	0.3166103649768548