233.1295882619204	0.014681266551829844	0.014682556591379757	0.00878697723631916
234.9265882619204	0.028982500717219334	0.028984098490875694	0.005512890940462256
236.72358826192038	0.04544681666626603	0.045448661553571246	0.004059442312009942
238.52058826192038	0.06364242104227122	0.0636444668351116	0.003214511338311965
240.31758826192038	0.08309102671074575	0.08309324418117481	0.0026687243097622826
242.1145882619204	0.10349893963170423	0.10350130633697734	0.0022866951888689258
243.9115882619204	0.12461542052151019	0.12461791709052587	0.0020034190032269805
245.7085882619204	0.14629151168630367	0.14629412365674924	0.001785455912961531
247.5055882619204	0.16837134918778213	0.168374065318207	0.0016131785116391129
249.3025882619204	0.19074332036067562	0.19074612519027345	0.001470473300191344
251.0995882619204	0.21331513898439508	0.21331802236938238	0.0013517019940678665
252.89658826192039	0.2360007604411754	0.2360037243865168	0.0012559049961557989
254.69358826192038	0.2587414851168257	0.25874452237691287	0.0011738589525966958
256.4905882619204	0.28147794981812185	0.28148104990860007	0.0011013617515098773
258.2875882619204	0.30416453322971015	0.3041676929065974	0.001038805166952983
260.0845882619204	0.3267629472742387	0.3267661633701243	0.0009842290603634396
261.8815882619204	0.34923711554949705	0.34924038315805817	0.0009356418363415386
263.67858826192037	0.3715617574281101	0.37156506814058665	0.0008910261646510875
265.4755882619204	0.3937114976355699	0.39371484270021745	0.000849623307330738
267.2725882619204	0.415666789953109	0.41567017436263604	0.000814212154742755
269.0695882619204	0.437411343541189	0.43741476890243214	0.0007830984023904364
270.8665882619204	0.4589298943048161	0.4589333489775347	0.0007527669828144568
272.6635882619204	0.48021212454764733	0.4802156039708038	0.0007245596224336737
274.4605882619204	0.5012477112968388	0.501251214694908	0.0006989354744746379
276.2575882619204	0.5220291285533727	0.5220326577335918	0.000676050439718523
278.0545882619204	0.5425504020794915	0.5425539569399225	0.000655212938260874
279.85158826192037	0.5628060893794845	0.5628096630172194	0.0006349678516759383
281.6485882619204	0.5827931639957535	0.5827967580737253	0.0006166987181366324
283.44558826192036	0.6025086062499817	0.6025122259353665	0.0006007690756870687
285.2425882619204	0.6219508068946287	0.621954445005934	0.0005849516175659986
287.03958826192036	0.641118913236779	0.6411225638441902	0.0005694119040500212
288.8365882619204	0.6600123601263723	0.6600160267111833	0.0005555327494688456
290.6335882619204	0.6786317799763202	0.6786354565184792	0.0005417580295485891
292.4305882619204	0.6969778102237039	0.6969814869479842	0.0005275238646573754
294.2275882619204	0.7150518030319986	0.7150554860313794	0.0005150674909470965
296.02458826192037	0.7328554710250014	0.7328591662825792	0.0005042273304667333
297.8215882619204	0.7503906818658851	0.7503943878363301	0.0004938721301472881
299.6185882619204	0.7676598783023905	0.7676635939308619	0.00048402014700688056
301.4155882619204	0.7846655045721252	0.7846692283496083	0.0004745687762985895
303.21258826192036	0.801410350769499	0.801414078311655	0.00046512278666366313
305.0095882619204	0.8178973634847598	0.817901092139809	0.00045588300141563565
306.8065882619204	0.8341295684489488	0.8341332992330448	0.00044726673613659784
308.6035882619204	0.8501102380434516	0.8501139798580419	0.000440156396530611
310.4005882619204	0.8658426433360037	0.8658464073333062	0.00043472071182826255
312.1975882619204	0.8813301997350653	0.8813339622114089	0.0004269088185848702
313.9945882619204	0.8965763729530233	0.8965801168960573	0.0004175821655572065
315.79158826192037	0.9115846629806419	0.9115884059972175	0.0004106054793950875
317.5885882619204	0.9263586412853879	0.9263623900196267	0.00040467418036538305
319.38558826192036	0.9409018762027046	0.9409056307090512	0.0003990327197112009
321.1825882619204	0.9552179690825153	0.9552217257187352	0.0003932752881130597
322.9795882619204	0.9693105170314049	0.9693142691612959	0.0003870926627902449
324.7765882619204	0.9831831245425533	0.9831868575827526	0.00037968920603148604
326.5735882619204	0.9968393752099305	0.9968430987615984	0.00037353577320153875
328.3705882619204	1.0102828484694035	1.010286586636817	0.0003700119643790245
330.1675882619204	1.0235170958623894	1.023520833850443	0.0003652101238538208
331.96458826192037	1.0365456379455742	1.0365493647097492	0.0003595369117093128
333.7615882619204	1.0493719865354578	1.0493757250878408	0.0003562656932798447
335.55858826192036	1.0619995859094042	1.0620033378897338	0.0003532939540917823
337.3555882619204	1.0744318757127092	1.0744356277163738	0.0003492081489309129
339.1525882619204	1.0866722356160634	1.0866759730743483	0.00034393611636485133
340.9495882619204	1.0987240027225817	1.0987277220986618	0.0003385177779646753
342.74658826192035	1.1105904959286037	1.1105942294527036	0.0003361746848673519
344.5435882619204	1.1222749454550351	1.1222786834150509	0.00033306989797310393
346.3405882619204	1.133780576768972	1.1337842818454817	0.0003267895557268474
348.13758826192037	1.1451105399394212	1.1451142353189372	0.0003227094142577158
349.9345882619204	1.156267939082331	1.1562716457219704	0.0003205692654884018
351.73158826192036	1.1672558548016558	1.167259547617616	0.0003163673109929377
353.5285882619204	1.1780772721214656	1.1780809478989198	0.0003120149705937436
355.3255882619204	1.1887351714052468	1.1887388423785477	0.0003088133832651607
357.1225882619204	1.199232451864937	1.1992361139001422	0.000305364918973261
358.91958826192035	1.209571967697336	1.2095756173106287	0.00030172766813940655
360.7165882619204	1.219756546917556	1.2197601932887248	0.0002989425371913157
362.5135882619204	1.2297889228330894	1.2297925650731352	0.00029616790151454353
364.3105882619204	1.23967182430821	1.2396754539705306	0.0002927921930018229
366.1075882619204	1.2494078988539876	1.2494115179474994	0.000289664689590019
367.90458826192037	1.2589997520503358	1.25900336429086	0.0002869135214966789
369.7015882619204	1.2684499622937384	1.2684535689476621	0.00028433553005413614
371.4985882619204	1.2777610182168708	1.2777646201312935	0.00028189265217637427
373.2955882619204	1.2869354042912966	1.2869390017612194	0.0002795377227915452
375.09258826192035	1.2959755265328934	1.2959791173866253	0.00027707727949799477
376.8895882619204	1.3048837530376618	1.3048873351063945	0.00027451247857079863
378.6865882619204	1.3136624246941437	1.3136659965493571	0.0002719005389950624
380.4835882619204	1.3223137999050698	1.3223173665104615	0.00026972458366802954
382.28058826192034	1.3308401331520323	1.3308437044637824	0.0002683501692635204
384.07758826192037	1.339243603983838	1.339247174076975	0.00026657533598317684
385.8745882619204	1.3475263589496906	1.3475299193765662	0.00026421946048849065
387.6715882619204	1.3556905186143229	1.3556940674352003	0.000261772198650867
389.4685882619204	1.3637381278546854	1.3637416618568334	0.0002591408186036759
391.26558826192036	1.371671228013213	1.3716747431768161	0.0002562686692852978
393.0625882619204	1.3794917917842837	1.3794952908452576	0.00025364855338327885
394.8595882619204	1.387201762361535	1.3872052519172364	0.00025155358047701526
396.6565882619204	1.394803057585696	1.3948065525099256	0.00025056757730901325
398.45358826192034	1.4022975275841087	1.4023010219543952	0.00024918893584136015
400.25058826192037	1.40968701924965	1.4096904885789876	0.00024610635482869014
402.0475882619204	1.416973316305039	1.416976776967038	0.00024422915796407096
403.8445882619204	1.4241581768369873	1.4241616472230556	0.00024367981905637492
405.6415882619204	1.431243334877361	1.431246805356903	0.0002424800491507284
407.43858826192036	1.4382304639908423	1.4382339208921162	0.00024035795098686918
409.2355882619204	1.445121234794413	1.445124661425454	0.0002371172022508361
411.0325882619204	1.4519172602700534	1.4519206698742415	0.0002348346067382323
412.8295882619204	1.458620130822331	1.4586235412131774	0.00023380939109252097
414.62658826192035	1.4652314130002602	1.4652348278773433	0.0002330605973099864
416.4235882619204	1.4717526235853717	1.471756035345033	0.00023181610866451763
418.2205882619204	1.478185276658267	1.4781886668836997	0.000229350507430226
420.0175882619204	1.4845308271486344	1.4845342005201843	0.00022723486021725137
421.8145882619204	1.4907907142814285	1.4907940790519274	0.00022570374678121397
423.61158826192036	1.4969663584460877	1.496969710170688	0.000223901130547155
425.4085882619204	1.5030591306935746	1.5030624693467363	0.000222123873472313
427.2055882619204	1.5090703996002266	1.509073729993139	0.0002206916863034536
429.0025882619204	1.5150014860005756	1.5150048104830471	0.00021943757166908995
430.79958826192035	1.5208536944231033	1.5208570122851535	0.0002181578716120569
432.5965882619204	1.5266283095814788	1.52663160887807	0.0002161165603142834
434.3935882619204	1.5323265740001524	1.5323298614184322	0.00021453770597812394
436.19058826192037	1.5379497279872074	1.5379530305431517	0.00021473757458867482
437.9875882619204	1.5434989684766682	1.5435022710971251	0.00021396972231801925
439.78458826192036	1.548975478473539	1.5489787601867449	0.00021186347050061727
441.5815882619204	1.5543804225321027	1.5543836889762188	0.00021014444524514175
443.3785882619204	1.559714927895247	1.5597181842104855	0.00020877630779736478
445.1755882619204	1.5649801197899909	1.564983369540994	0.00020765445911674618
446.97258826192035	1.5701770841158151	1.5701803222891262	0.0002062298159799525
448.7695882619204	1.5753068949024878	1.575310116597123	0.0002045121903382352
450.5665882619204	1.580370609055004	1.580373821255336	0.0002032561421838608
452.36358826192037	1.585369250364415	1.585372456301029	0.00020222018390914087
454.16058826192034	1.5903038407721997	1.5903070389330987	0.00020110376501847327
455.95758826192036	1.5951753667446915	1.5951785488973915	0.00019948607321573775
457.7545882619204	1.5999848046268363	1.5999879641210708	0.00019747026505090304
459.5515882619204	1.604733114862992	1.6047362602446984	0.00019600653076157215
461.3485882619204	1.6094212286558236	1.6094243660046659	0.00019493646452595215
463.14558826192035	1.614050075529422	1.6140532071363662	0.00019402167203974585
464.9425882619204	1.618620552674814	1.6186236767721545	0.00019300986480175197
466.7395882619204	1.623133548719513	1.6231366630039754	0.00019186865214404492
468.5365882619204	1.6275899375015757	1.6275930462727455	0.00019100457051557385
470.33358826192034	1.6319905670948693	1.6319936674923634	0.00018997643469464975
472.13058826192037	1.6363362840508298	1.6363393633147025	0.00018818038216572575
473.9275882619204	1.640627905584586	1.6406309748344126	0.000187077753355247
475.7245882619204	1.6448662416576303	1.644869316014765	0.00018690620895434051
477.5215882619204	1.649052088516689	1.6490551665292292	0.0001866534454331159
479.31858826192035	1.6531862195689055	1.6531892935342887	0.00018594187072284996
481.1155882619204	1.6572694068262244	1.6572724619873282	0.00018434909203612904
482.9125882619204	1.6613023955855528	1.6613054357950114	0.00018300156952033575
484.7095882619204	1.6652859252581127	1.6652889582684571	0.00018213150658752397
486.50658826192034	1.6692207231992007	1.6692237441026585	0.00018097687237705884
488.30358826192037	1.6731074950012002	1.6731104992568595	0.00017956142497332905
490.1005882619204	1.6769469446773801	1.6769499290676593	0.00017796569466987933
491.89758826192036	1.6807397537067998	1.6807427192272544	0.00017644138230465956
493.6945882619204	1.6844865979294517	1.6844895491726462	0.0001752013461198132
495.49158826192036	1.6881881411194084	1.6881910915201603	0.00017476729519128043
497.2885882619204	1.69184502917717	1.6918479779999822	0.00017429627190423957
499.0855882619204	1.695457906831572	1.6954608319628435	0.0001725275077246735
500.8825882619204	1.6990273967780318	1.699030306554757	0.0001712613187265788
502.6795882619204	1.7025541173902154	1.7025570279585842	0.00017095306039660585
504.47658826192037	1.7060386760969035	1.7060415896006955	0.00017077595209080698
506.2735882619204	1.7094816644210193	1.7094845755840993	0.0001702950748416754
508.07058826192036	1.7128836728150865	1.7128865662876156	0.00016892405332313842
509.8675882619204	1.7162452716501526	1.7162481583188387	0.00016819674517609684
511.66458826192036	1.719567027670351	1.719569919556865	0.00016817527130896792
513.4615882619204	1.7228494973896342	1.7228523633447768	0.00016634970998463672
515.2585882619203	1.7260932233861976	1.7260960508128904	0.00016380498193413473
517.0555882619203	1.729298747340856	1.7293015555474458	0.00016238990481198812
518.8525882619203	1.7324665920451072	1.7324693937268794	0.00016171635199846435
520.6495882619204	1.7355972775221744	1.7356000817864243	0.00016157344138179042
522.4465882619204	1.738691314635005	1.7386941178010904	0.00016122275769969718
524.2435882619204	1.7417492014479454	1.7417519986491838	0.00016059724534667197
526.0405882619204	1.744771435075915	1.7447742221855493	0.00015974067308910378
527.8375882619204	1.7477584959825663	1.7477612676628886	0.00015858485760134045
529.6345882619204	1.750710862201875	1.7507136155487688	0.00015727022395495283
531.4315882619203	1.7536290032030888	1.7536317481853245	0.000156531525807857
533.2285882619203	1.7565133769610155	1.7565161196418124	0.00015614346198233875
535.0255882619203	1.7593644407634177	1.7593671787732559	0.00015562493902443464
536.8225882619204	1.7621826343266653	1.7621853704186348	0.00015526721897085594
538.6195882619204	1.7649683974104016	1.7649711324591772	0.0001549630451957995
540.4165882619204	1.7677221660165772	1.7677248830661465	0.0001537034281406946
542.2135882619204	1.770444361251769	1.7704470541554498	0.00015210326511638783
544.0105882619204	1.7731354022584849	1.7731380862028085	0.00015136713868990626
545.8075882619204	1.7757956965518107	1.7757983697266944	0.0001505339205731815
547.6045882619203	1.7784256492884316	1.7784283069657814	0.0001494398908841177
549.4015882619203	1.7810256571054603	1.7810283137259977	0.0001491623956573207
551.1985882619203	1.7835961088220067	1.7835987680804548	0.0001490953268623585
552.9955882619204	1.7861373927849769	1.7861400364676523	0.00014801116006157855
554.7925882619204	1.7886498843350367	1.7886525074119148	0.00014665122007873066
556.5895882619204	1.7911339574297238	1.791136561660156	0.00014539562613880008
558.3865882619205	1.793589978830357	1.793592576469053	0.00014482901480317167
560.1835882619204	1.7960183073583513	1.796020904043519	0.0001445801057320395
561.9805882619204	1.7984193011631746	1.7984218861339838	0.00014373571322057188
563.7775882619203	1.8007933066427477	1.800795894976183	0.00014373295511571627
565.5745882619203	1.8031406691228626	1.8031432765131408	0.00014460271031691008
567.3715882619204	1.8054617273362261	1.8054643083392403	0.00014295528811825164
569.1685882619204	1.8077568128872352	1.8077593466013306	0.0001401579060589242
570.9655882619204	1.8100262567616265	1.8100287823317542	0.00013953223707563467
572.7625882619204	1.8122703790982142	1.8122728995385498	0.0001390763963549091
574.5595882619205	1.8144894992467777	1.814492005697857	0.0001381353311957767
576.3565882619204	1.8166839304400675	1.8166864211832545	0.0001371038266695379
578.1535882619204	1.8188539797787424	1.8188564608282467	0.0001364072944820549
579.9505882619203	1.8209999540698558	1.821002449931642	0.0001370599587602328
581.7475882619203	1.823122149100319	1.8231246416950235	0.0001367212123293271
583.5445882619204	1.825220859940367	1.8252233196361942	0.0001347615448121786
585.3415882619204	1.827296374137581	1.8272988279540843	0.00013428672753779125
587.1385882619204	1.8293489777292327	1.8293514423892512	0.00013472880509013407
588.9355882619204	1.8313789586608389	1.8313814146311758	0.00013410497730070858
590.7325882619205	1.8333865889078373	1.8333890345619268	0.00013339543902812778
592.5295882619204	1.8353721415911217	1.8353745798302534	0.00013284712547800837
594.3265882619204	1.837335885761553	1.8373383053288521	0.00013168889358983193
596.1235882619203	1.8392780850253982	1.8392804838729355	0.00013042331972190624
597.9205882619203	1.8411990024411191	1.8412014002475046	0.00013023070195572473
599.7175882619204	1.8430988927032665	1.8431013013382604	0.00013068398030391393
601.5145882619204	1.8449780101457651	1.844980433894408	0.00013137005587804396
603.3115882619204	1.8468366040997717	1.8468390159386385	0.0001305929751005408
605.1085882619204	1.8486749193243188	1.8486773000576806	0.00012878053015086266
606.9055882619205	1.8504931999764778	1.8504955547487232	0.00012725106177668977
608.7025882619204	1.8522916826271658	1.852294021578637	0.00012627338843440583
610.4995882619204	1.8540706035226464	1.8540729398981062	0.00012601329504313696
612.2965882619203	1.8558301942541955	1.8558325276209025	0.00012573169216878455
614.0935882619203	1.8575706823229832	1.857573010699049	0.0001253452204030836
615.8905882619204	1.859292294582353	1.859294618353014	0.00012498146029216173
617.6875882619204	1.8609952510094854	1.860997568867291	0.00012454936701988828
619.4845882619204	1.8626797712862042	1.862682081089429	0.00012400431144143909
621.2815882619204	1.8643460707567876	1.8643483725295706	0.00012346274220753628
623.0785882619205	1.8659943611057859	1.86599665071099	0.0001227016143134918
624.8755882619204	1.8676248506019202	1.8676271139862153	0.00012119052146264409
626.6725882619204	1.8692377592504368	1.8692399881311137	0.00011924008413988219
628.4695882619203	1.8708332961401213	1.8708354898190278	0.00011725678130680706
630.2665882619203	1.8724116291268893	1.8724138237047212	0.00011720594967901121
632.0635882619204	1.8739729568907963	1.8739751692268733	0.00011805592332603254
633.8605882619204	1.8755174922319364	1.875519679102684	0.00011660092518184229
635.6575882619204	1.8770454236894107	1.877047583615654	0.0001150705366992355
637.4545882619204	1.878556941641689	1.8785590931392158	0.00011452926866883928
639.2515882619203	1.880052232849007	1.8800543795767006	0.00011418447085631556
641.0485882619204	1.8815314811281953	1.8815336229374124	0.00011383329157066413
642.8455882619204	1.8829948695227527	1.8829970015051827	0.0001132229548117536
644.6425882619203	1.8844425761961332	1.884444702974255	0.00011285979995001583
646.4395882619203	1.8858747789518842	1.8858769077450095	0.00011288093721972814
648.2365882619204	1.8872916515430627	1.8872937634526676	0.00011190160265073246
650.0335882619204	1.8886933655185887	1.8886954468253176	0.00011019823371594129
651.8305882619204	1.8900800918881107	1.890082149705029	0.00010887458830044494
653.6275882619204	1.8914519967299992	1.8914540434971194	0.00010821142295558417
655.4245882619203	1.8928092459405046	1.8928112971572033	0.00010836890738108451
657.2215882619204	1.8941520021176768	1.8941540576063673	0.00010851762097807693
659.0185882619204	1.8954804255043276	1.895482478895444	0.00010833090591244598
660.8155882619203	1.8967946756069523	1.8967967142649913	0.00010747911016739664
662.6125882619203	1.898094907629295	1.8980969259557994	0.00010633433007445348
664.4095882619204	1.8993812765898712	1.8993832748923485	0.0001052080749408546
666.2065882619204	1.900653934417342	1.9006559281803819	0.0001048987931850931
668.0035882619204	1.901913030928599	1.9019150253875186	0.0001048659369340399
669.8005882619204	1.9031587152015836	1.9031606785589574	0.00010316309186908512
671.5975882619204	1.9043911323926226	1.904393069802153	0.00010173380338152072
673.3945882619204	1.9056104274901022	1.9056123658383946	0.00010171797260039028
675.1915882619203	1.9068167426048257	1.9068186849101603	0.00010186114329790996
676.9885882619203	1.908010217943049	1.9080121564956185	0.00010160074361831306
678.7855882619203	1.9091909929721627	1.9091928995070524	0.00009986087807778432
680.5825882619204	1.9103592035718253	1.9103610931771358	0.00009891361305580659
682.3795882619204	1.9115149854656137	1.911516898422491	0.0001000754318969399
684.1765882619204	1.9126584716639394	1.9126603882761144	0.00010020671246113722
685.9735882619204	1.9137897934793533	1.9137916908921946	0.00009914426588597536
687.7705882619204	1.9149090814961585	1.9149109602668823	0.0000981127898924683
689.5675882619204	1.9160164629926457	1.9160183312967853	0.00009750981662115521
691.3645882619203	1.917112065142518	1.9171139364167356	0.00009760901573674374
693.1615882619203	1.9181960129659203	1.918197882224283	0.00009744876696693439
694.9585882619203	1.919268429394449	1.919270290033382	0.00009694521645453591
696.7555882619204	1.9203294361475984	1.9203312903627543	0.00009655713864020754
698.5525882619204	1.9213791528605273	1.9213809941409905	0.00009583118774081356
700.3495882619204	1.9224176989451964	1.9224195166020477	0.00009455056786400462
702.1465882619204	1.923445191193669	1.923447003840315	0.00009423957876286693
703.9435882619204	1.9244617450786774	1.924463567260306	0.00009468526112055287
705.7405882619204	1.9254674753631427	1.9254692943610527	0.00009447045630217588
707.5375882619203	1.9264624940567134	1.9264642947021	0.00009346900819995341
709.3345882619203	1.9274469130462635	1.9274486800648059	0.00009167663870268683
711.1315882619203	1.9284208419722617	1.928422601847072	0.00009125989368641285
712.9285882619204	1.9293843892491596	1.9293861603707096	0.00009179723645669213
714.7255882619204	1.9303376625931015	1.9303394087178127	0.00009045695708032042
716.5225882619204	1.9312807671962722	1.931282486814568	0.00008904030552869813
718.3195882619204	1.932213808138685	1.9322155254779418	0.00008887935951662485
720.1165882619204	1.9331368884048457	1.9331386051023671	0.00008880372268649239
721.9135882619204	1.9340501098721665	1.9340518218757665	0.0000885190921895429
723.7105882619203	1.9349535737308774	1.934955274145422	0.00008787882910255007
725.5075882619203	1.9358473788537618	1.9358490690143952	0.0000873085684194308
727.3045882619203	1.9367316240080867	1.9367333116329333	0.00008713777508440046
729.1015882619204	1.9376064059741556	1.937608088943376	0.000086858157333225
730.8985882619204	1.9384718205464486	1.9384734958245675	0.00008642261914992844
732.6955882619204	1.9393279628491604	1.939329633209778	0.00008613089945708197
734.4925882619204	1.940174925880459	1.940176586366015	0.00008558432200711508
736.2895882619204	1.9410128025401512	1.941014442702757	0.00008450034969520459
738.0865882619204	1.9418416838565546	1.9418433201716259	0.00008426614204193328
739.8835882619203	1.9426616599743178	1.942663302363143	0.00008454322535378367
741.6805882619203	1.9434728203101561	1.9434744352287543	0.00008309447814269788
743.4775882619203	1.944275252733102	1.9442768372996853	0.00008149908719001786
745.2745882619204	1.945069044953655	1.9450706227955994	0.00008112009948213483
747.0715882619204	1.9458542818455178	1.9458558564355986	0.00008092024648131968
748.8685882619204	1.9466310481992652	1.946632617517258	0.00008061712535312182
750.6655882619203	1.947399428668254	1.947400986955952	0.00008001890494657715
752.4625882619204	1.9481595056863972	1.9481610569599572	0.00007962764627666985
754.2595882619204	1.9489113616047684	1.948912918263315	0.00007987323471514429
756.0565882619204	1.9496550771254384	1.949656633127266	0.00007980908243165885
757.8535882619203	1.950390732241265	1.9503922742390285	0.0000790609665068942
759.6505882619203	1.951118406321427	1.951119909597962	0.00007704691473708891
761.4475882619204	1.9518381770814417	1.9518396516417291	0.00007554726129122002
763.2445882619204	1.9525501221568697	1.952551610113029	0.00007620578557077096
765.0415882619204	1.9532543176271873	1.9532558138063019	0.00007659929897041451
766.8385882619203	1.9539508389195355	1.953952326073006	0.00007611007610819343
768.6355882619204	1.9546397608247197	1.9546412247785256	0.0000748963484342724
770.4325882619204	1.9553211566825368	1.9553225991223697	0.00007376997011032671
772.2295882619204	1.955995099757247	1.955996537714125	0.00007351536197575115
774.0265882619203	1.956661661779804	1.9566630930304996	0.00007314758210252847
775.8235882619203	1.9573209139298295	1.9573223344382333	0.00007257411871464114
777.6205882619204	1.9579729268021633	1.9579743429148468	0.00007232544760871207
779.4175882619204	1.9586177695872657	1.9586191895946528	0.00007250048523754771
781.2145882619203	1.9592555114048016	1.9592569451741748	0.00007317929513472876
783.0115882619203	1.9598862199757119	1.9598876611307472	0.00007353258677511576
784.8085882619204	1.960509962514084	1.9605113980306448	0.00007322158970257675
786.6055882619204	1.9611268056598665	1.9611282189007226	0.00007206269641013563
788.4025882619204	1.9617368147472292	1.961738198776814	0.00007055123676380504
790.1995882619203	1.9623400550435899	1.962341413247675	0.00006921349240407437
791.9965882619204	1.9629365908560417	1.9629379448953472	0.00006898028759305674
793.7935882619204	1.9635264856286898	1.963527850973246	0.0000695353266744192
795.5905882619204	1.9641098042647918	1.964111146945226	0.00006836076227312304
797.3875882619203	1.964686597935611	1.9646879216775421	0.0000673767476477849
799.1845882619203	1.9652569167072422	1.9652582681012063	0.00006876423903623419
800.9815882619204	1.9658208518304272	1.9658222160225642	0.00006939554719753716
802.7785882619204	1.9663784689270483	1.9663798212678034	0.00006877316733877592
804.5755882619204	1.966929810284648	1.9669311640414595	0.00006882588308165793
806.3725882619203	1.9674749343196059	1.9674762824034262	0.00006851847496047725
808.1695882619204	1.968013900160791	1.9680152105774789	0.00006658574351892099
809.9665882619204	1.9685467649626784	1.96854805534973	0.00006555023608356692
811.7635882619204	1.9690735855213508	1.9690748817630936	0.00006583003056004344
813.5605882619203	1.9695944181075884	1.9695957158012571	0.00006588633967297142
815.3575882619203	1.9701093179765805	1.9701106115122522	0.0000656580657842909
817.1545882619204	1.9706183403272126	1.9706196243897818	0.00006516038864035067
818.9515882619204	1.9711215392375663	1.971122808995256	0.00006441803126477907
820.7485882619204	1.9716189684675867	1.9716202217101788	0.00006356413750907564
822.5455882619203	1.9721106812681093	1.9721119225542405	0.00006294201146950229
824.3425882619204	1.9725967299511258	1.9725979670806575	0.00006271578538719069
826.1395882619204	1.973077166775199	1.973078411479804	0.00006308443611935388
827.9365882619204	1.973552042936169	1.973553285060674	0.00006293852292671431
829.7335882619203	1.9740214093482065	1.974022635810175	0.00006213012495592807
831.5305882619203	1.9744853164317722	1.9744865353846415	0.00006173522077990157
833.3275882619204	1.9749438137407516	1.9749450275309863	0.0000614594818371117
835.1245882619204	1.9753969507783466	1.9753981526640976	0.00006084274608575413
836.9215882619204	1.9758447760411828	1.9758459711441385	0.000060485670227983235
838.7185882619203	1.976287337776672	1.9762885300272126	0.000060327793316439227
840.5155882619204	1.9767246837538461	1.9767258547348163	0.000059238445282439045
842.3125882619204	1.9771568609400156	1.977158007396336	0.000057985096835189154
844.1095882619204	1.977583916254201	1.977585056246526	0.00005764571178179523
845.9065882619203	1.9780058956608328	1.9780070371519578	0.000057709187206711476
847.7035882619203	1.978422844904727	1.9784239906097132	0.00005791001600474743
849.5005882619204	1.97883480926738	1.9788359529284278	0.000057794670005328896
851.2975882619204	1.9792418332886725	1.979242969124976	0.0000573874442411082
853.0945882619204	1.979643961462459	1.9796450852053176	0.000056764897138350534
854.8915882619203	1.9800412373768133	1.980042350042321	0.000056194057318492696
856.6885882619204	1.9804337044269278	1.980434807446832	0.000055695876199912675
858.4855882619204	1.9808214055593973	1.9808224891172774	0.00005470245207916946
860.2825882619204	1.9812043830345036	1.981205451570577	0.00005393366191430715
862.0795882619203	1.981582679068588	1.981583760378368	0.00005456798706227062
863.8765882619203	1.981956335018168	1.9819574042200212	0.00005394679156722759
865.6735882619204	1.9823253920709976	1.9823264200238895	0.00005185591105405507
867.4705882619204	1.9826898909805628	1.9826909215483857	0.000051978265869223605
869.2675882619203	1.98304987186501	1.9830509245843275	0.00005308587203156634
871.0645882619203	1.9834053748004854	1.9834064258842592	0.00005299389560509127
872.8615882619204	1.9837564390464888	1.983757477746956	0.000052360282065677666
874.6585882619204	1.984103103715569	1.9841041252077922	0.000051483827712139885
876.4555882619204	1.984445407499964	1.9844464233241288	0.000051189322780587077
878.2525882619203	1.9847833885176929	1.9847844008434505	0.00005100434452565139
880.0495882619203	1.985117084919681	1.9851180785087172	0.00005005191099360928
881.8465882619204	1.9854465331925601	1.9854475110086791	0.00004924917909043813
883.6435882619204	1.985771770492335	1.9857727424388267	0.000048945528674515515
885.4405882619203	1.9860928351308587	1.9860938140016817	0.00004928625720879154
887.2375882619203	1.9864097630188808	1.9864107449336164	0.000049431630566587614
889.0345882619204	1.9867225896302871	1.9867235427635557	0.0000479751563364772
890.8315882619204	1.987031350529659	1.9870322786213057	0.00004670744859769371
892.6285882619204	1.9873360810394374	1.987337000345215	0.0000462581938975859
894.4255882619203	1.9876368160866738	1.9876377330603396	0.000046133864017861015
896.2225882619204	1.9879335900954456	1.987934507056709	0.000046126352892805755
898.0195882619204	1.9882264374535432	1.9882273512040196	0.000045958068928264595
899.8165882619204	1.9885153918444194	1.9885163065638254	0.000046000116959987736
901.6135882619203	1.9888004868590903	1.9888014053124485	0.0000461812717844623
903.4105882619203	1.9890817557094274	1.9890826595891045	0.00004544205758350017
905.2075882619204	1.9893592311375539	1.98936011048675	0.00004420263481907938
907.0045882619204	1.9896329458496067	1.9896338087503551	0.00004336984620323392
908.8015882619204	1.9899029318855748	1.9899037741828351	0.00004232856019026343
910.5985882619203	1.9901692212059463	1.9901700390397261	0.00004109368043625494
912.3955882619204	1.9904318454025007	1.9904326588004535	0.00004086540086323254
914.1925882619204	1.9906908356331712	1.9906916543688624	0.000041128219230301966
915.9895882619204	1.9909462230220125	1.9909470345758749	0.00004076221913340561
917.7865882619203	1.9911980380555976	1.9911988398426763	0.000040266566325719566
919.5835882619203	1.9914463111557044	1.9914471043206523	0.00003982858807205503
921.3805882619204	1.991691072390866	1.991691863147164	0.00003970275856968186
923.1775882619204	1.991932351422813	1.9919331390859027	0.000039542662633174075
924.9745882619204	1.9921701778793508	1.9921709448873406	0.00003850112799685945
926.7715882619203	1.9924045807832673	1.9924053422515982	0.00003821855953933806
928.5685882619204	1.9926355891038792	1.992636367366284	0.000039056935885461996
930.3655882619204	1.99286323146812	1.992864004004468	0.000038765146337382816
932.1625882619204	1.9930875361281444	1.9930882896041522	0.00003780446138357263
933.9595882619203	1.993308531304124	1.9933092826717407	0.00003769449661294999
935.7565882619203	1.9935262446424462	1.9935269825471733	0.00003701504953657064
937.5535882619204	1.9937407037394956	1.993741410880891	0.00003546807236798344
939.3505882619204	1.993951935826723	1.99395262872702	0.00003475010026399161
941.1475882619204	1.9941599678583692	1.9941606621047494	0.00003481397639060191
942.9445882619203	1.9943648268045817	1.9943655302786756	0.00003527308967132825
944.7415882619204	1.9945665389235105	1.9945672422297342	0.00003526110612384059
946.5385882619204	1.9947651304899099	1.9947658168880984	0.000034409975291360695
948.3355882619204	1.994960627523332	1.994961293940333	0.00003340502021664804
950.1325882619203	1.9951530556884565	1.9951537090132725	0.00003274559885468875
951.9295882619203	1.9953424406139413	1.9953431084474373	0.00003346961818806449
953.7265882619204	1.9955288074096174	1.9955294758482451	0.0000334968167425842
955.5235882619204	1.9957121811589806	1.9957128224122191	0.00003213154906589466
957.3205882619203	1.9958925866333193	1.9958932174803283	0.00003160726249618051
959.1175882619203	1.9960700483065235	1.996070680262516	0.00003166001079080161
960.9145882619204	1.9962445906191195	1.9962452094653396	0.000031000520839263856
962.7115882619204	1.9964162375190833	1.9964168470354797	0.00003053052690660252
964.5085882619204	1.9965850129317437	1.9965856220220766	0.000030506606485403154
966.3055882619203	1.9967509404823767	1.9967515378465868	0.000029916811250529918
968.1025882619203	1.9969140435216026	1.9969146252161363	0.000029129673140282364
969.8995882619204	1.9970743453623152	1.9970749325664152	0.000029403216839085644
971.6965882619204	1.997231868855968	1.9972324528041971	0.0000292378785848868
973.4935882619203	1.9973866368327327	1.9973871976305564	0.000028076578351132753
975.2905882619203	1.9975386718334067	1.9975392174081192	0.00002731234796105042
977.0875882619204	1.9976879961455112	1.9976885374469768	0.000027096396748582663
978.8845882619204	1.9978346320152258	1.9978351803135836	0.000027444631744977244
980.6815882619204	1.9979786012553595	1.9979791448407136	0.000027206765551568424
982.4785882619203	1.998119925658696	1.9981204443281837	0.000025957875759985427
984.2755882619203	1.998258626738208	1.998259139466141	0.000025658737379252727
986.0725882619204	1.998394725773887	1.9983952446511095	0.00002596470134452744
987.8695882619204	1.9985282440010632	1.9985287502375504	0.000025330464481498893
989.6665882619203	1.998659202249258	1.9986596947919777	0.00002464365707055549
991.4635882619203	1.9987876213296762	1.9987881074172988	0.00002431912311529061
993.2605882619204	1.9989135217864293	1.9989140058652903	0.00002421709872635347
995.0575882619204	1.9990369239465977	1.9990374071241628	0.000024170517276544956
996.8545882619204	1.9991578480889762	1.9991583255665843	0.000023883937338986527
998.6515882619203	1.9992763141118155	1.999276780271134	0.00002331640278629976
1000.4485882619203	1.9993923418961794	1.9993927910841658	0.00002246622519130881
1002.2455882619204	1.999505951065471	1.9995063841840603	0.000021661280324991594
1004.0425882619204	1.999617161043467	1.999617581945543	0.0000210491330143725
1005.8395882619203	1.9997259912036514	1.999726407448668	0.00002081510259710484
1007.6365882619203	1.9998324605609863	1.999832874535998	0.00002070048465974139
1009.4335882619204	1.999936588114703	1.9999369984058288	0.00002051520675561136
1011.2305882619204	2.0000383926169514	2.000038791155355	0.00001992653766436092
1013.0275882619204	2.000137892634733	2.0001382781295036	0.000019273409712639022
1014.8245882619203	2.000235106681987	2.0002355017688838	0.00001975202292836542
1016.6215882619204	2.0003300529372225	2.0003304443004266	0.000019564931474924663
1018.4185882619204	2.000422749563975	2.000423106103664	0.000017823217079993015
1020.2155882619204	2.0005132144874302	2.0005135509789373	0.000016820259141070437
1022.0125882619203	2.000601465461806	2.0006017982480606	0.000016634310240348782
1023.8095882619203	2.0006875201859824	2.0006878473828955	0.00001635422373080786
1025.6065882619205	2.000771396045475	2.000771718047435	0.000016093890620183515
1027.4035882619205	2.0008531104112466	2.000853427122836	0.0000158288276042029
1029.2005882619203	2.0009326804226264	2.0009329802623017	0.000014984995666544876
1030.9975882619203	2.001010123062845	2.0010104024823594	0.000013963923062298988
1032.7945882619204	2.0010854552591493	2.0010857387716086	0.000014167933648501219
1034.5915882619204	2.001158693643075	2.001158977920775	0.000014205654963461711
1036.3885882619204	2.0012298548326712	2.0012301212273704	0.000013311549329486638
1038.1855882619202	2.001298955223038	2.0012992210887552	0.000013284657773837694
1039.9825882619202	2.0013660110656044	2.0013662865665953	0.000013765647532970604
1041.7795882619203	2.001431038555185	2.001431295353521	0.000012830736162428025
1043.5765882619203	2.0014940536059567	2.001494289314177	0.000011776613573211137
1045.3735882619203	2.0015550721200346	2.0015553009119094	0.000011430705959547538
1047.1705882619203	2.0016141097878024	2.0016143356857827	0.000011285790768589266
1048.9675882619204	2.001671182164287	2.0016714050880924	0.000011136884392470847
1050.7645882619204	2.0017263047444875	2.001726517482088	0.000010627706692467598
1052.5615882619204	2.0017794927641424	2.001779697535401	0.000010229461300248488
1054.3585882619204	2.001830761447012	2.0018309666878364	0.000010252656124087878
1056.1555882619205	2.001880125813021	2.001880332575297	0.000010328404442816463
1057.9525882619205	2.0019276007506597	2.0019278066042943	0.000010282771190084361
1059.7495882619205	2.001973201071152	2.001973398416435	9.857538696422807e-6
1061.5465882619203	2.0020169414082436	2.0020171300567493	9.4229225533482e-6
1063.3435882619203	2.0020588363686675	2.0020590203224673	9.188231464563046e-6
1065.1405882619204	2.002098900253287	2.002099061713016	8.06452311596928e-6
1066.9375882619204	2.0021371473368026	2.002137278217625	6.537055807775971e-6
1068.7345882619204	2.0021735919010157	2.0021737246270477	6.629097115684601e-6
1070.5315882619202	2.0022082478782215	2.00220839073362	7.134892121563041e-6
1072.3285882619202	2.0022411292020736	2.0022412724545355	7.15460588551764e-6
1074.1255882619203	2.0022722496687813	2.0022723891710354	6.967197108131984e-6
1075.9225882619203	2.0023016229514963	2.002301755755479	6.6325663183874894e-6
1077.7195882619203	2.0023292626568328	2.002329387988332	6.2592852012599565e-6
1079.5165882619203	2.0023551821763315	2.002355299000167	5.834321314956981e-6
1081.3135882619204	2.0023793948914315	2.002379501632937	5.330733321429193e-6
1083.1105882619204	2.0024019139980918	2.0024020007866734	4.3342238686960854e-6
1084.9075882619204	2.0024227525972105	2.0024228156659736	3.149622784803796e-6
1086.7045882619204	2.002441923729286	2.0024419821980843	2.919874853013482e-6
1088.5015882619205	2.0024594402267835	2.002459502484139	3.1090445329340355e-6
1090.2985882619205	2.0024753149156296	2.0024753795262846	3.2265394134256553e-6
1092.0955882619205	2.002489560486091	2.0024896060180426	2.273767241156577e-6
1093.8925882619203	2.002502189501814	2.0025022020179755	6.250260975448896e-7
1095.6895882619203	2.0025132144457944	2.0025132183535246	1.9514130311648614e-7
1097.4865882619204	2.002522647585766	2.002522654238362	3.32210792208798e-7
1099.2835882619204	2.0025305011852	2.0025305105109217	4.6569685885344825e-7
1101.0805882619204	2.0025367873943534	2.002536790313233	1.45759115888211e-7
1102.8775882619202	2.0025415182609527	2.002541510105472	4.0725650629624965e-7
1104.6745882619202	2.0025447057549703	2.0025447086353494	1.4383594315603432e-7
1106.4715882619203	2.002546361711373	2.002546369689223	3.983852803202126e-7
1108.2685882619203	2.002546497952286	2.002546480845562	8.542485052664972e-7
1110.0655882619203	2.0025451260657565	2.0025450858098943	2.0102349562733934e-6
1111.8625882619203	2.0025422576035	2.002542203349551	2.7092536325490357e-6
1113.6595882619204	2.0025379040827413	2.002537839852088	3.2074625511135935e-6
1115.4565882619204	2.0025320768206734	2.0025320050689106	3.583051855216013e-6
1117.2535882619204	2.0025247871264846	2.002524709194236	3.891699573710383e-6
1119.0505882619204	2.0025160461525915	2.0025159788444853	3.361176870164684e-6
1120.8475882619205	2.002505864984549	2.002505815386173	2.4768155193477526e-6
1122.6445882619205	2.0024942546482816	2.002494184272582	3.5144020693600453e-6
1124.4415882619205	2.002481226009001	2.002481126991432	4.944743925427986e-6
1126.2385882619203	2.00246678992404	2.0024666839889584	5.290229143639635e-6
1128.0355882619203	2.0024509570962357	2.0024508429614443	5.699754646038002e-6
1129.8325882619204	2.0024337381664337	2.002433611049413	6.348126180277802e-6
1131.6295882619204	2.002415143714741	2.002415004306743	6.96199279337506e-6
1133.4265882619202	2.0023951841703487	2.0023950380993436	7.294814052816179e-6
1135.2235882619202	2.002373869954901	2.002373727367471	7.1209194207888515e-6
1137.0205882619202	2.002351211340889	2.0023510583422817	7.640947607967519e-6
1138.8175882619203	2.002327218544174	2.0023270434675045	8.74365927439058e-6
1140.6145882619203	2.0023019017202355	2.002301726900994	8.730913203525148e-6
1142.4115882619203	2.0022752708824396	2.0022750996367638	8.552554098262277e-6
1144.2085882619203	2.002247336036916	2.0022471514317925	9.219896079937229e-6
1146.0055882619204	2.002218107045797	2.0022179078024447	9.951131285657056e-6
1147.8025882619204	2.0021875937195492	2.002187385706178	0.000010389304783142705
1149.5995882619204	2.002155805808669	2.002155607838661	9.887842267186642e-6
1151.3965882619204	2.0021227529298247	2.0021225614808777	9.562298153298343e-6
1153.1935882619205	2.002088444692735	2.0020882321307085	0.000010617014811753478
1154.9905882619205	2.0020528905680695	2.0020526573575865	0.000011648567532773768
1156.7875882619205	2.002016099979445	2.002015853160138	0.000012328537557504404
1158.5845882619203	2.0019780822909925	2.001977819543451	0.00001312439650291708
1160.3815882619203	2.0019388467457495	2.001938574120254	0.000013618073102517059
1162.1785882619204	2.0018984025818884	2.001898135582156	0.000013337326820739293
1163.9755882619204	2.0018567587508507	2.001856506165434	0.000012617556954808151
1165.7725882619202	2.001813924335425	2.0018136846944787	0.000011971189894932621
1167.5695882619202	2.0017699086061786	2.001769650555535	0.000012891124123726172
1169.3665882619202	2.0017247203558326	2.0017244366691256	0.000014172113882437998
1171.1635882619203	2.0016783683452086	2.0016780809267836	0.000014358871514019711
1172.9605882619203	2.001630861338299	2.0016305676452184	0.00001467268947452638
1174.7575882619203	2.0015822080368135	2.00158190018167	0.000015380589535318734
1176.5545882619203	2.001532417084131	2.0015320935124286	0.0000161661984354744
1178.3515882619204	2.0014814970117634	2.0014811575352325	0.000016961262505610364
1180.1485882619204	2.0014294563450057	2.00142910179361	0.00001771490845126067
1181.9455882619204	2.0013763034838457	2.001375943251818	0.000017999215196073948
1183.7425882619204	2.0013220467931623	2.001321690892597	0.000017783273109639453
1185.5395882619205	2.0012666945801523	2.001266345003231	0.000017467782886804173
1187.3365882619205	2.0012102550466	2.001209906474064	0.000017418086650788922
1189.1335882619205	2.0011527363882773	2.0011523751493803	0.000018051540517927123
1190.9305882619203	2.001094146679952	2.0010937687641537	0.000018885458186179704
1192.7275882619203	2.0010344939646574	2.0010341009610366	0.000019640022297373605
1194.5245882619204	2.0009737862699146	2.0009733866569155	0.000019970926246060117
1196.3215882619204	2.000912031320179	2.00091163342003	0.00001988593913981873
1198.1185882619202	2.0008492367732047	2.0008488489958576	0.000019380637972243875
1199.9155882619202	2.00078541089498	2.000785018400068	0.0000196170418687025
1201.7125882619202	2.000720561539814	2.000720147228586	0.000020708100667565787
1203.5095882619203	2.0006546961020297	2.0006542711082838	0.000021242733527770952
1205.3065882619203	2.0005878221590736	2.000587393011715	0.00002145106321460588
1207.1035882619203	2.0005199473060986	2.0005195114153125	0.000021788874771111466
1208.9005882619203	2.000451079009889	2.000450645458322	0.00002167269027575358
1210.6975882619204	2.000381224711672	2.000380801176611	0.000021172717257211815
1212.4945882619204	2.0003103917971448	2.000309964016933	0.000021385691617581415
1214.2915882619204	2.00023858756381	2.0002381482062224	0.000021965259056067055
1216.0885882619204	2.0001658193037026	2.0001653734444984	0.000022291112067307495
1217.8855882619205	2.0000920941995974	2.000091630652951	0.000023176265118163286
1219.6825882619205	2.0000174194113662	2.0000169271463046	0.000024613038707155255
1221.4795882619203	1.99994180204395	1.999941295992124	0.000025303327599868197
1223.2765882619203	1.9998652491196336	1.9998647333211887	0.00002579165995220123
1225.0735882619203	1.9997877676555338	1.9997872254727818	0.000027112014633345893
1226.8705882619204	1.9997093645622537	1.9997088213456822	0.000027164776106314292
1228.6675882619204	1.9996300467304136	1.9996295318387374	0.00002574934684362873
1230.4645882619202	1.9995498209970102	1.9995493107264128	0.000025519273982865798
1232.2615882619202	1.999468694120521	1.9994681706322348	0.00002618136947241112
1234.0585882619202	1.999386672854242	1.9993861339930157	0.000026951326315138857
1235.8555882619203	1.999303763849254	1.9993032009776155	0.00002815338262518452
1237.6525882619203	1.9992199737389034	1.9992193850509985	0.00002944587953468414
1239.4495882619203	1.9991353091043569	1.9991347332721783	0.000028804062224274674
1241.2465882619204	1.9990497764505055	1.9990492212180164	0.000027774820599013594
1243.0435882619204	1.9989633822762718	1.9989628007930607	0.000029089237763013642
1244.8405882619204	1.998876132986863	1.9988755324454675	0.000030043952470304447
1246.6375882619204	1.998788034969407	1.9987874365957623	0.000029936823431331305
1248.4345882619205	1.9986990945558316	1.9986984876342517	0.00003036583052784536
1250.2315882619205	1.9986093180103965	1.9986086995916652	0.00003094245212276192
1252.0285882619205	1.9985187115927099	1.9985180959034667	0.00003080727939419603
1253.8255882619203	1.9984272814674868	1.9984266717463186	0.000030510050263998778
1255.6225882619203	1.9983350337838568	1.9983344260240459	0.000030413309104471153
1257.4195882619204	1.9982419746335751	1.9982413481305366	0.0000313527113493528
1259.2165882619204	1.9981481100542828	1.9981474576444125	0.00003265072628932941
1261.0135882619204	1.9980534460828594	1.9980527859189725	0.00003304035176565634
1262.8105882619204	1.997957988650428	1.9979573213610993	0.000033398566545717046
1264.6075882619205	1.9978617436795079	1.997861066395189	0.000033900459872615585
1266.4045882619203	1.9977647170440984	1.9977640437892241	0.000033700408685888306
1268.2015882619203	1.9976669145558303	1.9976662447372924	0.00003353004112138791
1269.9985882619203	1.9975683420216654	1.9975676442025314	0.00003493342977112235
1271.7955882619203	1.9974690051591892	1.9974682921892797	0.00003569366571198884
1273.5925882619204	1.997368909675758	1.9973682078472623	0.0000351376499563294
1275.3895882619204	1.997268061228945	1.997267369356454	0.000034640943014085934
1277.1865882619204	1.997166465415402	1.997165771178966	0.00003476107013344887
1278.9835882619204	1.9970641277842296	1.9970634020328437	0.00003634091543247564
1280.7805882619205	1.9969610541338878	1.9969603040728865	0.000037560121657342904
1282.5775882619203	1.9968572500528274	1.9968564962933804	0.00003774728750682854
1284.3745882619203	1.9967527207473892	1.9967519655641734	0.000037820567766466695
1286.1715882619203	1.996647471439158	1.996646709744383	0.00003814868602125543
1287.9685882619203	1.99654150730707	1.9965407214428954	0.00003936127407344614
1289.7655882619204	1.996434833594951	1.996434036013099	0.000039950307351155345
1291.5625882619204	1.996327455662198	1.9963266682855234	0.000039441258603556406
1293.3595882619204	1.9962193793510794	1.9962185972164628	0.00003918079469755753
1295.1565882619204	1.9961106097937513	1.9961098254022944	0.0000392959915718194
1296.9535882619205	1.9960011519049872	1.9960003610393822	0.00003962250242350862
1298.7505882619203	1.9958910108259063	1.995890203103018	0.000040469288364874956
1300.5475882619203	1.9957801916432347	1.9957793579567116	0.00004177246204495333
1302.3445882619203	1.9956686993322965	1.9956678541108155	0.0000423527954040992
1304.1415882619203	1.9955565390341905	1.9955556939071637	0.00004235044260836318
1305.9385882619204	1.995443716030693	1.9954428716313415	0.000042316370263417724
1307.7355882619204	1.9953302350452857	1.9953293877102352	0.00004246590542544837
1309.5325882619204	1.995216100960886	1.995215244691993	0.00004291609778661609
1311.3295882619204	1.995101319021573	1.9951004540982284	0.00004335235190833231
1313.1265882619205	1.994985893671357	1.99498502148371	0.00004371898818522624
1314.9235882619203	1.9948698287642654	1.994868951751907	0.00004396338778578368
1316.7205882619203	1.994753130104755	1.9947522449724433	0.00004437302533188969
1318.5175882619203	1.9946358028860363	1.994634905378028	0.00004499608434738178
1320.3145882619203	1.9945178514430228	1.9945169502245736	0.00004518477728643333
1322.1115882619204	1.9943992803608441	1.9943983819959343	0.00004504438597674465
1323.9085882619204	1.9942800942393824	1.9942791994704188	0.0000448667650032597
1325.7055882619204	1.9941602976794144	1.9941593941784104	0.00004530734090124611
1327.5025882619204	1.9940398952630176	1.994038968591052	0.00004647208753372212
1329.2995882619202	1.9939188915277561	1.9939179681706751	0.00004630865803045836
1331.0965882619203	1.993797290970798	1.9937963841302557	0.000045483086286157715
1332.8935882619203	1.9936750980833953	1.99367417781149	0.00004615957264197945
1334.6905882619203	1.9935523172885674	1.9935513793907018	0.000047046563944608266
1336.4875882619203	1.9934289530061164	1.9934280040038306	0.000047606526654142556
1338.2845882619204	1.9933050096122886	1.9933040489311065	0.00004819539296541109
1340.0815882619204	1.9931804914463587	1.9931795186670873	0.00004880537790574735
1341.8785882619204	1.9930554028421792	1.9930544195152344	0.000049337662333392984
1343.6755882619204	1.9929297480640298	1.9929287542384662	0.00004986756630964706
1345.4725882619202	1.9928035313747516	1.9928025270031946	0.00005039992859723341
1347.2695882619203	1.9926767569985324	1.9926757472348064	0.000050673734341977195
1349.0665882619203	1.9925494291222299	1.9925484167576681	0.00005080750052899319
1350.8635882619203	1.9924215519250572	1.9924205329753923	0.000051141268964105535
1352.6605882619203	1.9922931295246076	1.992292101243762	0.00005161292935262907
1354.4575882619204	1.9921641660356286	1.9921631267867972	0.00005216682685826868
1356.2545882619204	1.992034665521378	1.9920336204541493	0.00005246230132538443
1358.0515882619204	1.9919046320513374	1.9919035842105521	0.00005260496753756172
1359.8485882619204	1.991774069694051	1.991773014426027	0.00005298131147135621
1361.6455882619202	1.9916429825852984	1.991641918289618	0.00005343807549795798
1363.4425882619203	1.9915113746967315	1.9915103013905275	0.00005389405339784048
1365.2395882619203	1.9913792490818325	1.991378166495967	0.00005436362089383806
1367.0365882619203	1.9912466098756183	1.9912455223382852	0.00005461590379951531
1368.8335882619203	1.9911134619037578	1.9911123888446314	0.000053892414808576206
1370.6305882619204	1.9909798086245953	1.9909787363476317	0.000053856747261882276
1372.4275882619204	1.9908456536887085	1.9908445529283543	0.00005529109462498738
1374.2245882619204	1.9907110009417197	1.9907098927124711	0.000055670021814613335
1376.0215882619204	1.9905758541487126	1.9905747532333953	0.0000553063735253545
1377.8185882619202	1.9904402170663396	1.9904390984878844	0.000056197540909685983
1379.6155882619203	1.9903040933989278	1.9903029557456453	0.000057159772015591415
1381.4125882619203	1.9901674868459958	1.99016634208282	0.00005752094652811124
1383.2095882619203	1.99003040104963	1.9900292573607061	0.00005747092723940028
1385.0065882619203	1.9898928396556128	1.9898916990897133	0.00005731795587049504
1386.8035882619204	1.9897548063254606	1.9897536578898707	0.000057717442691895826
1388.6005882619204	1.9896163046171584	1.989615139983093	0.0000585356112581259
1390.3975882619204	1.989477338093843	1.9894761532623508	0.00005955491271247837
1392.1945882619204	1.989337910294288	1.9893367363930716	0.000059009643882390606
1393.9915882619202	1.9891980247291694	1.9891968754289096	0.00005777706619802814
1395.7885882619203	1.9890576848997932	1.9890565074055253	0.00005919859824565776
1397.5855882619203	1.9889168942593802	1.988915688448958	0.00006062648598703646
1399.3825882619203	1.9887756562589218	1.98877445383591	0.000060460465112210926
1401.1795882619203	1.9886339743123118	1.9886327730900433	0.00006040439235466266
1402.9765882619204	1.988491851811302	1.988490643348276	0.0000607728427248766
1404.7735882619204	1.9883492921401347	1.9883480666282343	0.00006163463859287788
1406.5705882619204	1.988206298629845	1.98820506200769	0.0000621978793580169
1408.3675882619204	1.9880628746108961	1.9880616427494016	0.0000619629042186709
1410.1645882619202	1.987919023384708	1.9879177917478945	0.00006195608568404509
1411.9615882619203	1.9877747482272017	1.9877735093068496	0.00006232699922836815
1413.7585882619203	1.987630052402788	1.9876288018980086	0.00006291436265293271
1415.5555882619203	1.9874849391334422	1.9874836803740614	0.00006333428526072993
1417.3525882619203	1.9873394116390786	1.9873381525268377	0.00006335667845913662
1419.1495882619204	1.987193473104734	1.9871922032232674	0.00006390326275917957
1420.9465882619204	1.9870471266949628	1.987045836470326	0.00006493175825905695
1422.7435882619204	1.9869003755656942	1.9868990674044382	0.00006583929783587905
1424.5405882619204	1.98675322282186	1.986751903917925	0.00006638488966315137
1426.3375882619202	1.9866056715694957	1.986604352365578	0.00006640492054010849
1428.1345882619203	1.9864577249046835	1.9864564008240904	0.00006665536228522839
1429.9315882619203	1.9863093858847694	1.986308053023681	0.00006710239088825176
1431.7285882619203	1.9861606575411215	1.9861593271352673	0.00006698379857450476
1433.5255882619203	1.986011542893516	1.9860102073390529	0.00006724807153357659
1435.3225882619204	1.9858620449563043	1.9858606841050792	0.00006852697690407084
1437.1195882619204	1.9857121666870168	1.9857108000953618	0.00006882123591012146
1438.9165882619204	1.9855619110389677	1.9855605554522144	0.00006827219769522941
1440.7135882619204	1.9854112809623108	1.9854099173193136	0.00006868314944563636
1442.5105882619202	1.9852602793634688	1.985258901156735	0.00006942196688619617
1444.3075882619203	1.9851089091473089	1.9851075200115096	0.00006997781295536853
1446.1045882619203	1.9849571731865998	1.9849557833898592	0.00007001645976334459
1447.9015882619203	1.9848050743375059	1.9848036902004473	0.000069736674734866
1449.6985882619203	1.9846526154452724	1.984651225433302	0.0000700380489604413
1451.4955882619204	1.9844997993195206	1.9844984001514914	0.00007050482089265842
1453.2925882619204	1.9843466287681777	1.984345223552003	0.00007081505590811332
1455.0895882619204	1.9841931065675187	1.9841916889430258	0.00007144589345697838
1456.8865882619205	1.9840392354784993	1.9840377993427565	0.00007238444266199906
1458.6835882619202	1.9838850182511027	1.9838835626785225	0.00007336980555328054
1460.4805882619203	1.9837304576015062	1.9837289893526762	0.00007401453279154424
1462.2775882619203	1.9835755562439819	1.9835740887141236	0.00007398406648428946
1464.0745882619203	1.983420316854808	1.9834188560660395	0.00007364998513281762
1465.8715882619204	1.9832647421072171	1.9832632882237002	0.00007330758652335234
1467.6685882619204	1.983108834678093	1.9831073777331547	0.0000734677246594373
1469.4655882619204	1.9829525971801463	1.9829511306575762	0.00007395651172581452
1471.2625882619204	1.9827960322258995	1.9827945529987057	0.00007460309431328582
1473.0595882619205	1.9826391424189147	1.9826376540953743	0.00007506779770016792
1474.8565882619203	1.9824819303426364	1.9824804357702515	0.00007538895371306253
1476.6535882619203	1.982324398567537	1.9823228879591916	0.00007620389207430023
1478.4505882619203	1.9821665496305187	1.9821650309275505	0.00007661833303362897
1480.2475882619203	1.9820083860670548	1.9820068830405484	0.00007583350892792495
1482.0445882619204	1.9818499103852083	1.9818484071124396	0.00007585199871540382
1483.8415882619204	1.9816911250807154	1.9816896021389634	0.00007685061172990615
1485.6385882619204	1.981532032638298	1.981530495951124	0.0000775504583550024
1487.4355882619204	1.9813726355131436	1.9813710894601708	0.00007802938958301198
1489.2325882619202	1.9812129361589863	1.9812113833712288	0.00007837561167844953
1491.0295882619203	1.9810529370009633	1.9810513810401125	0.00007854211373503617
1492.8265882619203	1.98089264045291	1.9808910839761777	0.00007857451232995416
1494.6235882619203	1.9807320489172584	1.9807304934483994	0.00007852999903690261
1496.4205882619203	1.9805711647685653	1.9805696037462206	0.00007881677631660367
1498.2175882619204	1.9804099903799812	1.9804084093276921	0.00007983459469063092
1500.0145882619204	1.9802485280967332	1.9802469295891798	0.00008072257248192827
1501.8115882619204	1.98008678025363	1.9800851707184728	0.00008128609175761525
1503.6085882619204	1.9799247491740415	1.9799231320495108	0.00008167606024844787
1505.4055882619202	1.9797624371547897	1.9797608035852567	0.00008251341183651562
1507.2025882619203	1.9795998464913356	1.979598175116677	0.00008442992464052779
1508.9995882619203	1.97943697945192	1.9794353101544215	0.0000843319345689153
1510.7965882619203	1.979273838295176	1.9792722094245456	0.00008229637550316582
1512.5935882619203	1.9791104252682554	1.9791088023547556	0.00008200217023190959
1514.3905882619204	1.9789467425930547	1.9789451091286319	0.00008254211129044009
1516.1875882619204	1.9787827924901482	1.9787811539577553	0.00008280506578195457
1517.9845882619204	1.9786185771535592	1.9786169292776574	0.00008328416203351452
1519.7815882619204	1.9784540987684751	1.978452436794458	0.00008400366823257954
1521.5785882619202	1.978289359508584	1.9782876814809318	0.00008482215424487904
1523.3755882619203	1.9781243615235424	1.9781226729987802	0.00008535988915703285
1525.1725882619203	1.977959106961724	1.9779574219081926	0.00008519152522312723
1526.9695882619203	1.9777935979455934	1.9777919057282047	0.00008556086895650239
1528.7665882619203	1.9776278365895128	1.9776261264015236	0.00008647673528372479
1530.5635882619204	1.9774618249963436	1.977460117849151	0.0000863302224485274
1532.3605882619204	1.977295565246079	1.9772938636946227	0.00008605448201803867
1534.1575882619204	1.977129059417464	1.9771273428937794	0.00008681900032225798
1535.9545882619204	1.9769623095639695	1.9769605800645007	0.0000874826728169964
1537.7515882619202	1.976795317731648	1.9767935819542524	0.00008780764401139507
1539.5485882619203	1.9766280859550536	1.976626341249282	0.00008826677025952634
1541.3455882619203	1.9764606162469942	1.9764588633866502	0.00008868683392115884
1543.1425882619203	1.9762929106190616	1.9762911551124975	0.00008882825792699833
1544.9395882619203	1.9761249710581825	1.976123210198212	0.00008910671116524327
1546.7365882619204	1.9759567995445122	1.975955030147277	0.00008954635221103402
1548.5335882619204	1.9757883980467288	1.9757866253672942	0.00008972010546726139
1550.3305882619204	1.9756197685128223	1.9756179979982549	0.00008961818441788338
1552.1275882619204	1.975450912889597	1.9754491505508611	0.00008921197304223583
1553.9245882619202	1.9752818330997979	1.975280059137933	0.00008980803829494732
1555.7215882619203	1.9751125310600046	1.9751107260345517	0.00009138848671152999
1557.5185882619203	1.974943008675348	1.9749411931861696	0.00009192615536557369
1559.3155882619203	1.974773267831281	1.9747714543796653	0.00009183087725794792
1561.1125882619203	1.9746033104120988	1.974601498065397	0.00009178282504018753
1562.9095882619204	1.9744331382785665	1.974431321165664	0.00009203213150454914
1564.7065882619204	1.9742627532860249	1.9742609253212375	0.00009258974189574332
1566.5035882619204	1.9740921572789778	1.9740903241378163	0.00009285995867802654
1568.3005882619204	1.9739213520816625	1.9739195159694385	0.00009301850969478664
1570.0975882619202	1.9737503395167977	1.9737484971714925	0.00009334236797942097
1571.8945882619203	1.9735791213869966	1.9735772665981346	0.00009398097303714437
1573.6915882619203	1.9734076994886267	1.9734058276795983	0.0000948516127197152
1575.4885882619203	1.9732360756055374	1.9732341950171979	0.00009530478196628778
1577.2855882619203	1.973064251504487	1.973062367199076	0.00009550147237469275
1579.0825882619204	1.9728922289511848	1.9728903402759008	0.00009573129522433277
1580.8795882619204	1.9727200096890252	1.972718116239453	0.00009598166809121622
1582.6765882619204	1.972547595456837	1.9725456962886103	0.00009627996966354857
1584.4735882619204	1.9723749879821486	1.9723730814587483	0.00009666130486030156
1586.2705882619202	1.972202188975557	1.9722002744378615	0.00009707613684017957
1588.0675882619203	1.9720292001465736	1.9720272777296848	0.00009748419996791213
1589.8645882619203	1.9718560231829103	1.9718541016629554	0.00009744727467175807
1591.6615882619203	1.971682659768205	1.9716807468799944	0.00009701805719908307
1593.4585882619203	1.9715091115748664	1.9715071948183658	0.00009722280710500186
1595.2555882619204	1.9713353802591962	1.9713334499645574	0.00009791812484172269
1597.0525882619204	1.9711614674764284	1.9711595203088224	0.00009878275514241253
1598.8495882619204	1.970987374860544	1.970985414368973	0.00009946748497080549
1600.6465882619204	1.9708131040418893	1.970811135637104	0.00009987780074105501
1602.4435882619202	1.9706386566396443	1.970636676445336	0.00010048490125535992
1604.2405882619203	1.9704640342576838	1.9704620420500971	0.0001011034737152805
1606.0375882619203	1.970289238498837	1.9702872412491004	0.00010136835228991004
1607.8345882619203	1.9701142709451924	1.9701122689215915	0.00010161966899069341
1609.6315882619203	1.9699391331756244	1.9699371249824555	0.00010194188921897052
1611.4285882619204	1.9697638267579247	1.9697618158366272	0.00010208946220613413
1613.2255882619204	1.9695883532453318	1.9695863403095295	0.00010220083800360769
1615.0225882619204	1.9694127141900686	1.9694106944035665	0.00010255780759083066
1616.8195882619204	1.9692369111239763	1.969234888307988	0.00010272080401829697
1618.6165882619202	1.969060945576228	1.969058924153763	0.00010265921273067136
1620.4135882619203	1.9688848190653827	1.968882787669207	0.00010317496260681125
1622.2105882619203	1.9687085330956058	1.9687064881204746	0.00010387394053790189
1624.0075882619203	1.9685320891698739	1.9685300416422464	0.0001040129159579628
1625.8045882619203	1.9683554887719334	1.9683534522468735	0.00010346327538046651
1627.6015882619204	1.9681787333829586	1.9681767143849618	0.00010258204515833924
1629.3985882619204	1.9680018244731492	1.9679997805423055	0.00010385817829083877
1631.1955882619204	1.9678247634995776	1.9678226773049339	0.0001060152652998525
1632.9925882619204	1.9676475519183358	1.9676454587641157	0.00010637851368677786
1634.7895882619202	1.967470191166107	1.9674681019033289	0.00010619031420855407
1636.5865882619203	1.9672926826776085	1.967290597133175	0.00010601088754613741
1638.3835882619203	1.9671150278771288	1.967112927859375	0.00010675622542644092
1640.1805882619203	1.9669372281759394	1.9669351069151368	0.0001078458820136241
1641.9775882619203	1.9667592849841407	1.9667571607021634	0.00010800925124287986
1643.7745882619204	1.966581199693534	1.9665790773075098	0.00010792262350456383
1645.5715882619204	1.9664029736940296	1.9664008516072227	0.00010791718866309807
1647.3685882619204	1.9662246083647656	1.9662224741039322	0.00010854613579081018
1649.1655882619204	1.9660461050730218	1.9660439545383588	0.00010938373506963472
1650.9625882619202	1.9658674651851091	1.9658653136370567	0.00010944522408351531
1652.7595882619203	1.9656886900490187	1.965686535496922	0.00010960800190806808
1654.5565882619203	1.9655097810112612	1.965507616498588	0.00011012474696592278
1656.3535882619203	1.9653307394077477	1.9653285725461602	0.00011025429684785593
1658.1505882619203	1.9651515665631047	1.965149399045617	0.00011029772587489717
1659.9475882619204	1.9649722638009992	1.9649700809726838	0.00011108697846040627
1661.7445882619204	1.9647928324272392	1.9647906375900914	0.00011170832424634014
1663.5415882619204	1.9646132737464308	1.964611076281196	0.00011185230518462319
1665.3385882619202	1.964433589052679	1.9644313848296833	0.00011220654176913314
1667.1355882619202	1.9642537796293815	1.9642515675518186	0.00011261668861894947
1668.9325882619203	1.9640738467589942	1.964071636445268	0.00011253720066939366
1670.7295882619203	1.9638937917065364	1.9638915813449924	0.00011254995322396155
1672.5265882619203	1.9637136157360948	1.9637113992967579	0.00011286978505165024
1674.3235882619203	1.9635333201013774	1.963531099965842	0.00011306839119429313
1676.1205882619204	1.9633529060459471	1.9633506808662688	0.000113335695872685
1677.9175882619204	1.96317237481231	1.9631701311599519	0.00011428707876737221
1679.7145882619204	1.9629917276261555	1.962989469962645	0.00011501136142344492
1681.5115882619202	1.9628109657123651	1.9628087053981496	0.00011515699956943237
1683.3085882619202	1.9626300902855822	1.9626278247684281	0.00011543271272174138
1685.1055882619203	1.9624491025508695	1.9624468284406529	0.00011588123297601172
1686.9025882619203	1.9622680037120526	1.962265719671033	0.00011639801573704034
1688.6995882619203	1.962086794956852	1.9620845028757679	0.00011681853677725229
1690.4965882619204	1.9619054774722025	1.961903180833671	0.00011706163001168335
1692.2935882619204	1.961724052434855	1.961721752168291	0.00011725739719192774
1694.0905882619204	1.9615425210127437	1.9615402164587445	0.00011748682349210782
1695.8875882619204	1.9613608843725787	1.9613585727297127	0.00011785912957806843
1697.6845882619202	1.9611791436649784	1.9611768223332195	0.00011836408553289601
1699.4815882619203	1.9609973000401901	1.9609949671725646	0.0001189633267451029
1701.2785882619203	1.960815354640144	1.9608130140102529	0.00011937023471908503
1703.0755882619203	1.9606333085954821	1.9606309630144885	0.00011963384398683274
1704.8725882619203	1.960451163033157	1.9604488109458094	0.00011997683960762728
1706.6695882619204	1.960268919071399	1.9602665597772095	0.00012035563928813886
1708.4665882619204	1.960086577826322	1.9600842118430246	0.000120708101569722
1710.2635882619204	1.9599041404020543	1.9599017777179717	0.00012055100215846437
1712.0605882619204	1.9597216078954158	1.9597192504506584	0.00012029488003495459
1713.8575882619202	1.9595389814015902	1.959536607705954	0.00012113541291158825
1715.6545882619203	1.9593562620016922	1.9593538729193503	0.00012193200330523624
1717.4515882619203	1.9591734507761545	1.9591710579087125	0.00012213657964998959
1719.2485882619203	1.9589905487958235	1.9589881488971947	0.0001225069018451208
1721.0455882619203	1.958807557123957	1.958805147876676	0.00012299560885331573
1722.8425882619204	1.9586244768219656	1.9586220641868493	0.00012318007587275304
1724.6395882619204	1.9584413089376884	1.9584388922652616	0.0001233977457437696
1726.4365882619204	1.9582580545183337	1.95825563040866	0.00012378908225141316
1728.2335882619204	1.958074714601686	1.9580722885150061	0.00012390163978137636
1730.0305882619202	1.9578912902183825	1.9578888663212497	0.00012380141558576696
1731.8275882619203	1.957707782397091	1.9577053602714716	0.00012372253108683395
1733.6245882619203	1.9575241921534638	1.9575217622144296	0.00012413328244198496
1735.4215882619203	1.957340520502555	1.9573380690354056	0.000125244796378432
1737.2185882619203	1.9571567684501676	1.9571543022264741	0.0001260105339073725
1739.0155882619204	1.956972936995365	1.9569704642147894	0.00012635742318023446
1740.8125882619204	1.9567890271351156	1.956786549067176	0.00012663950509361754
1742.6095882619204	1.9566050398539379	1.9566025577728854	0.00012685651943344922
1744.4065882619204	1.956420976135773	1.956418490218959	0.00012706451444355338
1746.2035882619202	1.9562368369554572	1.9562343386418228	0.00012771018248480814
1748.0005882619203	1.9560526232814959	1.9560501124748169	0.00012836089627876746
1749.7975882619203	1.9558683360801985	1.9558658430667617	0.00012746325459556118
1751.5945882619203	1.9556839763059317	1.9556814891563081	0.0001271754359932764
1753.3915882619203	1.9554995449125139	1.9554970278812869	0.0001287155107498883
1755.1885882619204	1.9553150428448263	1.9553125097401034	0.00012954969749179313
1756.9855882619204	1.9551304710417892	1.9551279377815864	0.00012956987988088642
1758.7825882619204	1.954945830440022	1.9549432924621521	0.00012982343707834687
1760.5795882619204	1.9547611219647167	1.954758576317977	0.00013022802179962767
1762.3765882619202	1.9545763465405366	1.9545737908260956	0.00013075541640539257
1764.1735882619203	1.954391505083353	1.9543889391775948	0.00013128924023497746
1765.9705882619203	1.954206598503444	1.9542040264366982	0.00013161693076524372
1767.7675882619203	1.9540216277087012	1.9540190660040528	0.00013109909390296437
1769.5645882619203	1.9538365935960584	1.9538340336685203	0.00013102055446134742
1771.3615882619204	1.9536514970619454	1.9536489143851015	0.00013219741841208332
1773.1585882619204	1.9534663389941616	1.9534637403906572	0.00013302525118108477
1774.9555882619204	1.9532811202752511	1.9532785166525877	0.00013329482563273487
1776.7525882619204	1.9530958417852866	1.9530932364200158	0.00013339669334699877
1778.5495882619202	1.9529105043938433	1.9529078967932492	0.00013352381423858972
1780.3465882619203	1.952725108970013	1.9527224955424627	0.00013383489250173852
1782.1435882619203	1.952539656374413	1.9525370337944796	0.0001343163466560604
1783.9405882619203	1.9523541474627302	1.9523515181302602	0.00013467497550490037
1785.7375882619203	1.9521685830881017	1.9521659692891935	0.00013389206909852902
1787.5345882619204	1.9519829640936077	1.951980355529822	0.00013363660614773565
1789.3315882619204	1.951797291321863	1.9517946547354736	0.00013508505218862155
1791.1285882619204	1.9516115656071682	1.9516089062201676	0.0001362662041648477
1792.9255882619204	1.9514257877791945	1.9514231190580262	0.00013675750237807094
1794.7225882619202	1.951239958664985	1.9512372925495465	0.00013663698442689665
1796.5195882619203	1.9510540790819697	1.9510514133007641	0.00013663287112830602
1798.3165882619203	1.950868149847129	1.9508654713585565	0.0001372972629032354
1800.1135882619203	1.9506821717692564	1.9506794861741663	0.00013767466217062818
1801.9105882619203	1.950496145652825	1.950493458126273	0.00013778681686726912
1803.7075882619204	1.9503100722996225	1.9503073731282141	0.00013839703987272856
1805.5045882619204	1.9501239525022267	1.9501212418759408	0.00013899764075286924
1807.3015882619204	1.9499377870527792	1.9499350728261498	0.00013919555010843965
1809.0985882619204	1.9497515767353757	1.949748856709243	0.00013950629225156774
1810.8955882619202	1.9495653223300762	1.9495625941328942	0.00013993874177220533
1812.6925882619203	1.949379024614202	1.949376293007829	0.00014012700139121037
1814.4895882619203	1.9491926843562515	1.9491899489290017	0.00014033642089517073
1816.2865882619203	1.949006302324303	1.9490035584790149	0.00014078175553100536
1818.0835882619203	1.9488198792785356	1.948817128476225	0.0001411522090655204
1819.8805882619204	1.9486334159753607	1.9486306603310142	0.00014141419949487144
1821.6775882619204	1.9484469131684021	1.948444152267375	0.00014169752372561462
1823.4745882619204	1.9482603716028184	1.9482576047335711	0.00014201742681851925
1825.2715882619202	1.948073792023363	1.9480710182404244	0.00014238592757065405
1827.0685882619202	1.9478871751670523	1.947884395162015	0.00014271899692053225
1828.8655882619203	1.9477005217673806	1.9476977359165377	0.00014303281288263747
1830.6625882619203	1.947513832555006	1.947511036455836	0.00014357275022192084
1832.4595882619203	1.9473271082524803	1.9473243100468745	0.0001436946876598455
1834.2565882619203	1.9471403495819635	1.9471375678183758	0.0001428640512890489
1836.0535882619204	1.9469535572580268	1.946950768695623	0.0001432269605694536
1837.8505882619204	1.9467667319919526	1.9467639141738597	0.0001447434891166388
1839.6475882619204	1.9465798744921352	1.9465770444910355	0.00014538325073809588
1841.4445882619202	1.9463929854592248	1.946390153591763	0.00014549309840239388
1843.2415882619202	1.9462060655934916	1.9462032352386902	0.00014542934848593703
1845.0385882619203	1.9460191155876778	1.9460162834318706	0.00014553586779042504
1846.8355882619203	1.9458321361316984	1.945829297116623	0.0001459023634575729
1848.6325882619203	1.9456451279131248	1.945642280168606	0.00014636505281107048
1850.4295882619203	1.9454580916102637	1.9454552338876068	0.00014689201834894305
1852.2265882619204	1.9452710279010756	1.9452681596434795	0.00014744771064112427
1854.0235882619204	1.9450839374588293	1.9450810646754395	0.00014769457166163846
1855.8205882619204	1.9448968209528443	1.9448939488224972	0.00014767520395420064
1857.6175882619202	1.944709679048845	1.9447068033392674	0.00014787346452882488
1859.4145882619202	1.9445225124058008	1.9445196302923635	0.00014821702597478392
1861.2115882619203	1.9443353216823238	1.9443324320145534	0.00014861982593483702
1863.0085882619203	1.944148107529718	1.9441452105167072	0.00014901195024563663
1864.8055882619203	1.9439608705966815	1.9439579671631197	0.00014935658456671774
1866.6025882619203	1.9437736115289332	1.9437707035424099	0.00014960520637874453
1868.3995882619204	1.9435863309653987	1.943583416843898	0.00014993527450712918
1870.1965882619204	1.943399029544653	1.9433961040528691	0.00015053479699433936
1871.9935882619204	1.943211707898225	1.9432087724673004	0.00015106078832261005
1873.7905882619202	1.943024366655207	1.9430214242681665	0.00015143335776457434
1875.5875882619202	1.942837006441685	1.9428340577167242	0.00015177418132283904
1877.3845882619203	1.9426496278772476	1.942646674150004	0.0001520463186577281
1879.1815882619203	1.9424622315811404	1.9424592751023622	0.00015220263901438713
1880.9785882619203	1.9422748181656988	1.9422718529299954	0.00015266818451653563
1882.7755882619203	1.9420873882410048	1.9420844092146066	0.00015339301496775093
1884.5725882619204	1.9418999424141123	1.9418969571661262	0.00015372820817427524
1886.3695882619204	1.9417124812858595	1.9417094967653328	0.00015370558491545339
1888.1665882619204	1.941525005456749	1.9415220275582141	0.00015337935522774515
1889.9635882619202	1.941337515520509	1.9413345321949702	0.00015367371798413743
1891.7605882619202	1.9411500120687872	1.9411470102777928	0.00015463982566688017
1893.5575882619203	1.9409624956901805	1.9409594825043026	0.00015524183928361523
1895.3545882619203	1.9407749669673502	1.940771948234297	0.00015554266230566327
1897.1515882619203	1.9405874264826304	1.940584405652666	0.00015566574961267676
1898.9485882619203	1.9403998748116975	1.9403968445688768	0.00015616589444933382
1900.7455882619204	1.9402123125283204	1.9402092670940894	0.0001569639678788981
1902.5425882619204	1.9400247402032211	1.9400216969389514	0.00015686729177843972
1904.3395882619204	1.9398371584013694	1.939834119404467	0.000156662474948277
1906.1365882619202	1.939649567687395	1.9396465144617239	0.00015741120056311786
1907.9335882619202	1.9394619686197379	1.9394589116165342	0.00015762119872642089
1909.7305882619203	1.939274361754854	1.9392713152648238	0.0001570943281792303
1911.5275882619203	1.9390867476458382	1.939083705017776	0.00015691036338028042
1913.3245882619203	1.9388991268406555	1.9388960772700121	0.00015728361528744017
1915.1215882619204	1.938711499886987	1.9387084282735092	0.0001584358207962211
1916.9185882619204	1.9385238673260305	1.9385207807695966	0.0001592219980306453
1918.7155882619204	1.938336229697398	1.938333141268077	0.0001593340346994765
1920.5125882619204	1.938148587537628	1.9381454982607484	0.00015939319097935112
1922.3095882619202	1.937960941378054	1.9379578540796176	0.0001593065355631751
1924.1065882619203	1.9377732917497004	1.937770214062181	0.00015882598509708856
1925.9035882619203	1.9375856391773172	1.9375825475216366	0.0001595622726502377
1927.7005882619203	1.9373979841841984	1.9373948559777816	0.00016146431669472605
1929.4975882619203	1.9372103272905792	1.9372071948644567	0.00016169778150887382
1931.2945882619204	1.937022669011634	1.9370195469022837	0.00016118083696614605
1933.0915882619204	1.9368350098621936	1.9368318832993736	0.0001614263891447365
1934.8885882619204	1.936647350351374	1.9366442130882762	0.00016199454676568692
1936.6855882619204	1.936459690986687	1.936456539740327	0.0001627323498953892
1938.4825882619202	1.9362720322721683	1.936268869774027	0.00016332922690986962
1940.2795882619203	1.936084374707495	1.9360812034546349	0.00016379724465664935
1942.0765882619203	1.9358967187921041	1.935893539790671	0.00016421337990513152
1943.8735882619203	1.93570906501927	1.935705882584932	0.00016440664538652783
1945.6705882619203	1.9355214138810948	1.9355182331466765	0.00016433475731325586
1947.4675882619204	1.9353337658666023	1.9353305923926178	0.00016397553954661248
1949.2645882619204	1.9351461214602803	1.9351429504877335	0.0001638621761723691
1951.0615882619204	1.9349584811463252	1.9349552917715744	0.00016482910520920768
1952.8585882619204	1.934770845402997	1.934767644757934	0.00016542760453708283
1954.6555882619202	1.9345832147074922	1.9345800159280693	0.00016534721271055375
1956.4525882619203	1.934395589533923	1.9343923817022026	0.0001658312155816688
1958.2495882619203	1.9342079703521324	1.9342047472525121	0.0001666366631680738
1960.0465882619203	1.934020357631704	1.9340171228296266	0.00016725791250893352
1961.8435882619203	1.933832751836257	1.9338295102472403	0.00016762509652545887
1963.6405882619204	1.9336451534284904	1.9336419099154714	0.00016774086047943726
1965.4375882619204	1.9334575628680415	1.93345431467382	0.00016799925086630196
1967.2345882619204	1.9332699806104263	1.9332667294307835	0.00016816997500113118
1969.0315882619204	1.933082407110909	1.9330791650583887	0.00016771413925420475
1970.8285882619202	1.9328948428187305	1.9328915939136775	0.00016808493565889648
1972.6255882619203	1.9327072881826295	1.932704012603659	0.00016948137933070484
1974.4225882619203	1.932519743649119	1.9325164627555018	0.0001697728381877539
1976.2195882619203	1.932332209659507	1.932328933648084	0.00016953665661345596
1978.0165882619203	1.9321446866544436	1.9321414001090944	0.00017009830433067918
1979.8135882619204	1.9319571750701168	1.9319538781630894	0.00017065114432668338
1981.6105882619204	1.9317696753417084	1.931766373152804	0.00017094112960691632
1983.4075882619204	1.9315821879012085	1.9315788830052827	0.00017109786714097908
1985.2045882619204	1.9313947131768405	1.9313914063385118	0.00017121504507500163
1987.0015882619202	1.9312072515965397	1.9312039407289427	0.00017144030473037475
1988.7985882619203	1.9310198035828101	1.9310164902038303	0.0001715870015184251
1990.5955882619203	1.9308323695574956	1.9308290545590059	0.00017168753444485318
1992.3925882619203	1.9306449499393865	1.9306416225631275	0.0001723453221691429
1994.1895882619203	1.9304575451436705	1.930454201935534	0.0001731821631989483
1995.9865882619204	1.9302701555852617	1.930266808661288	0.00017339147911910047
1997.7835882619204	1.9300827816736434	1.9300794299717774	0.00017365586066908634
1999.5805882619204	1.9298954238179347	1.929892063107338	0.0001741395183940675
2001.3775882619202	1.9297080824251218	1.929704721536744	0.0001741656372011846
2003.1745882619202	1.9295207578967342	1.9295173974643614	0.00017415891272465345
2004.9715882619203	1.9293334506328998	1.9293300724823248	0.00017509417948868844
2006.7685882619203	1.9291461610326206	1.9291427663743665	0.00017596687709175995
2008.5655882619203	1.9289588894932272	1.9289554874263954	0.00017636803202325524
2010.3625882619203	1.928771636407766	1.928768233306224	0.000176438800636447
2012.1595882619204	1.9285844021666665	1.928580999279421	0.0001764448183783074
2013.9565882619204	1.9283971871602588	1.92839377506274	0.00017693956106956676
2015.7535882619204	1.928209991773344	1.9282065779639692	0.00017704551835695526
2017.5505882619202	1.9280228163903983	1.9280194110868605	0.00017662153730668706
2019.3475882619202	1.9278356613929017	1.927832243123291	0.00017731125527831182
2021.1445882619203	1.9276485271591919	1.9276450875114302	0.00017843749590129576
2022.9415882619203	1.9274614140673367	1.9274579811912562	0.00017810349174363083
2024.7385882619203	1.9272743224903697	1.9272708893509007	0.000178134447637035
2026.5355882619203	1.9270872528010106	1.9270838014824077	0.00017909508758240378
2028.3325882619204	1.9269002053680007	1.926896741342076	0.00017977194226581616
2030.1295882619204	1.9267131805610838	1.9267097240560076	0.0001793990465848161