231.1295882619204	0.014856870121411285	0.01432922951917644	3.551492325926864
231.72858826192038	0.029527922239292324	0.028930886120667874	2.0219374522396527
232.3275882619204	0.046619250676555965	0.04641651084721181	0.4348843587185902
232.9265882619204	0.06571004898849833	0.06645085055877725	1.1273794216902555
233.52558826192038	0.08633560567692297	0.08866293756661985	2.695680271713141
234.1245882619204	0.10820552439017886	0.11282360077026077	4.267874866933363
234.72358826192038	0.13107018878479637	0.13873783325081074	5.850029314143912
235.3225882619204	0.15477499993228094	0.16628314040525433	7.435400082706223
235.9215882619204	0.1791589084272346	0.1953315374758477	9.02697453929937
236.52058826192038	0.20410224467436297	0.22578585733318526	10.623897200845423
237.1195882619204	0.2295036980749946	0.2575618192507633	12.225563862853406
237.7185882619204	0.2552677626987069	0.2927929045651873	14.700305855217376
238.31758826192038	0.28132516748617403	0.32050378302042776	13.92645239824808
238.9165882619204	0.30760610325909593	0.33512434362013627	8.945934449766678
239.51558826192039	0.33405412630409537	0.3396513360334212	1.675539766939016
240.1145882619204	0.36062022627033685	0.34478187963407647	4.391974016562028
240.7135882619204	0.38725753477119623	0.37231586163602826	3.8583298692938195
241.31258826192038	0.41393030205968206	0.40593786560761813	1.9308652718330266
241.9115882619204	0.44060274604172905	0.43783479111580625	0.6282200805123206
242.5105882619204	0.4672452167041692	0.4704136119178832	0.6781011555480498
243.10958826192038	0.49383168901673485	0.5036490553207857	1.9879984461098843
243.7085882619204	0.5203372142416565	0.5375164339823394	3.301555082067331
244.3075882619204	0.5467424680620356	0.5719942599313137	4.61858980129799
244.90658826192038	0.5730281608213144	0.6070610802397668	5.939135586229027
245.5055882619204	0.5991782690122582	0.6426973317228446	7.263124342330918
246.10458826192038	0.6251787157505915	0.6788846355580506	8.590490759586977
246.7035882619204	0.6510160443733367	0.7182325863240319	10.324867187474208
247.3025882619204	0.6766799067542673	0.7480917251108029	10.553264201247892
247.90158826192038	0.7021599907990368	0.7614578728357504	8.445067052201939
248.5005882619204	0.7274478621633824	0.7669746703656646	5.433627653359507
249.0995882619204	0.7525361880652524	0.7678491364087469	2.034845444823552
249.69858826192038	0.7774180186390608	0.7631146794003166	1.8398517780412904
250.2975882619204	0.8020882065063051	0.7721001392457529	3.7387493067841837
250.89658826192039	0.8265416315019062	0.805200755278209	2.5819481330805694
251.49558826192037	0.8507742983334248	0.8403747356793093	1.2223644595854677
252.0945882619204	0.8747828523327099	0.8738212594897066	0.1099236045195795
252.69358826192038	0.8985641837011443	0.9075943238704389	1.004952159577499
253.2925882619204	0.9221162536190954	0.9416856246291083	2.12222384468419
253.8915882619204	0.945437041970335	0.9760868782557401	3.241869624817073
254.49058826192038	0.9685252162192347	1.0107902904742083	4.363858942151322
255.0895882619204	0.9913798194730079	1.0457883671680503	5.4881637316326115
255.6885882619204	1.0140000534678066	1.082226454317173	6.728441543571617
256.2875882619204	1.0363857608218565	1.1142973438022106	7.517623835218457
256.8865882619204	1.0585367963368433	1.135800086974915	7.299065172363206
257.4855882619204	1.0804534364246918	1.149358297177414	6.377402156332979
258.0845882619204	1.1021361764252977	1.1555280192241162	4.844396177248367
258.68358826192036	1.1235856145363559	1.1529350813250956	2.6121255389025766
259.2825882619204	1.1448027280251185	1.1504077047933057	0.48960197516791926
259.8815882619204	1.165788501482998	1.1543240518534947	0.983407334599673
260.4805882619204	1.1865441728335517	1.1646494563246088	1.8452508562455616
261.0795882619204	1.2070711047179217	1.1827964394634802	2.01103855104825
261.67858826192037	1.2273707253042776	1.2127119648389764	1.194322152474936
262.2775882619204	1.2474446799373862	1.2456350806309733	0.14506449348148376
262.8765882619204	1.267294617985861	1.2776925149668934	0.8204798500255572
263.4755882619204	1.2869223357166462	1.3099284106631244	1.7876816889394354
264.0745882619204	1.3063296939718967	1.3423389833790378	2.7565238372293965
264.6735882619204	1.3255185902354527	1.3749205019806696	3.726987468085352
265.2725882619204	1.344491047671226	1.4080766882593088	4.7293465209916175
265.8715882619204	1.363249089720807	1.4415518282225712	5.743832076777755
266.4705882619204	1.3817948128204747	1.470761421272627	6.438481866244428
267.0695882619204	1.4001303404652843	1.491378244820178	6.517100709678991
267.6685882619204	1.4182578121522378	1.498542906626447	5.66082511841588
268.26758826192037	1.4361794329710384	1.4905137987468673	3.7832574766390348
268.8665882619204	1.4538974069353572	1.482652128971814	1.9777683005204771
269.4655882619204	1.471413966073281	1.4747727980691563	0.2282724014669224
270.0645882619204	1.488731352259919	1.4704005305902739	1.2313048718842756
270.6635882619204	1.5058518176063016	1.4730600510865466	2.177622401909418
271.26258826192037	1.5227776216488085	1.488751903935379	2.234450863323556
271.86158826192036	1.5395110237014489	1.5181067951836629	1.390326421068666
272.4605882619204	1.5560542874246985	1.5475738923469613	0.5449935228013514
273.0595882619204	1.5724096741170663	1.577151093360721	0.30153841722684316
273.6585882619204	1.5885794488802891	1.606836270762497	1.1492545679774757
274.2575882619204	1.6045658553951536	1.6366274112377273	1.9981452138452704
274.85658826192036	1.6203711367132223	1.6665225055359327	2.848197414595055
275.4555882619204	1.635997523430277	1.696519624487822	3.6994005303043087
276.0545882619204	1.6514472339488626	1.7266168772735375	4.551743572510825
276.6535882619204	1.6667224821227415	1.7599475050809192	5.593314061465482
277.2525882619204	1.6818254496242595	1.78468581458375	6.115995270643038
277.85158826192037	1.6967583168974862	1.7895793637399848	5.4704931113713995
278.4505882619204	1.7115232411418877	1.7792562897029625	3.9574717382093505
279.0495882619204	1.7261223618282244	1.771523498986338	2.6302386297821334
279.6485882619204	1.7405578077884238	1.7627080987340977	1.2725972585661216
280.2475882619204	1.7548316715564654	1.7551527890461358	0.018299047987069272
280.8465882619204	1.7689460437600526	1.7512002700223464	1.0031834379745197
281.44558826192036	1.7829029806371945	1.753193241762623	1.6663687927625515
282.0445882619204	1.7967045207697117	1.7634744043668615	1.8495036896002404
282.6435882619204	1.8103526903508829	1.7888656764169546	1.1868965670862486
283.2425882619204	1.8238494733689252	1.815880015015815	0.4369581190485694
283.8415882619204	1.8371968520202375	1.8429629629641784	0.3138537352489035
284.44058826192037	1.8503967745974796	1.8701133232616793	1.0655308599145652
285.03958826192036	1.8634511686809183	1.8973299303802194	1.8180654405493657
285.6385882619204	1.8763619453890883	1.9246116353022245	2.571448969731205
286.2375882619204	1.8891309754531966	1.9520451821219804	3.3303252916961457
286.8365882619204	1.9017601276378857	1.9796569442705598	4.0960379545567305
287.4355882619204	1.9142512342145088	2.006077861676487	4.796999778331501
288.03458826192036	1.9266061053551027	2.0302455473417633	5.379378882823493
288.6335882619204	1.9388265307154846	2.0439220455601506	5.420573381873539
289.2325882619204	1.9509142640567314	2.0487967667923983	5.01726316420128
289.8315882619204	1.9628710572995347	2.0476933576901373	4.321338382119633
290.4305882619204	1.974698628607517	2.0425036246807187	3.433688315316008
291.02958826192037	1.9863986742782278	2.0351193741914946	2.4527150840437217
291.6285882619204	1.99797286970348	2.0274324126498167	1.474471620363338
292.2275882619204	2.009422854249754	2.021334546483039	0.5927917166908214
292.8265882619204	2.0207502652988727	2.0187175821185117	0.10059051903973382
293.4255882619204	2.0319566974069385	2.0214733259835875	0.5159249425309653
294.02458826192037	2.043043733402267	2.031493584505619	0.5653402669659746
294.6235882619204	2.054012943923826	2.054507793443617	0.024091840377882257
295.2225882619204	2.064865855706001	2.079244923601224	0.69636813720797
295.8215882619204	2.0756039933746893	2.104024976359184	1.3692873532337835
296.4205882619204	2.086228844413514	2.1288472529931166	2.0428443741311364
297.0195882619204	2.096741883595922	2.1537110695966115	2.7170338154826723
297.6185882619204	2.1071445725858684	2.1786157523222474	3.391849836324723
298.21758826192035	2.1174383292714696	2.203560649864599	4.0672882606578975
298.8165882619204	2.12762456927841	2.2285451122423354	4.7433435588757344
299.4155882619204	2.137704675840692	2.2490364937617833	5.208007409971538
300.0145882619204	2.147680021636476	2.2591454798057815	5.1900402781775545
300.61358826192037	2.1575519683183555	2.2630415806299906	4.889319648409507
301.21258826192036	2.16732183580672	2.2621066022118503	4.373359084893336
301.8115882619204	2.176990941724364	2.2577223505287995	3.708394337207932
302.4105882619204	2.1865605717516816	2.251270631558279	2.959445104909997
303.0095882619204	2.1960320000781066	2.2441332512777286	2.190371142037595
303.6085882619204	2.2054064858065114	2.237692015664588	1.4639264945423225
304.20758826192036	2.214685255686176	2.233328730696297	0.8418114927281062
304.8065882619204	2.2238695344977852	2.2324252023502957	0.3847198641732774
305.4055882619204	2.2329605200027673	2.2363632366040243	0.15238588281232257
306.0045882619204	2.241959396852829	2.246524639434922	0.20362735330985426
306.6035882619204	2.2508673315026924	2.2674178017372544	0.7352930136274471
307.20258826192037	2.259685464634095	2.290012217575054	1.3420785067478347
307.8015882619204	2.268414935368489	2.312634276452369	1.9493497593594755
308.4005882619204	2.27705685521301	2.335291556787931	2.5574548760871174
308.9995882619204	2.285612323084215	2.357966355198491	3.1656301194876724
309.5985882619204	2.2940824178014454	2.3820098161111596	3.8327916044960553
310.1975882619204	2.30246819825553	2.4020937704654677	4.326903289496875
310.7965882619204	2.310770722004215	2.4114974849782693	4.359011563323367
311.39558826192035	2.3189910240487817	2.4177030009204104	4.256677833072642
311.9945882619204	2.3271301271529	2.425347725930471	4.220546055055996
312.5935882619204	2.3351890347857953	2.4290116035551312	4.01777189648127
313.1925882619204	2.3431687308865614	2.4274640119022153	3.597490863739883
313.79158826192037	2.3510701982872475	2.4233745650898255	3.075381026702284
314.39058826192036	2.358894392397547	2.417874144727176	2.5003133891756013
314.9895882619204	2.3666422614686993	2.412093632423479	1.9205002671833116
315.5885882619204	2.3743147385029704	2.4071639097879505	1.3835221907307682
316.1875882619204	2.381912740129817	2.404215858429803	0.9363532896998983
316.7865882619204	2.3894371826525167	2.404380359958251	0.6253848150611807
317.38558826192036	2.396888951038026	2.408788295982507	0.4964495722393769
317.9845882619204	2.4042689263559627	2.4185705481117865	0.5948428480294865
318.5835882619204	2.411577978069628	2.4363987679118417	1.0292343879372279
319.1825882619204	2.418816955928495	2.4583071741311304	1.6326253256099044
319.7815882619204	2.425986708203681	2.479857100594432	2.2205559580596113
320.38058826192037	2.433088063025336	2.49591506865263	2.5821920127779396
320.9795882619204	2.440121840034172	2.505386424814489	2.6746445078907666
321.5785882619204	2.447088840882397	2.5146354283127956	2.76028341521275
322.1775882619204	2.4539898551693127	2.5239492550028846	2.850843074440701
322.7765882619204	2.460825671453402	2.532891862696797	2.9285370385798704
323.37558826192037	2.4675970628693342	2.541423399578954	2.991831114589427
323.9745882619204	2.474304794019208	2.549497448076142	3.0389406446079903
324.5735882619204	2.4809496122564743	2.5570591619912935	3.067758787152308
325.1725882619204	2.4875322527137893	2.564020832320426	3.074877904525297
325.7715882619204	2.4940534498556453	2.570298008503703	3.0570539156837384
326.3705882619204	2.5005139171340938	2.575711077232156	3.0072682092586733
326.9695882619204	2.506914364514192	2.580100235356156	2.9193606242767123
327.56858826192035	2.513255491522916	2.5788177666576577	2.6086593804680813
328.1675882619204	2.519537981581485	2.5728041893141174	2.114126007308581
328.7665882619204	2.525762515909532	2.565736172723549	1.582637186284419
329.3655882619204	2.5319297653359616	2.560166242073355	1.1152156400217716
329.96458826192037	2.538040392510098	2.5586469225509396	0.8119070957914198
330.56358826192036	2.5440950415154022	2.5669922501292164	0.9000138847083061
331.1625882619204	2.550094350901328	2.5774770512646947	1.0737916561278649
331.7615882619204	2.556038959749971	2.5877692285181446	1.2413843946759373
332.3605882619204	2.561929486578261	2.597861022145798	1.4025185219101344
332.9595882619204	2.567766547807912	2.607742503345416	1.5568376171747778
333.55858826192036	2.573550750175111	2.617400837995206	1.7038749990499147
334.1575882619204	2.579282688440279	2.6268188262462093	1.8429983661339522
334.7565882619204	2.584962956446199	2.635979339712867	1.9735827602266776
335.3555882619204	2.5905921312237226	2.6448572218964275	2.0946983517267093
335.9545882619204	2.596170787757589	2.6534247186623356	2.2053222066410694
336.55358826192037	2.6016994918631724	2.661648869904558	2.3042391417178676
337.1525882619204	2.6071787984832127	2.6694817079006046	2.3896676918989224
337.7515882619204	2.6126092616952707	2.676876889799969	2.459902023886884
338.3505882619204	2.6179914199102874	2.6837565973975357	2.512047097904624
338.9495882619204	2.623325809860624	2.690026311673549	2.542593129767168
339.5485882619204	2.6286129595958903	2.695647077107933	2.5501707000009866
340.1475882619204	2.6338533873037258	2.70012516314919	2.516152803528171
340.74658826192035	2.6390476105241243	2.70256216226639	2.4067224664299003
341.3455882619204	2.6441961306999637	2.703923908033323	2.2588255326411177
341.9445882619204	2.6492994492033515	2.704828617755592	2.0959944172765477
342.5435882619204	2.6543580624496834	2.7033337991763946	1.8451066349922662
343.14258826192037	2.659372454084493	2.6996638100295836	1.5150700641126003
343.74158826192036	2.66434310577377	2.6960498329524727	1.190039192399528
344.3405882619204	2.6692704874982183	2.6940011083127064	0.9264936217710407
344.9395882619204	2.6741550682721353	2.69502687647793	0.7805010432428316
345.5385882619204	2.678997311811396	2.7027954463189645	0.8883224482027385
346.13758826192037	2.6837976675808224	2.7122611169418014	1.0605661412112388
346.73658826192036	2.6885565792712613	2.7215500262468657	1.2271806823774378
347.3355882619204	2.6932744995732887	2.7306486108634216	1.3876829597597284
347.9345882619204	2.697951871015522	2.739541374160285	1.541521314429839
348.5335882619204	2.7025891104784536	2.74820992219189	1.688040980279104
349.1325882619204	2.7071866442093717	2.75663068378849	1.8263993613029328
349.73158826192036	2.7117449044700894	2.7650356977549	1.9651846011387475
350.3305882619204	2.716264296269109	2.7719528457901004	2.0501889156177233
350.9295882619204	2.7207452280469595	2.7768820959639844	2.063290136038276
351.5285882619204	2.7251881060344183	2.781521637629773	2.0671428688028737
352.1275882619204	2.729593327426868	2.786070185338337	2.0690575897878594
352.72658826192037	2.733961288282737	2.7903657936243556	2.063105486656225
353.3255882619204	2.738292373869693	2.7943854169812496	2.0484680031551017
353.9245882619204	2.7425869688960938	2.7981042372681753	2.0242664681815903
354.5235882619204	2.746845451053151	2.801492048124683	1.9894310781329416
355.1225882619204	2.7510681928433756	2.804505765459213	1.9424299533850053
355.7215882619204	2.7552555664160963	2.807104938927532	1.8818353238599483
356.32058826192036	2.759407933412696	2.8092156355977522	1.8050140967543316
356.91958826192035	2.7635256543085696	2.8107507237421836	1.708870310647792
357.5185882619204	2.767609079458656	2.8116022971709573	1.5895748441794533
358.1175882619204	2.7716585594662235	2.811503048297905	1.4375684441937375
358.7165882619204	2.7756744473599966	2.809282116665316	1.2107929061091705
359.3155882619204	2.7796570796185183	2.808586664874067	1.0407609437750764
359.91458826192036	2.783606793483955	2.811371768528953	0.9974460153636677
360.5135882619204	2.787523919919231	2.8165235059577602	1.0403349665020656
361.1125882619204	2.791408787932149	2.8229739785371812	1.1307978516616801
361.7115882619204	2.795261727878093	2.8289585151664887	1.2054966786231969
362.3105882619204	2.799083055907731	2.834796412952815	1.2758948674176596
362.90958826192036	2.8028730892523863	2.840499029168671	1.342406121082007
363.5085882619204	2.806632143041017	2.8460603203580748	1.4048216975929506
364.1075882619204	2.8103605237351568	2.8514738432431352	1.4629197628116541
364.7065882619204	2.814058534177784	2.8567334287417205	1.516489228835649
365.3055882619204	2.8177264755272438	2.861830374205392	1.5652299490813926
365.90458826192037	2.8213646474946232	2.8667558749481556	1.6088394491594604
366.5035882619204	2.8249733436911706	2.871499887561205	1.6469728457416677
367.10258826192035	2.828552852554456	2.8760499527161203	1.679201437539679
367.7015882619204	2.8321034595809884	2.8803935379511807	1.7050958434031482
368.3005882619204	2.8356254504454474	2.884512675413872	1.7240367538930323
368.89958826192037	2.8391191084331235	2.8883886203556908	1.735380237349693
369.4985882619204	2.8425847066288417	2.892062106523609	1.7405778543516215
370.09758826192035	2.8460225169289606	2.8953223702977886	1.7322369403466986
370.6965882619204	2.849432810884181	2.89764649805567	1.6920450619970495
371.2955882619204	2.852815853169797	2.8995398035686497	1.6378186607080458
371.8945882619204	2.8561719081836	2.9012978347122202	1.5799443443625938
372.4935882619204	2.859501235736362	2.9028042989895106	1.5143572141873118
373.09258826192035	2.8628040922410634	2.904027252524783	1.4399574317867314
373.6915882619204	2.8660807330596016	2.9049353737853973	1.355671537009262
374.2905882619204	2.8693314073895277	2.905472876481305	1.2595780675142887
374.8895882619204	2.872556364180941	2.9055760138431705	1.1494865714025693
375.48858826192037	2.8757558480474144	2.9045228917282486	1.0003298332981414
376.08758826192036	2.8789301005697547	2.9038580603454367	0.865875825562723
376.6865882619204	2.8820793622806544	2.907599459160004	0.8854751612098255
377.2855882619204	2.8852038680846768	2.9131007451945745	0.9668944859836603
377.8845882619204	2.888303852639965	2.9186668879588002	1.0512410351522838
378.4835882619204	2.89137954644864	2.9241834727062175	1.1345423778026387
379.08258826192036	2.8944311772799445	2.9295129580121544	1.2120440453926573
379.6815882619204	2.8974589718486548	2.9348472628952935	1.2903820695961077
380.28058826192034	2.9004631516794697	2.939563155276417	1.3480606907316561
380.8795882619204	2.903443938068878	2.943283148062803	1.3721363609459747
381.4785882619204	2.90640154838187	2.946818436135658	1.3906160962613878
382.07758826192037	2.9093361975103846	2.950331443084051	1.4090927548609633
382.6765882619204	2.9122480992905584	2.953737025291816	1.4246356967788643
383.27558826192035	2.9151374627698154	2.957030618029468	1.4370902159738241
383.8745882619204	2.9180044967839103	2.960207736895207	1.4463048346159635
384.4735882619204	2.9208494061500607	2.9632632403453427	1.4521061615150987
385.0725882619204	2.923672394538236	2.9661914904901154	1.4543043889359897
385.6715882619204	2.9264736663981963	2.968986969297139	1.4527143499386774
386.27058826192035	2.929253415622536	2.9716421378558033	1.4470827961553745
386.8695882619204	2.932011836971926	2.9741506488075453	1.4371978756790638
387.4685882619204	2.9347491267225405	2.9765002730709833	1.42264788387787
388.0675882619204	2.937465477020029	2.978680168910821	1.403069830546677
388.6665882619204	2.9401610782432663	2.980681755430841	1.3781788177328558
389.26558826192036	2.942836116922358	2.9824948345531213	1.3476359557609063
389.8645882619204	2.9454907794040337	2.984099193755997	1.3107633750520709
390.4635882619204	2.9481252486975773	2.9853138454633914	1.2614320501560528
391.0625882619204	2.950739705982009	2.986169734779916	1.2007168482560449
391.6615882619204	2.953334331398518	2.9868743635742754	1.1356666199005883
392.26058826192036	2.955909301314709	2.987352377232762	1.0637361540175805
392.8595882619204	2.95846479192703	2.9875888780232387	0.9844324047959541
393.4585882619204	2.9610009762685787	2.9879016504279337	0.908499334345203
394.0575882619204	2.9635180257179936	2.9889609155219246	0.8585366980437659
394.6565882619204	2.966016110627997	2.992391489803261	0.8892527279522833
395.25558826192037	2.968495397860649	2.996669366272584	0.9490992787874797
395.8545882619204	2.970956054117419	3.0005399405178155	0.9957699091306393
396.45358826192034	2.9733982430926673	3.0043327403832825	1.040375178887576
397.0525882619204	2.9758221269899683	3.008045740833008	1.0828474440988778
397.6515882619204	2.97822786700213	3.011676710933528	1.1231123146083322
398.25058826192037	2.9806156210935297	3.01522320378639	1.1610884156932677
398.8495882619204	2.982985547078577	3.0186827450166778	1.1966936270630502
399.44858826192035	2.9853377999256416	3.022104315349728	1.2315696878591798
400.0475882619204	2.9876725332529985	3.0253554416279336	1.2612797405177956
400.6465882619204	2.9899898996814156	3.0280110635149597	1.2716151261111364
401.2455882619204	2.9922900488432376	3.030384195349156	1.2730766698450635
401.8445882619204	2.99457313023006	3.0327524022653707	1.2749487280805605
402.44358826192035	2.9968392906320798	3.0350444689627607	1.2748490868398354
403.0425882619204	2.9990886756210435	3.0372586682429854	1.2727197075637742
403.6415882619204	3.0013214297878195	3.039392151142873	1.2684653158840486
404.2405882619204	3.003537694955836	3.041442202495512	1.2619953997358824
404.83958826192037	3.005737612816156	3.0434060801805183	1.2532187508233372
405.43858826192036	3.0079213225436514	3.0452805840044164	1.242029210696649
406.0375882619204	3.010088962045884	3.0470622770364986	1.2283130318342605
406.6365882619204	3.0122406679238964	3.048747660154855	1.21195469604094
407.2355882619204	3.014376575193412	3.0503321556839604	1.1928032080146256
407.8345882619204	3.0164968187164467	3.0518111337522225	1.170706191919746
408.43358826192036	3.0186015300155313	3.0531790328887287	1.1454808635513958
409.0325882619204	3.0206908399437036	3.054429539377439	1.116919976966746
409.63158826192034	3.022764878545707	3.055570930792476	1.0852995044243308
410.2305882619204	3.0248237734487415	3.056529426729086	1.0481818332244819
410.8295882619204	3.02686765216229	3.0572346129534806	1.0032470620080502
411.42858826192037	3.0288966398792483	3.0577692887497716	0.9532398197541037
412.0275882619204	3.0309108609013364	3.0582730046739752	0.9027696632589732
412.62658826192035	3.0329104386052337	3.0588702520829694	0.8559373579680729
413.2255882619204	3.034895494163526	3.0602658680391794	0.8359554365032773
413.8245882619204	3.036866148637485	3.0631564771996773	0.8657058716265098
414.4235882619204	3.0388225208854456	3.066224727411209	0.9017376413868128
415.0225882619204	3.040764728964497	3.069076324548394	0.9310682708931095
415.62158826192035	3.042692890026586	3.071874022688092	0.9590561294291922
416.2205882619204	3.0446071191787176	3.0746168892066215	0.9856697055874664
416.8195882619204	3.0465075314224483	3.0773039925598473	1.0108775645474743
417.4185882619204	3.048394239663611	3.079934530878526	1.034652631360311
418.0175882619204	3.0502673560885385	3.082507449934129	1.056959606548502
418.61658826192036	3.0521269919984384	3.0850214411761736	1.0777549316909996
419.2155882619204	3.053973256797571	3.0874849191914318	1.0973135511016752
419.8145882619204	3.0558062597902196	3.089908808518352	1.1159918472866126
420.4135882619204	3.0576261082820673	3.092041520498167	1.125559862367731
421.01258826192037	3.059432908936273	3.093872761494783	1.125693995704724
421.61158826192036	3.0612267675540368	3.0956659328563734	1.1250118961247058
422.2105882619204	3.0630077881720865	3.097421138170944	1.1235149362579522
422.8095882619204	3.064776074731933	3.099125168753321	1.1207701046932916
423.4085882619204	3.0665317289917713	3.100776509530483	1.11672676382093
424.0075882619204	3.068274853046577	3.1023739859599724	1.111345448063017
424.60658826192036	3.0700055504606696	3.103916320738805	1.1045833540283656
425.2055882619204	3.071723917239184	3.1054022714177307	1.0963991258959416
425.80458826192034	3.0734300486492345	3.1068306081609256	1.086751902044103
426.4035882619204	3.0751240445891566	3.108199728513656	1.075588608618827
427.0025882619204	3.076806002392764	3.109508104442263	1.0628587575579163
427.60158826192037	3.0784760175074855	3.110754335268016	1.0485161351578398
428.2005882619204	3.080134184252223	3.1119364408269594	1.0324958158424158
428.79958826192035	3.0817805969745447	3.1130523928915736	1.0147314168870158
429.3985882619204	3.0834153448821624	3.1141097675852945	0.9954683125670494
429.9975882619204	3.085038520326794	3.1150855741095107	0.9739604087515064
430.5965882619204	3.086650220430537	3.115884094929033	0.9471068119412118
431.1955882619204	3.0882505333691723	3.1165639958088134	0.9168123548821017
431.79458826192035	3.089839546398056	3.117204608187007	0.8856466938825802
432.3935882619204	3.0914173479896707	3.11771270646155	0.8505923177593244
432.9925882619204	3.0929840258073433	3.1182415501473457	0.8166070089356436
433.5915882619204	3.0945396670050727	3.119399193255339	0.8033351944176426
434.19058826192037	3.0960843567351892	3.1211279684863333	0.8088801487809771
434.78958826192036	3.0976181799369615	3.123315300112576	0.8295767484208572
435.3885882619204	3.099141220866892	3.125571828504664	0.8528365038614982
435.9875882619204	3.100653563142226	3.1277251999363473	0.8730945345176488
436.5865882619204	3.102155289450406	3.1298401585623767	0.8924398209889661
437.1855882619204	3.103646481302079	3.131916341941319	0.9108595585725299
437.78458826192036	3.105127220132288	3.1339534350935248	0.9283424773819382
438.3835882619204	3.1065975858801327	3.1359508809766115	0.944869565015205
438.98258826192034	3.1080576581652624	3.1379081492630894	0.9604226941995586
439.5815882619204	3.109507515867125	3.139853457114559	0.9759082778409534
440.1805882619204	3.1109472367231548	3.1416828155472274	0.9879813601868515
440.77958826192037	3.112376898397079	3.1432446177678517	0.9917731810266783
441.3785882619204	3.113796577132386	3.1447273518572083	0.9933460314002884
441.97758826192035	3.1152063488882304	3.1461997648216236	0.9949073179198686
442.5765882619204	3.116606288899089	3.1476378146134922	0.9956832155839868
443.1755882619204	3.1179964713417445	3.149041186246365	0.9956622847382857
443.77458826192037	3.1193769703234318	3.1504093219611655	0.9948253107259442
444.3735882619204	3.1207478585880652	3.151741604294447	0.9931512288341215
444.97258826192035	3.1221092086332085	3.1530375182523347	0.9906222861648661
445.5715882619204	3.1234610922541632	3.1542966980063194	0.9872255437605837
446.1705882619204	3.124803580259408	3.1555185931502003	0.9829421946656369
446.7695882619204	3.126136743387651	3.156702625630823	0.9777525665767506
447.3685882619204	3.1274606511082155	3.1578482096525695	0.9716367984865526
447.96758826192035	3.1287753726464964	3.1589547806021305	0.9645757320732917
448.5665882619204	3.1300809764871347	3.1600218732400354	0.956553423946982
449.1655882619204	3.1313775302646185	3.1610500475081085	0.9475867076616185
449.7645882619204	3.132665101563559	3.162048421705299	0.9379655720962443
450.36358826192037	3.133943756692912	3.1629376978874957	0.925158313152985
450.96258826192036	3.135213561781778	3.163701523390042	0.9086450108385824
451.5615882619204	3.136474582300214	3.164430569383445	0.8913187832285452
452.16058826192034	3.137726882845162	3.165131795182776	0.8734001830256188
452.7595882619204	3.138970527939383	3.1657988981443355	0.8546869098055687
453.3585882619204	3.140205580987875	3.16642665711142	0.8350114490050631
453.95758826192036	3.1414321052042395	3.1670224358566146	0.8146071535329646
454.5565882619204	3.142650163112215	3.167500037719745	0.7907299036721716
455.15558826192034	3.1438598164663847	3.167990231121353	0.7675410502905322
455.7545882619204	3.145061126966304	3.1687161822859258	0.7521334042381422
456.3535882619204	3.1462541551649004	3.169980379638301	0.7541102308741054
456.95258826192037	3.147438961483778	3.171740217010122	0.7720961652863068
457.5515882619204	3.1486156057236205	3.1734782119636376	0.7896361243595829
458.15058826192035	3.1497841469364207	3.1751612356429932	0.8056770725465512
458.7495882619204	3.1509446441146287	3.1768167146908497	0.8210893398125974
459.3485882619204	3.152097155164777	3.178457005550947	0.8362638931664446
459.9475882619204	3.1532417378795707	3.180060270463512	0.8505067106582054
460.5465882619204	3.1543784494416114	3.181485715047356	0.8593536267198054
461.14558826192035	3.155507346341187	3.1827868675120636	0.8645050756261874
461.7445882619204	3.156628485012292	3.1840858737973514	0.8698327635142222
462.3435882619204	3.1577419208479562	3.1853604801674984	0.8746300366473836
462.9425882619204	3.1588477091473446	3.186611427825706	0.8789191893602055
463.54158826192037	3.159945904616596	3.187838123307796	0.8826802588756566
464.14058826192036	3.1610365613166955	3.1890403351640715	0.8859047753535298
464.7395882619204	3.162119733254193	3.190217820482712	0.888583912020402
465.3385882619204	3.163195473438794	3.191370460508408	0.8907128031194533
465.9375882619204	3.1642638348047716	3.1924980679780837	0.8922844189777956
466.5365882619204	3.165324869712618	3.193600289913853	0.8932865144992919
467.13558826192036	3.166378629916143	3.194676989128716	0.8937136874664464
467.7345882619204	3.1674251671129254	3.195728136738627	0.8935639559718211
468.33358826192034	3.168464532058082	3.19675339476493	0.8928256075024565
468.9325882619204	3.169496775443768	3.197752499016762	0.8914892670631502
469.5315882619204	3.170521947399918	3.1987365330782116	0.8899034968495201
470.13058826192037	3.1715400974927412	3.1996712712127824	0.8869877994694075
470.7295882619204	3.1725512752339164	3.200480745514432	0.8803473248342186
471.32858826192034	3.1735555292374267	3.201243285086898	0.8724522257256506
471.9275882619204	3.174552908058254	3.2019943685014014	0.8644196911473889
472.5265882619204	3.175543459675916	3.2027232934190306	0.8559112507277478
473.12558826192037	3.1765272315488526	3.2034299577489898	0.8469225742169906
473.7245882619204	3.1775042709967325	3.2041138248516554	0.8374356597347976
474.32358826192035	3.178474624927914	3.204774842085215	0.8274477622390197
474.9225882619204	3.179438340044865	3.205412836209569	0.8169523477639551
475.5215882619204	3.1803954622618975	3.2060274117282335	0.8059359211922024
476.1205882619204	3.1813460370198756	3.206618320491434	0.7943896444296383
476.7195882619204	3.1822901096508542	3.207185320328665	0.7823048754201034
477.31858826192035	3.1832277247981113	3.207728353268808	0.7696787848330944
477.9175882619204	3.1841589270253987	3.2082472656387235	0.7565055377379615
478.5165882619204	3.185083760461228	3.2087295379258975	0.742391071726356
479.1155882619204	3.186002268210732	3.2092102969701943	0.7284372955734364
479.71458826192037	3.186914492445858	3.2097009247590385	0.7149998020716364
480.31358826192036	3.1878204781507997	3.2104918309691706	0.7111866233923569
480.9125882619204	3.1887202691416383	3.2117006050076866	0.7206758174568506
481.51158826192034	3.1896139064695226	3.212915722382561	0.7305528692916452
482.1105882619204	3.190501431864896	3.214074121407156	0.7388396478004822
482.7095882619204	3.1913828872318724	3.2152153965342287	0.7467768721110213
483.30858826192036	3.1922583136616605	3.216339251255307	0.7543542917748391
483.9075882619204	3.19312775221259	3.2174456172638153	0.7615688108430607
484.50658826192034	3.1939912434686377	3.2185342735236837	0.768412565476928
485.1055882619204	3.1948488276283227	3.219605124537595	0.7748816374404166
485.7045882619204	3.195700544808377	3.2206581394964395	0.780974135033019
486.30358826192037	3.1965464344390653	3.2216931273889156	0.7866831740319435
486.9025882619204	3.1973865359018387	3.2227099705535944	0.7920041686362067
487.5015882619204	3.198220888037832	3.2237088566402345	0.7969420967055107
488.1005882619204	3.1990495293492662	3.2246896102456626	0.8014905884127455
488.6995882619204	3.1998724982142495	3.2256517962500864	0.8056351635955306
489.2985882619204	3.2006898325729565	3.2266005268646447	0.8095346830548467
489.89758826192036	3.2015015702491336	3.227530565002996	0.8130245818319892
490.49658826192035	3.2023077484262488	3.228373445790981	0.8139660336375254
491.0955882619204	3.203108403707285	3.229144293155256	0.8128319796431915
491.6945882619204	3.203903571214638	3.22990739008675	0.8116292608099096
492.2935882619204	3.2046932928133014	3.230655270733701	0.8101236389335797
492.89258826192037	3.205477607404136	3.231387560387429	0.8083024171950282
493.49158826192036	3.2062565415103124	3.232103893412714	0.8061535802817099
494.0905882619204	3.2070301305520132	3.232804182015454	0.8036735052128874
494.6895882619204	3.2077984142268825	3.2334883958231653	0.8008602249550689
495.2885882619204	3.2085614268796245	3.234156283789035	0.7977050616824855
495.88758826192037	3.209319203403517	3.234807679858662	0.7942019736806971
496.48658826192036	3.21007178004042	3.235442823200209	0.7903575028303411
497.0855882619204	3.2108191896471823	3.236061589621891	0.786166971223401
497.6845882619204	3.211561461909422	3.2366636188335893	0.7816184501492573
498.2835882619204	3.21229863401739	3.237248989113648	0.7767134360435968
498.8825882619204	3.213030741712528	3.237817701888036	0.7714510743304093
499.48158826192036	3.213757816232312	3.2383744763651556	0.765977448845323
500.08058826192035	3.214479890135778	3.2389057743713865	0.7598704944636214
500.6795882619204	3.2151969963017333	3.239374299658713	0.7519695802400195
501.2785882619204	3.215909166959937	3.2398121313384673	0.7432723729920099
501.8775882619204	3.216616434317229	3.24024110281659	0.7344571223138807
502.47658826192037	3.2173188302139106	3.2406556514175957	0.7253499710544231
503.07558826192036	3.218016386162892	3.2410558827851528	0.715953365598998
503.6745882619204	3.2187091334371174	3.2414417278740664	0.706264328167916
504.2735882619204	3.2193971032709805	3.241812915635494	0.6962736079292098
504.8725882619204	3.2200803267992866	3.2421692389019725	0.6859739466388293
505.4715882619204	3.2207588344503386	3.242479415470734	0.6743932761455129
506.07058826192036	3.22143265655983	3.2428263835289526	0.6641059817146244
506.66958826192035	3.222101823396093	3.2434188449212322	0.6615874573036029
507.2685882619204	3.2227663647647917	3.244204216347835	0.6652003017478592
507.8675882619204	3.2234263104508583	3.245137249780793	0.6735360836245707
508.4665882619204	3.2240816898742026	3.2460771690726262	0.6822246243792129
509.06558826192037	3.224732532246396	3.246984714831293	0.6900473872602397
509.66458826192036	3.2253788666683785	3.2478887544007415	0.6978990271494734
510.2635882619204	3.226020721815432	3.248743390065582	0.7043559297834623
510.8625882619204	3.226658126343291	3.249515757882385	0.7083995466541149
511.4615882619204	3.2272911085544287	3.2502673335115744	0.711935309964562
512.0605882619204	3.2279196965588746	3.2510126364973413	0.7154124671405082
512.6595882619204	3.2285439183546782	3.2517461997432098	0.7186608568842345
513.2585882619203	3.2291638015472577	3.252467882021279	0.7216753904789597
513.8575882619205	3.229779373711436	3.25317760064582	0.7244527946655532
514.4565882619204	3.2303906619431677	3.2538753175160844	0.7269911917956673
515.0555882619203	3.2309976932564846	3.2545609626120524	0.729287718302829
515.6545882619204	3.231600494023789	3.255234416049497	0.7313379877684323
516.2535882619204	3.2321990935189104	3.2558956879536907	0.7331415469515878
516.8525882619203	3.232793520277476	3.2565447990315626	0.7346982912799227
517.4515882619204	3.2333837943043666	3.257181689510824	0.7360058910537592
518.0505882619204	3.233969941044097	3.257806316872204	0.7370623803760967
518.6495882619204	3.234551989573668	3.2584186290505306	0.7378653845662386
519.2485882619203	3.2351299653088748	3.259020549444838	0.7384737056052915
519.8475882619204	3.2357038937148666	3.2596119902585885	0.7388839439283146
520.4465882619204	3.236273800033938	3.2601561248305955	0.7379574866751559
521.0455882619203	3.236839709359647	3.2606552880172903	0.7357663893203803
521.6445882619204	3.237401646674327	3.2611460524668807	0.7334402210162905
522.2435882619204	3.237959636614082	3.261627087990255	0.7309371960214417
522.8425882619204	3.2385137037991027	3.2620975311605656	0.7282299696245387
523.4415882619204	3.239063872542213	3.262557262676103	0.7253141975076538
524.0405882619204	3.239610167015487	3.2630062125591177	0.7221870637967642
524.6395882619204	3.2401526112759518	3.263444191222205	0.7188420651915273
525.2385882619203	3.2406912290574157	3.2638711955330897	0.7152784649099742
525.8375882619204	3.241226044078426	3.264287222016813	0.7114955151159119
526.4365882619204	3.241757080033108	3.264692271237253	0.7074925923786557
527.0355882619203	3.2422843595592874	3.265086336776726	0.7032688897323558
527.6345882619204	3.2428079032140364	3.2654694423550286	0.6988245932955772
528.2335882619204	3.2433277369309716	3.2658414385793044	0.6941543832272856
528.8325882619204	3.2438438865013213	3.266202182826412	0.6892531548182923
529.4315882619203	3.244356371481901	3.266554260074792	0.6842000708680462
530.0305882619205	3.2448652146135117	3.266891824409618	0.6788143216829967
530.6295882619204	3.2453704422259966	3.267193922053854	0.6724495775246142
531.2285882619203	3.245872072173348	3.2674748802683653	0.665547119993315
531.8275882619204	3.2463701222934573	3.2677493385313587	0.6585575714576075
532.4265882619204	3.2468646179644103	3.2680140094102286	0.6513789127148062
533.0255882619203	3.2473555817133715	3.2682690372293703	0.6440149527747296
533.6245882619204	3.247843034710991	3.2685145912159834	0.6364703061098487
534.2235882619204	3.2483269982264846	3.2687419413756107	0.6284756171491379
534.8225882619204	3.248807493515378	3.268943480266491	0.6197962418919678
535.4215882619203	3.249284541560589	3.269309125159806	0.6162767016273607
536.0205882619204	3.249758163246764	3.2698669214196627	0.6187770647157587
536.6195882619204	3.2502283793448683	3.270501860481633	0.6237555879335055
537.2185882619203	3.2506952103710636	3.2711631295486594	0.6296474401012553
537.8175882619204	3.2511586768282847	3.2718008319937626	0.634916877868763
538.4165882619204	3.2516187989544285	3.2724290761988173	0.6399974453057178
539.0155882619204	3.2520755968971704	3.273047866561766	0.6448887499603373
539.6145882619204	3.252529090475369	3.273663016275652	0.6497690016723068
540.2135882619204	3.2529793003770027	3.2742512729321507	0.6539227763509903
540.8125882619204	3.2534262473866127	3.2747868364199184	0.6565567315522713
541.4115882619203	3.25386994856032	3.2753061775616605	0.6587918183646124
542.0105882619204	3.254310422849681	3.275820835060365	0.6609821871832455
542.6095882619204	3.2547476908653565	3.276327323296409	0.6630201318405415
543.2085882619203	3.2551817716968756	3.276825401742981	0.6648977404055456
543.8075882619204	3.2556126843599857	3.2773147311592656	0.6666040743586343
544.4065882619204	3.256040447671488	3.277795704286837	0.6681506868536413
545.0055882619204	3.2564650803950523	3.2782683671984385	0.6695384800730508
545.6045882619203	3.2568866012396893	3.278732439010388	0.6707583175411536
546.2035882619205	3.2573050285415466	3.2791879431402675	0.6718104201778985
546.8025882619204	3.257720380602377	3.279634926287273	0.6726957235305697
547.4015882619203	3.2581326757674547	3.280073313694676	0.6734114325793294
548.0005882619204	3.2585419321863274	3.2805030809467133	0.6739563036910479
548.5995882619204	3.2589481677905145	3.2809242542836077	0.6743306539911176
549.1985882619203	3.2593514003741753	3.2813374787415692	0.6745537889799147
549.7975882619204	3.2597516477238218	3.2817443362669687	0.6746737457285601
550.3965882619204	3.260148927388988	3.2821233082247634	0.6740299699552255
550.9955882619204	3.2605432568577006	3.2824721527329865	0.6725534411838874
551.5945882619203	3.2609346535075963	3.282813328302283	0.6709326349472633
552.1935882619204	3.2613231345239098	3.283147848200819	0.6691981375864353
552.7925882619204	3.26170871708065	3.2834749451006715	0.6673259296894996
553.3915882619203	3.262091418124654	3.283794481629189	0.6653113209504014
553.9905882619204	3.262471254547201	3.284106416889428	0.6631525814080996
554.5895882619204	3.262848243130188	3.284410610462267	0.6608449344059464
555.1885882619204	3.263222400473205	3.2847071284913976	0.6583899404183136
555.7875882619204	3.263593743164923	3.284996083764699	0.6557905880473003
556.3865882619205	3.263962287573185	3.285277223251172	0.6530386628282647
556.9855882619204	3.264328050015947	3.2855504872292727	0.6501318767034414
557.5845882619203	3.2646910465046504	3.2858160486681887	0.647075078854864
558.1835882619204	3.265051293670939	3.2860738669023566	0.6438665534035604
558.7825882619204	3.265408808072178	3.2863238725354846	0.6405037069663111
559.3815882619203	3.2657636098539466	3.2865673579512493	0.6370255346875187
559.9805882619204	3.266115713786202	3.2868017420515883	0.6333525838680965
560.5795882619204	3.2664651239814817	3.287014332309927	0.6290962109951392
561.1785882619204	3.266811858847228	3.2872115720823265	0.6244532625854005
561.7775882619203	3.267155939297303	3.287403728103506	0.6197374469538719
562.3765882619205	3.2674973795301536	3.2875890077950523	0.614893477520928
562.9755882619204	3.26783619478351	3.28776754329113	0.6099249570537202
563.5745882619203	3.26817240018912	3.2879390944430993	0.6048240984115605
564.1735882619204	3.268506010724523	3.288103740845656	0.5995929044287918
564.7725882619204	3.268837041357128	3.288261640020465	0.594235760840256
565.3715882619204	3.2691655068531227	3.2884108521825004	0.5886929030981536
565.9705882619204	3.2694914219431683	3.288554534038695	0.5830604713499055
566.5695882619204	3.2698148012531503	3.2886791034247196	0.5769226490851986
567.1685882619204	3.2701356592631345	3.288883167345999	0.5732945062924211
567.7675882619203	3.270454010443297	3.2893237098915455	0.5769749211575359
568.3665882619204	3.2707698690683746	3.289805621606584	0.5819960834979598
568.9655882619204	3.271083249382228	3.2902533969265697	0.586048904379366
569.5645882619203	3.271394165527028	3.2906977922639915	0.5900733986866857
570.1635882619204	3.271702631502716	3.291126641321369	0.5936972887334635
570.7625882619204	3.272008661297869	3.291519600842479	0.5962985298721968
571.3615882619204	3.272312268719049	3.2918997815068765	0.5985832395969615
571.9605882619203	3.272613467543033	3.2922763513041424	0.6008312303338315
572.5595882619205	3.2729122714423964	3.2926466855371337	0.602961902368393
573.1585882619204	3.2732086939600973	3.293010889880692	0.6049781047305469
573.7575882619203	3.273502748629623	3.2933690003902854	0.6068805584164894
574.3565882619204	3.273794448801472	3.2937209026634346	0.6086653934323172
574.9555882619204	3.274083807801149	3.2940665508292777	0.6103308345533298
575.5545882619203	3.274370838848963	3.2944059637022503	0.6118770853801747
576.1535882619204	3.2746555550519307	3.294739151862496	0.6133041009330542
576.7525882619204	3.2749379695128664	3.295066140952087	0.6146122957624955
577.3515882619204	3.2752180951346395	3.2953868401292987	0.6157985333746119
577.9505882619203	3.275495944807018	3.2957011847565365	0.6168604782293308
578.5495882619203	3.2757715313288496	3.296009222204941	0.6177992171475299
579.1485882619204	3.27604486737801	3.296311155842768	0.6186206015236229
579.7475882619203	3.2763159656226626	3.2966094861409094	0.6194005929580637
580.3465882619204	3.2765848385580147	3.296889113079151	0.619677973303201
580.9455882619204	3.2768514986619044	3.2971477356382053	0.619382263266699
581.5445882619204	3.277115958314098	3.2973999348198157	0.618958156004723
582.1435882619204	3.2773782297840777	3.297647407461513	0.618457079296908
582.7425882619204	3.277638325332396	3.2978892315872774	0.6178505449599081
583.3415882619204	3.277896257051436	3.298125446085929	0.6171393921017287
583.9405882619203	3.2781520370191073	3.2983560932935023	0.6163245647620164
584.5395882619204	3.2784056772166466	3.298581153954693	0.61540513055649
585.1385882619204	3.2786571895210117	3.298800522047059	0.614377513770803
585.7375882619203	3.278906585800391	3.299013971858049	0.613234489348824
586.3365882619204	3.279153877759688	3.299221851346512	0.6119863335152465
586.9355882619204	3.279399077092028	3.299424272635735	0.6106361279293981
587.5345882619204	3.2796421953952817	3.29962094920348	0.6091748007221343
588.1335882619203	3.279883244156096	3.2998118422566347	0.6076008387202902
588.7325882619205	3.2801222336916718	3.299996954572724	0.6059140320110457
589.3315882619204	3.280359182451292	3.3001770370296017	0.604136726378246
589.9305882619203	3.2805941030445513	3.30035103820901	0.6022365018008013
590.5295882619204	3.280826992228156	3.3005105132153725	0.5999560791789538
591.1285882619204	3.2810578625170037	3.3006582767928663	0.5973809392324059
591.7275882619203	3.2812867321119366	3.300802104007117	0.5947475331611551
592.3265882619204	3.281513610796137	3.300940832048923	0.5920201332967334
592.9255882619204	3.2817385095357685	3.3010745867474935	0.5892022522678175
593.5245882619204	3.2819614391934135	3.301203136452561	0.5862865123691385
594.1235882619203	3.2821824105551727	3.3013265153368967	0.583273638910442
594.7225882619204	3.2824014344002945	3.3014448868686275	0.5801682959541088
595.3215882619204	3.2826185213572545	3.3015580450775914	0.5769638962649148
595.9205882619203	3.282833682048154	3.3016659101997705	0.5736576986704822
596.5195882619204	3.2830469270046447	3.3017686561334942	0.570254691605343
597.1185882619204	3.283258266675964	3.3018662732708077	0.5667542752792132
597.7175882619204	3.283467711499372	3.301958691168096	0.5631539973414368
598.3165882619204	3.2836752717723354	3.3020459086407694	0.5594535192427585
598.9155882619204	3.283880957785887	3.3021279160050456	0.5556522436020783
599.5145882619204	3.284084779743248	3.3022051424959122	0.5517629406047275
600.1135882619203	3.2842867477685225	3.3022762995906207	0.5477460771146525
600.7125882619204	3.284486871965902	3.3023315585622917	0.5433021136025618
601.3115882619204	3.2846851623436333	3.3024000078429294	0.5393163917925214
601.9105882619203	3.2848816288844405	3.3025091363561674	0.5366253479798466
602.5095882619204	3.2850762814218157	3.302729221946879	0.5373677507854779
603.1085882619204	3.28526912977232	3.303025900923406	0.540496697520676
603.7075882619204	3.285460183772143	3.303301165850848	0.5430284063957513
604.3065882619203	3.2856494530335274	3.3035706370869113	0.5454381031682498
604.9055882619205	3.285836947202027	3.303835421232183	0.5477591955828087
605.5045882619204	3.286022677791397	3.304095517955699	0.549991340182987
606.1035882619203	3.286206649119033	3.3043508978706564	0.5521335292924201
606.7025882619204	3.2863888555734695	3.304601483120999	0.5541835841075926
607.3015882619204	3.286569329172433	3.304847336275994	0.5561424474244347
607.9005882619203	3.2867480911626834	3.305088479182673	0.5580101520193281
608.4995882619204	3.2869251366435797	3.3053248053295614	0.5597836251533872
609.0985882619204	3.2871004700613105	3.305556342651384	0.5614635986386229
609.6975882619204	3.2872740942894465	3.305784962259177	0.5631069219900864
610.2965882619203	3.287446029589555	3.3060019036386517	0.564446499868887
610.8955882619204	3.287616291191968	3.3062026673605938	0.565345056186195
611.4945882619204	3.2877848805291525	3.3063978786138377	0.5661257886705018
612.0935882619203	3.287951805381001	3.3065895755863495	0.5668504682716513
612.6925882619204	3.288117075302173	3.3067770772102545	0.5674980993907175
613.2915882619204	3.2882806991071294	3.3069601953855408	0.5680627047284448
613.8905882619204	3.2884426856052635	3.307138856846779	0.5685418001461828
614.4895882619204	3.288603043526123	3.307313349103146	0.5689438746295794
615.0885882619204	3.2887617815429144	3.307483627163745	0.5692673067991816
615.6875882619204	3.2889189083101065	3.3076494376981223	0.5695041413362079
616.2865882619203	3.2890744323767245	3.3078108990476283	0.5696577276107506
616.8855882619204	3.289228362286942	3.3079680688502062	0.5697295687379533
617.4845882619204	3.2893807065067073	3.30812083379894	0.5697159728323076
618.0835882619203	3.2895314734491774	3.308269206369201	0.5696170737766515
618.6825882619204	3.2896806715079543	3.308413299283698	0.5694360531095954
619.2815882619204	3.289828308975928	3.3085533269299017	0.5691791849101735
619.8805882619204	3.289974394141374	3.308688899601685	0.568834380402361
620.4795882619203	3.2901189352160554	3.3088146844646524	0.5682393134328834
621.0785882619205	3.2902619403622686	3.3089311747891754	0.5674087584908616
621.6775882619204	3.290403417721994	3.3090442598802845	0.5665214805543828
622.2765882619203	3.2905433753411315	3.309153439813451	0.5655620470400136
622.8755882619204	3.290681821261148	3.309258605174491	0.5645268951047777
623.4745882619204	3.2908187634484642	3.3093598683917134	0.5634192058580512
624.0735882619203	3.290954209823288	3.3094572177653543	0.5622383893047367
624.6725882619204	3.2910881682848876	3.3095506212519283	0.5609832378529633
625.2715882619204	3.2912206466406833	3.309640051761327	0.5596526972278415
625.8705882619204	3.2913516526938946	3.309725488245887	0.5582458968476978
626.4695882619203	3.2914811941712783	3.3098069524909817	0.5567632697448088
627.0685882619204	3.291609278768032	3.3098844051338836	0.5552033919618671
627.6675882619204	3.2917359141823845	3.3099577224208785	0.5535622757580683
628.2665882619203	3.2918611079324194	3.310027038607785	0.5518437771141249
628.8655882619204	3.291984867550934	3.3100924477607956	0.5500505299507186
629.4645882619204	3.292107200618471	3.310154122222107	0.5481875438395623
630.0635882619204	3.2922281146045465	3.310211278932872	0.5462308109377645
630.6625882619203	3.2923476169190353	3.3102616013081456	0.5441097500474168
631.2615882619205	3.2924657149191323	3.310307129983924	0.5418861306268674
631.8605882619204	3.2925824159569657	3.3103494613088076	0.5396082195463503
632.4595882619203	3.2926977273137394	3.3103881315364596	0.5372617132746171
633.0585882619204	3.2928116562327108	3.310423162955815	0.5348470717955855
633.6575882619204	3.2929242099343115	3.310454654774984	0.5323670914680001
634.2565882619203	3.293035395559407	3.3104825033704475	0.5298184111403037
634.8555882619204	3.293145220245114	3.310506628436633	0.5271983781579559
635.4545882619204	3.2932536910597148	3.310527138286039	0.5245100695770111
636.0535882619204	3.2933608150362232	3.3105440095897354	0.5217525658002709
636.6525882619203	3.293466599184513	3.3105570957398127	0.5189212047734593
637.2515882619203	3.293571050438304	3.3105665170544825	0.5160194316718103
637.8505882619204	3.293674175727703	3.310572366189937	0.5130498513411963
638.4495882619203	3.2937759819152843	3.310574449754856	0.5100063857349291
639.0485882619204	3.293876475830951	3.310572760877803	0.506888621032453
639.6475882619204	3.293975664281269	3.3105536981617747	0.5032834352807214
640.2465882619204	3.2940735539997648	3.3105753924167676	0.5009553717149284
640.8455882619204	3.2941701517165085	3.3106876131297405	0.5014149437491788
641.4445882619204	3.2942654640957683	3.310833790465915	0.5029444818799522
642.0435882619204	3.2943594977712083	3.310991305409911	0.5048570943746444
642.6425882619203	3.294452259352669	3.311143025790833	0.5066325180697495
643.2415882619204	3.29454375534516	3.311290296277361	0.5083113831780395
643.8405882619204	3.2946339922792607	3.3114341867000348	0.5099259723581939
644.4395882619203	3.294722977428984	3.31157460691805	0.5114733349210532
645.0385882619204	3.2948107169844616	3.311711530453633	0.5129524856177348
645.6375882619204	3.294897215889359	3.311844921210151	0.5143621852318647
646.2365882619204	3.2949824810579784	3.3119749713141786	0.5157080607828934
646.8355882619203	3.295066519377578	3.312101853657288	0.5169951556221575
647.4345882619205	3.295149337008859	3.312225197046015	0.5182120229080933
648.0335882619204	3.295230940212106	3.312344941789338	0.5193566668844962
648.6325882619203	3.295311335223085	3.3124612317243933	0.5204332688688806
649.2315882619204	3.2953905282149045	3.3125743265563545	0.5214495275847719
649.8305882619204	3.2954685253575375	3.3126843902129637	0.5224102346284232
650.4295882619203	3.2955453327594912	3.3127870356133697	0.5231820871188342
651.0285882619204	3.295620956503414	3.3128822773038076	0.5237653549426291
651.6275882619204	3.295695402644654	3.312974458458608	0.5242916502565365
652.2265882619204	3.295768677183947	3.3130636391140604	0.5247626160732599
652.8255882619203	3.2958407861192427	3.3131497950809967	0.5251773397141335
653.4245882619203	3.29591173540295	3.3132328022658544	0.5255318786862695
654.0235882619204	3.295981530938143	3.313312637944941	0.5258253677733693
654.6225882619203	3.296050178560989	3.3133893387969615	0.5260587459728239
655.2215882619204	3.296117684133248	3.3134628474032817	0.5262300965019895
655.8205882619204	3.296184053516385	3.3135331040846556	0.526337434032631
656.4195882619204	3.296249292467818	3.3136003101692166	0.5263866947517348
657.0185882619204	3.2963134067024487	3.3136644295995987	0.5263766140036763
657.6175882619204	3.2963764018248383	3.313725094935445	0.5262958775279047
658.2165882619204	3.2964382836329027	3.3137825647287333	0.526152155857007
658.8155882619203	3.296499057935717	3.3138371309394206	0.5259541319135197
659.4145882619204	3.2965587302130714	3.3138885820911517	0.5256952263356318
660.0135882619204	3.296617306027406	3.3139364275058627	0.525360388261964
660.6125882619203	3.2966747909938885	3.3139791830412095	0.5249044308099249
661.2115882619204	3.296731190562614	3.314017933973699	0.5243601134533371
661.8105882619204	3.2967865101719087	3.3140539488625222	0.5237657530245521
662.4095882619204	3.2968407553701904	3.314087029800611	0.5231151793524846
663.0085882619203	3.2968939316030053	3.3141172253087556	0.5224097002531236
663.6075882619205	3.2969460442176235	3.3141445911921745	0.521650847295918
664.2065882619204	3.296997098560849	3.3141690999088245	0.5208376238932999
664.8055882619203	3.297047099977984	3.3141907090023457	0.5199685811123622
665.4045882619204	3.2970960538003005	3.314209356129721	0.5190416672785414
666.0035882619204	3.2971439653211694	3.3142250194839553	0.5180560613197827
666.6025882619203	3.2971908397918392	3.314237735600727	0.5170127128572233
667.2015882619204	3.297236682421219	3.314247507779479	0.5159115646429235
667.8005882619204	3.297281498415751	3.3142543396131594	0.5147525683070642
668.3995882619204	3.2973252929237353	3.3142582135435905	0.5135350356907376
668.9985882619203	3.2973680710811712	3.314259120065002	0.5122585231527532
669.5975882619204	3.297409838002027	3.3142569832996376	0.5109205747932943
670.1965882619204	3.2974505987510594	3.314252018860772	0.5095275761243023
670.7955882619203	3.297490358390072	3.31424448561997	0.5080872241906453
671.3945882619204	3.297529121928675	3.314234435925948	0.5066009542169736
671.9935882619204	3.297566894362656	3.314221840278614	0.5050677196095865
672.5925882619204	3.2976036806624736	3.3142064333798147	0.5034793239315327
673.1915882619203	3.297639485754971	3.314188247788501	0.5018366047900846
673.7905882619204	3.297674314564433	3.3141673437827674	0.500141240312657
674.3895882619204	3.2977081719630794	3.314143835102661	0.4983965312430172
674.9885882619203	3.297741062810697	3.3141177361887153	0.4966027673519058
675.5875882619204	3.2977729919417524	3.314088927394967	0.4947561731229788
676.1865882619204	3.297803964149091	3.314057328200868	0.49285416078304056
676.7855882619203	3.297833984223045	3.314022837957798	0.4908935323063801
677.3845882619204	3.297863056902996	3.313985668628803	0.4888805704669652
677.9835882619204	3.2978911869170453	3.313945866985431	0.48681654907463123
678.5825882619204	3.297918378967844	3.313903299104374	0.48469726353668197
679.1815882619203	3.2979446377190538	3.313857884459343	0.4825201296070114
679.7805882619205	3.2979699678321124	3.3138093794018744	0.48027761696611826
680.3795882619204	3.2979943739171307	3.3137599154907345	0.4780342167436391
680.9785882619203	3.2980178605738963	3.3137099359448983	0.47580322588887114
681.5775882619204	3.29804043237546	3.3136574972224992	0.4735255727532195
682.1765882619204	3.2980620938605316	3.313601163091528	0.47115757037816675
682.7755882619203	3.298082849566183	3.313534312494866	0.4684983256474373
683.3745882619204	3.298102703978138	3.3135163103454706	0.4673476768549678
683.9735882619204	3.2981216615734046	3.313561741464602	0.46814767542053826
684.5725882619204	3.298139726798662	3.31362296726629	0.46945374514670846
685.1715882619203	3.2981569040880325	3.3136882032134656	0.47090843695709594
685.7705882619204	3.298173197886109	3.313747989284422	0.4722247882038344
686.3695882619204	3.298188612498023	3.3138051744443526	0.4734890505398326
686.9685882619203	3.29820315226344	3.3138597495123405	0.4747008151440246
687.5675882619204	3.2982168215492846	3.3139117431139096	0.47586081855142126
688.1665882619204	3.2982296246562837	3.3139611269019182	0.4769680718416991
688.7655882619204	3.298241565883498	3.3140078451305612	0.4780207553669591
689.3645882619203	3.298252649432352	3.3140521540054246	0.4790265104703817
689.9635882619204	3.298262879542493	3.314093829776648	0.4799784253810335
690.5625882619204	3.2982722605195667	3.314131320187855	0.48082930745656505
691.1615882619203	3.298280796532187	3.3141653363425374	0.48160059104280784
691.7605882619204	3.2982884917230617	3.3141972174134127	0.48233275319224944
692.3595882619204	3.298295350234961	3.31422668706972	0.48301729054143205
692.9585882619203	3.2983013761970814	3.3142537527341878	0.4836543031582874
693.5575882619204	3.2983065737137416	3.31427845675671	0.48424495073498
694.1565882619204	3.298310946857896	3.314300775633694	0.48478839725618617
694.7555882619204	3.298314499700212	3.3143206576381075	0.48528295101484265
695.3545882619203	3.2983172362665893	3.314338172799106	0.4857306130640948
695.9535882619203	3.298319160577343	3.3143533335690454	0.48613163890713906
696.5525882619204	3.298320277517227	3.314366004084635	0.48648176093699647
697.1515882619203	3.2983205880992372	3.3143761984554785	0.48678137638202834
697.7505882619204	3.2983200901278473	3.3143839874840784	0.4870326989885543
698.3495882619204	3.2983187986715277	3.314389465381847	0.48723812618696183
698.9485882619203	3.2983167214899924	3.314392591679322	0.48739619468889384
699.5475882619204	3.2983138558146874	3.314393049371964	0.48749737775652946
700.1465882619204	3.298310204947643	3.3143910571033235	0.48754820366980756
700.7455882619204	3.298305773196253	3.314387017331295	0.48756074302529484
701.3445882619203	3.298300564382635	3.314380898183328	0.4875339128986633
701.9435882619204	3.298294582319331	3.3143726724770013	0.4874667727939652
702.5425882619204	3.2982878307801724	3.314362067185741	0.4873509296417611
703.1415882619203	3.2982803135254173	3.314349153912814	0.4871884394271442
703.7405882619204	3.2982720343156706	3.3143341554273684	0.48698594126213024
704.3395882619204	3.2982629968729773	3.314316834167533	0.48673611867142696
704.9385882619204	3.2982532049126787	3.3142971480049788	0.4864375806079124
705.5375882619203	3.2982426621176066	3.314275474798506	0.4861016705970833
706.1365882619205	3.2982313721537397	3.3142516579066985	0.48572352710651856
706.7355882619204	3.2982193386889107	3.314225276474411	0.48529027762789223
707.3345882619203	3.298206565339028	3.3141967057685946	0.48481318901028025
707.9335882619204	3.2981930557196932	3.314166058397663	0.4842955645143254
708.5325882619204	3.298178813424051	3.314133039127036	0.483728342382439
709.1315882619203	3.2981638420202235	3.314097666698296	0.48311198112924725
709.7305882619204	3.298148145074196	3.3140598176353335	0.48244262723315945
710.3295882619204	3.298131726111747	3.314020734622435	0.48175785050950104
710.9285882619204	3.2981145886564867	3.313980935642255	0.4810732483443436
711.5275882619203	3.29809673620805	3.3139394632648473	0.48035968390096606
712.1265882619203	3.2980781722426618	3.313896019615519	0.4796080185722751
712.7255882619204	3.2980589002341385	3.3138503425015915	0.47881019548596804
713.3245882619203	3.2980389236172027	3.3138025306013343	0.4779691007055442
713.9235882619204	3.298018245825011	3.3137526123071774	0.47708548920506466
714.5225882619204	3.2979968702686344	3.313700630251819	0.4761605483847964
715.1215882619204	3.297974800333873	3.3136466079735434	0.47519488742255866
715.7205882619204	3.2979520394014954	3.3135906020151538	0.47419011637586106
716.3195882619204	3.2979285908213987	3.3135324427843202	0.4731409893576455
716.9185882619204	3.2979044579398296	3.313472045589707	0.47204483478586745
717.5175882619203	3.2978796440766875	3.3134094829093836	0.4709037475211897
718.1165882619204	3.2978541525322145	3.3133447846113504	0.46971853097996785
718.7155882619204	3.2978279866035343	3.313277257329295	0.46846805802240876
719.3145882619203	3.2978011495526784	3.3132079358115645	0.4671836038681709
719.9135882619204	3.2977736446394186	3.313137571008703	0.46588783903525055
720.5125882619204	3.2977454750984743	3.3130674516286627	0.46461974236293724
721.1115882619204	3.2977166441470063	3.3129967102902733	0.46335291330708017
721.7105882619203	3.29768715499983	3.3129242935434964	0.4620553080835421
722.3095882619205	3.2976570108346195	3.312849895233503	0.46071754427359224
722.9085882619204	3.2976262148278765	3.31277329154753	0.4593327361222421
723.5075882619203	3.2975947701337645	3.3126947897769448	0.45791010405342725
724.1065882619204	3.2975626798874766	3.312614427224177	0.45645068184765325
724.7055882619204	3.2975299472202395	3.3125322029089728	0.4549543424580582
725.3045882619203	3.297496575229836	3.312447963275895	0.45341633281354987
725.9035882619204	3.2974625670126385	3.312361626953966	0.4518340887437633
726.5025882619204	3.2974279256438015	3.312273318133066	0.4502112805503167
727.1015882619204	3.2973926541775116	3.312183076401287	0.44854901356794485
727.7005882619203	3.297356755660059	3.3120909533371243	0.4468487570164603
728.2995882619203	3.297320233117243	3.3119968444047947	0.4451072461856942
728.8985882619204	3.2972830895717107	3.3119006828758604	0.44332236289872373
729.4975882619203	3.2972453280244745	3.3118019533794447	0.44147838291703767
730.0965882619204	3.2972069514542346	3.311702106045126	0.4396191929808335
730.6955882619204	3.2971679628317623	3.311596263729947	0.43759678186952033
731.2945882619204	3.297128365099983	3.311522677106283	0.4365711738330669
731.8935882619203	3.2970881612006986	3.3115023606116467	0.43717967813450276
732.4925882619204	3.2970473540559193	3.311494345580212	0.43817967935828595
733.0915882619204	3.297005946572934	3.3114873523260178	0.43922898495636353
733.6905882619203	3.2969639416583756	3.311477040049114	0.4401958482881829
734.2895882619204	3.2969213421710073	3.31146463633145	0.44111741382539815
734.8885882619204	3.2968781509728906	3.311450353828997	0.44200004333814213
735.4875882619203	3.296834370919233	3.31143417536054	0.44284312764053535
736.0865882619204	3.296790004843732	3.3114161116771546	0.4436469053817005
736.6855882619204	3.2967450555730125	3.3113961836748227	0.4444119231192367
737.2845882619204	3.296699525906035	3.3113744087209036	0.445138621204344
737.8835882619203	3.2966534186404326	3.3113507870581023	0.44582692055421536
738.4825882619205	3.29660673655234	3.3113251899889025	0.44647283139254146
739.0815882619204	3.296559482404364	3.3112976238283953	0.4470764596451904
739.6805882619203	3.2965116589542505	3.3112679850840423	0.4476345803209547
740.2795882619204	3.2964632689313333	3.3112371564450553	0.4481738854172468
740.8785882619204	3.2964143150636827	3.3112057021515415	0.44871140803710574
741.4775882619203	3.296364800057657	3.311172646399072	0.4492174634662893
742.0765882619204	3.2963147266069037	3.3111377972357503	0.4496861452336187
742.6755882619204	3.296264097399685	3.311101255769863	0.45012043731211815
743.2745882619204	3.296212915097998	3.311063002009075	0.4505196506893405
743.8735882619204	3.296161182362617	3.311023013339555	0.45088301677909115
744.4725882619204	3.296108901833348	3.3109812049200773	0.45120787964432196
745.0715882619204	3.2960560761383375	3.310937607475159	0.45149508967872176
745.6705882619203	3.2960027079014935	3.3108923706854454	0.4517491065240131
746.2695882619204	3.2959487997156542	3.3108453500061983	0.4519654641428117
746.8685882619204	3.295894354173593	3.3107963661501425	0.4521386420556661
747.4675882619204	3.295839373853488	3.310745566363437	0.4522730272658926
748.0665882619204	3.2957838613190273	3.3106930237665404	0.4523707583647729
748.6655882619203	3.2957278191267934	3.310638894121356	0.4524364818000448
749.2645882619204	3.2956712498094505	3.310582800698032	0.4524586877238779
749.8635882619203	3.2956141558985355	3.3105246925929803	0.4524357521573874
750.4625882619204	3.295556539905495	3.310466725908826	0.45243302072912606
751.0615882619204	3.295498404330684	3.310408817527871	0.45244789612377545
751.6605882619203	3.2954397516681766	3.310349282719833	0.4524291801756952
752.2595882619204	3.295380584388822	3.31028806912615	0.4523752069168996
752.8585882619203	3.2953209049623764	3.310225084943641	0.45228311327194515
753.4575882619204	3.295260715838794	3.310160455435036	0.4521566237422725
754.0565882619204	3.2952000194575666	3.3100942170193877	0.4519967672333536
754.6555882619203	3.2951388182516923	3.3100264086838305	0.45180465082916843
755.2545882619204	3.2950771146318454	3.309956942369903	0.4515775267287081
755.8535882619203	3.295014911007645	3.309885744662232	0.45131309132799835
756.4525882619204	3.2949522097692396	3.3098128536083395	0.4510124242482094
757.0515882619204	3.294889013296927	3.309738278037939	0.4506757186990562
757.6505882619203	3.294825323964321	3.309662016815856	0.4503028656366981
758.2495882619204	3.294761144123641	3.3095840745873986	0.44989393207441886
758.8485882619203	3.2946964761260795	3.309504451717059	0.4494488551003206
759.4475882619204	3.2946313223035717	3.309422750797006	0.4489554990053435
760.0465882619204	3.294565684978884	3.309339878920491	0.44844132290238203
760.6455882619204	3.294499566468012	3.3092587708425367	0.44799533515640366
761.2445882619204	3.294432969066285	3.3091774264155167	0.447556756737133
761.8435882619203	3.294365895068041	3.30909406580189	0.4470714912359508
762.4425882619204	3.2942983467486986	3.3090092918202507	0.4465577650570429
763.0415882619204	3.2942303263750947	3.308923085273365	0.4460149243552758
763.6405882619204	3.294161836207186	3.3088352463460455	0.44543683244639976
764.2395882619204	3.294092878484981	3.3087458607716465	0.44482602122029036
764.8385882619203	3.2940234554475323	3.308655004249213	0.4441847181593017
765.4375882619204	3.293953569315385	3.308562565539088	0.4435094762655911
766.0365882619203	3.2938832223009675	3.3084684905449167	0.44279858330134036
766.6355882619204	3.2938124166095992	3.30837269444431	0.4420493942304704
767.2345882619204	3.2937411544276136	3.3082753290808746	0.4412664496638907
767.8335882619203	3.293669437940408	3.3081765389127376	0.44045406637409634
768.4325882619204	3.2935972693150175	3.3080762316850656	0.4396093749816421
769.0315882619203	3.2935246507109546	3.3079743187099733	0.4387296143631314
769.6305882619204	3.2934515842805414	3.3078700222348245	0.43779110107771135
770.2295882619204	3.2933780721578474	3.307765840697835	0.4368696282282869
770.8285882619203	3.293304116476027	3.3076642070833535	0.4360390082253529
771.4275882619204	3.2932297193501365	3.307561790243608	0.43519803095606324
772.0265882619203	3.293154882888236	3.307457677535081	0.4343189177394846
772.6255882619204	3.2930796091911207	3.3073523115607157	0.4334150419491589
773.2245882619204	3.2930039003419886	3.3072454972319605	0.4324804136579763
773.8235882619203	3.292927758423147	3.307137035178092	0.43150891235310684
774.4225882619204	3.2928511854991434	3.3070270300097313	0.4305036490265479
775.0215882619203	3.2927741836279916	3.3069155273820368	0.42946594468449284
775.6205882619204	3.292696754860332	3.3068025878578533	0.42839757340848994
776.2195882619204	3.292618901229901	3.3066882263828794	0.427298924504238
776.8185882619204	3.292540624769563	3.30657245603334	0.42617033054099807
777.4175882619204	3.2924619274947626	3.3064551916439266	0.4250091407985046
778.0165882619203	3.292382811414815	3.306336390734276	0.42381400094433364
778.6155882619204	3.292303278531498	3.3062160225231136	0.42258391206964063
779.2145882619203	3.29222333083047	3.306093963584524	0.4213150615925976
779.8135882619204	3.2921429702965392	3.3059700482846255	0.42000235447978707
780.4125882619204	3.292062198897309	3.305848038947635	0.41876001173197785
781.0115882619203	3.2919810185947123	3.3057282420943155	0.4175972893510682
781.6105882619204	3.291899431343071	3.30560712520939	0.4164068238478036
782.2095882619203	3.291817439081187	3.3054846167396943	0.4151863799081834
782.8085882619204	3.291735043746996	3.3053608247890205	0.4139391798227532
783.4075882619204	3.291652247263499	3.305235539605817	0.41265879023550944
784.0065882619203	3.2915690515460003	3.3051087519856233	0.4113448701087874
784.6055882619204	3.2914854584983138	3.3049755832194303	0.4098491362398926
785.2045882619203	3.2914014700153906	3.3048554307708713	0.4087608539415699
785.8035882619204	3.2913170879918945	3.3047711527615147	0.4087744939163196
786.4025882619204	3.2912323143030466	3.304702819958417	0.40928455876025893
787.0015882619203	3.291147150819795	3.3046419735172776	0.41003401182233556
787.6005882619204	3.2910615994054897	3.3045795129068836	0.4107462924375582
788.1995882619203	3.290975661908991	3.3045146319179075	0.4113968439700466
788.7985882619204	3.290889340178336	3.30444829017251	0.4120147653898121
789.3975882619204	3.29080263604521	3.304380049939349	0.4125866967961356
789.9965882619204	3.290715551336873	3.3043106834238474	0.41313604518176117
790.5955882619204	3.290628087872855	3.304242447807428	0.4137313476641813
791.1945882619203	3.2905402474589818	3.3041741406364613	0.41433601026481526
791.7935882619204	3.290452031900291	3.3041041267921774	0.4149002860255102
792.3925882619204	3.2903634429856266	3.3040329535284383	0.4154407493176082
792.9915882619204	3.2902744824997714	3.3039606066769056	0.41595691331914875
793.5905882619204	3.2901851522197103	3.303886762788646	0.41643889127918055
794.1895882619203	3.2900954539092653	3.3038114680312423	0.41688802997128516
794.7885882619204	3.290005389331479	3.3037348042426884	0.41730676052174065
795.3875882619203	3.2899149602334736	3.303656935816155	0.417700024127865
795.9865882619204	3.2898241683586575	3.3035778454438693	0.4180672395045937
796.5855882619204	3.2897330154426094	3.3034971562753124	0.4183968962858664
797.1845882619203	3.289641503208268	3.3034150273880263	0.4186937745746855
797.7835882619204	3.2895496333778063	3.30333171606728	0.41896564045218465
798.3825882619203	3.289457407657684	3.3032470238497496	0.4192064065023038
798.9815882619204	3.289364827751011	3.3031609006315223	0.4194144949845491
799.5805882619204	3.289271895353081	3.3030729907945338	0.4195790399981858
800.1795882619203	3.2891786121470097	3.3029847949227813	0.41974560836512964
800.7785882619204	3.2890849798151462	3.3028984901266787	0.4199803409247638
801.3775882619203	3.2889910000244473	3.3028116417428817	0.4202091680497677
801.9765882619204	3.2888966744388015	3.3027233620525096	0.4204050471140919
802.5755882619204	3.288802004714221	3.302633925401724	0.42057626660636505
803.1745882619203	3.288706992495046	3.3025432227365155	0.42071945822612644
803.7735882619204	3.288611639424856	3.3024511041178495	0.42083001005901455
804.3725882619203	3.288515947132137	3.3023577279456204	0.42091268633057677
804.9715882619204	3.28841991724258	3.3022631372460776	0.420968743405048
805.5705882619204	3.288323551373938	3.3021672415869983	0.42099537946245214
806.1695882619204	3.2882268511328223	3.3020700389903785	0.420992482704996
806.7685882619204	3.288129818125101	3.3019715478179252	0.42096055990625825
807.3675882619203	3.288032453941721	3.3018717924555117	0.42090030155268465
807.9665882619204	3.2879347601711486	3.301770751194715	0.420810996348564
808.5655882619203	3.28783673839393	3.3016683144269257	0.42068925964227066
809.1645882619204	3.287738390179922	3.3015645327726384	0.4205365802222305
809.7635882619204	3.2876397170982554	3.3014592099188538	0.4203469360929857
810.3625882619203	3.287540720703341	3.3013549791689902	0.4202003758813744
810.9615882619204	3.287441402547398	3.3012524820190583	0.4201163695559229
811.5605882619203	3.2873417641747342	3.301149015184044	0.4200126424267925
812.1595882619204	3.287241807119386	3.3010442925838097	0.41988044306722205
812.7585882619204	3.287141532914693	3.300938390553536	0.4197220442348826
813.3575882619203	3.28704094307917	3.300831316714377	0.4195376289499064
813.9565882619204	3.286940039129777	3.300723049941171	0.4193265057260698
814.5555882619203	3.2868388225765344	3.3006135524651694	0.419087476818758
815.1545882619204	3.2867372949181854	3.3005027997839034	0.4188197482957179
815.7535882619204	3.286635457652277	3.3003907566280324	0.4185221985519849
816.3525882619203	3.286533312263489	3.3002774859614457	0.41819669518246005
816.9515882619204	3.2864308602344785	3.3001630193248497	0.41784414991135055
817.5505882619203	3.2863281030397617	3.3000473714512513	0.4174649633674754
818.1495882619204	3.2862250421445065	3.2999305187274777	0.4170583696248453
818.7485882619204	3.286121679013168	3.299812423394688	0.41662317220192424
819.3475882619204	3.2860180150962255	3.2996927458221257	0.41614898832194047
819.9465882619204	3.2859140518426875	3.299572006632299	0.41565161395358263
820.5455882619203	3.285809790693689	3.2994536535865246	0.41523593153440785
821.1445882619204	3.2857052330811087	3.2993366236237893	0.4148695508482403
821.7435882619204	3.285600380435851	3.2992183339756167	0.414473824049133
822.3425882619204	3.2854952341765133	3.299099016143643	0.41405575103623526
822.9415882619204	3.28538979571973	3.2989785165376286	0.41361061130713583
823.5405882619203	3.285284066472869	3.2988568050238496	0.4131374418880229
824.1395882619204	3.285178047835743	3.2987339125621373	0.41263713957071513
824.7385882619203	3.285071741207746	3.2986099176800567	0.41211204925872824
825.3375882619204	3.2849651479744066	3.2984847822682446	0.4115609659412822
825.9365882619204	3.284858269520259	3.2983584907843517	0.41098337147023045
826.5355882619203	3.2847511072216697	3.2982310331223865	0.41037891336974663
827.1345882619204	3.284643662447745	3.2981024071523004	0.4097474821523228
827.7335882619203	3.2845359365681444	3.2979726244345273	0.40908938510269
828.3325882619204	3.2844279309332927	3.2978416214231427	0.4084026433802235
828.9315882619204	3.2843196468952462	3.297709383526847	0.4076867683770802
829.5305882619203	3.2842110857995284	3.2975759981673134	0.4069443777707571
830.1295882619204	3.2841022489933076	3.297441527072034	0.40617730714125333