1	233.1295882619204	2.5430762542121665	0.014286309416773068	0.01660642382989437
2	236.1295882619204	3.581188959049669	0.04010016558853654	0.03310048655561296
3	239.1295882619204	4.36768621113113	0.07311630309524217	0.04948553197833628
4	242.1295882619204	5.022550456111283	0.11173829008025063	0.06576474815640125
5	245.1295882619204	5.5925135723431945	0.1550221657473091	0.08194117773405288
6	248.1295882619204	6.1016730073979355	0.202319667819582	0.0980177258474261
7	251.1295882619204	6.435810594048084	0.23827094181748634	0.10944181219138337
8	254.1295882619204	6.5058584370131385	0.24747131088587243	0.11244384771194152
9	257.1295882619204	6.837693389180199	0.288823914989948	0.12486449829044974
10	260.1295882619204	7.180048630220614	0.33597873327099304	0.13832473637766074
11	263.1295882619204	7.502106544518891	0.38501956010662824	0.15171028155735025
12	266.1295882619204	7.806510588709119	0.435798888916468	0.16502305170981305
13	269.1295882619204	8.09537334241021	0.48818815809103155	0.17826488642206217
14	272.1295882619204	8.244367695261326	0.5169967090993727	0.1853727421363495
15	275.1295882619204	8.326541006008739	0.5343007673613648	0.18968658651149004
16	278.1295882619204	8.402496786455696	0.552098971326983	0.1942334532393
17	281.1295882619204	8.536383259865044	0.5825660538639194	0.20173753863331234
18	284.1295882619204	8.753357865810012	0.6308293235162256	0.21303582249240818
19	287.1295882619204	8.962330461731423	0.6799812698352652	0.22428046374892951
20	290.1295882619204	9.162619664529217	0.7296418167625647	0.23539948316704684
21	293.1295882619204	9.24518597134504	0.7510405435206543	0.24013926616176234
22	296.1295882619204	9.324094218721623	0.7725427385878227	0.24492398107535457
23	299.1295882619204	9.399377380433409	0.7943571065874826	0.2498228434517135
24	302.1295882619204	9.471052167268251	0.8166130464690872	0.2548786944373226
25	305.1295882619204	9.539123025423523	0.8394025010798412	0.2601221036531734
26	308.1295882619204	9.65899333560057	0.8759490114103656	0.2680787618271916
27	311.1295882619204	9.786042700393375	0.9139670433975136	0.2760824993848331
28	314.1295882619204	9.86063800335935	0.9370642298186059	0.2809181456836092
29	317.1295882619204	9.932805866247191	0.9602662828659567	0.2857822039761126
30	320.1295882619204	10.002582927742964	0.9836818552280807	0.2907086460766278
31	323.1295882619204	10.069999839863003	1.0073831535881386	0.29571998044674935
32	326.1295882619204	10.13508301527967	1.0314227584469327	0.3008325660558866
33	329.1295882619204	10.197851975884939	1.0558398795956132	0.30605875428043344
34	332.1295882619204	10.240468696467795	1.0732390567444619	0.30980761122390704
35	335.1295882619204	10.272236393060782	1.0870246925161058	0.3128166442996045
36	338.1295882619204	10.321479260331836	1.106184050313222	0.31681146995053183
37	341.1295882619204	10.384804882801133	1.1298266180461771	0.32160953023510075
38	344.1295882619204	10.446460675170437	1.1536643928993329	0.3264568332072197
39	347.1295882619204	10.506471897889625	1.1777293471018602	0.33136302210387397
40	350.1295882619204	10.56468428674315	1.2019705565393568	0.33632004672213656
41	353.1295882619204	10.599154745831598	1.2168515955184347	0.33937655091193136
42	356.1295882619204	10.631971531464087	1.2316231302168628	0.34243605091317014
43	359.1295882619204	10.663040449324397	1.2463237468026669	0.34551369164721896
44	362.1295882619204	10.69237960606027	1.26100826036687	0.3486253884169274
45	365.1295882619204	10.720039313178223	1.275731293436926	0.35178577923782883
46	368.1295882619204	10.746076224081817	1.2905426024537272	0.35500778553935514
47	371.1295882619204	10.788364263546022	1.3098652524450953	0.3589107515775454
48	374.1295882619204	10.8220147840255	1.3251363502976992	0.36196609548976943
49	377.1295882619204	10.854413408942689	1.340326955840028	0.3650226738849403
50	380.1295882619204	10.885547394950084	1.3554733569917963	0.3680918155414357
51	383.1295882619204	10.91544679950174	1.3706163892513952	0.3711845165184867
52	386.1295882619204	10.944154608792546	1.3857951020342192	0.3743107076497859
53	389.1295882619204	10.97171266241004	1.40104369566676	0.3774789196637945
54	392.1295882619204	10.992502084005604	1.4130653332774734	0.37999784518085666
55	395.1295882619204	11.00949218604902	1.4234074561709646	0.3821883084973242
56	398.1295882619204	11.025348330864878	1.4336600844787242	0.38438755919950107
57	401.1295882619204	11.040044154636758	1.4438467561430686	0.38660346280164404
58	404.1295882619204	11.053586062655874	1.4539969829567656	0.38884431776534234
59	407.1295882619204	11.077523458232973	1.4677843437424727	0.39168326930545216
60	410.1295882619204	11.1051313016756	1.4830561495972319	0.3947747296566545
61	413.1295882619204	11.124044130336678	1.4938727658070883	0.39697792317635605
62	416.1295882619204	11.14213622416439	1.5046125018276235	0.3991826443204029
63	419.1295882619204	11.159355328410806	1.5152840063325805	0.4013935426552525
64	422.1295882619204	11.17570005730439	1.525908714638683	0.4036168276256993
65	425.1295882619204	11.191184161651744	1.5365101735778635	0.4058586871372518
66	428.1295882619204	11.205828942097034	1.5471115174497718	0.40812488773271255
67	431.1295882619204	11.218426392609196	1.5567656408908326	0.4102104725604076
68	434.1295882619204	11.227880969767435	1.5644778031628723	0.41189550676902825
69	437.1295882619204	11.236580795594973	1.5721158819872745	0.4135859956319977
70	440.1295882619204	11.244487232952249	1.5796872398217006	0.41528562936790364
71	443.1295882619204	11.251591140810264	1.5872069880815534	0.41699905716226526
72	446.1295882619204	11.264340256603727	1.5968034482707159	0.41904546966961453
73	449.1295882619204	11.280138207515668	1.60761818767006	0.4212927046364091
74	452.1295882619204	11.292783315483215	1.6166256320735588	0.42317881091189236
75	455.1295882619204	11.30360316305875	1.6246826116718702	0.4248807731497113
76	458.1295882619204	11.31381255466381	1.6326781769892622	0.42658645074104706
77	461.1295882619204	11.323395640118532	1.6406215262563104	0.4282991102991571
78	464.1295882619204	11.332353295574503	1.6485262701486014	0.4300225352074568
79	467.1295882619204	11.340692106387618	1.6564065973823596	0.43176043282218524
80	470.1295882619204	11.348420839383197	1.6642749355515145	0.43351595783593067
81	473.1295882619204	11.353886832491398	1.6702869959699431	0.4348725422806075
82	476.1295882619204	11.358831275849468	1.6762423859799729	0.43623310275512317
83	479.1295882619204	11.363215777497382	1.6821404041757866	0.4375991174189495
84	482.1295882619204	11.3670255620864	1.6879881238270653	0.4389731918774903
85	485.1295882619204	11.370256486130964	1.6937955490089383	0.4403582877522544
86	488.1295882619204	11.375498631895622	1.700440143881646	0.44188204499720424
87	491.1295882619204	11.383989431050164	1.7079598266337894	0.44350509767213697
88	494.1295882619204	11.390745612315529	1.7142643301434526	0.44487815830509775
89	497.1295882619204	11.397063501698884	1.7205191465840626	0.4462538649083027
90	500.1295882619204	11.402922981452738	1.726726467019694	0.44763372946547314
91	503.1295882619204	11.408318209775784	1.7328937055763072	0.4490200629503794
92	506.1295882619204	11.413250770740648	1.7390299205501203	0.4504153089818246
93	509.1295882619204	11.417722931444448	1.745143985779137	0.45182183336703446
94	512.1295882619204	11.421206072921438	1.7504055200942934	0.45304584864120145
95	515.1295882619204	11.424028743733944	1.7552067934686568	0.454176283900612
96	518.1295882619204	11.426442969592701	1.759960637102537	0.4553101655666276
97	521.1295882619204	11.428434857323087	1.7646704363481607	0.4564490435700627
98	524.1295882619204	11.429996966346856	1.7693414062539883	0.4575946881606143
99	527.1295882619204	11.43112719380201	1.7739803044725364	0.45874905769458796
100	530.1295882619204	11.431826381503745	1.7785942321359804	0.459914082781038
101	533.1295882619204	11.432054876842	1.7822912477916695	0.4608608563442408
102	536.1295882619204	11.434465406899951	1.786802120946959	0.4619298665673505
103	539.1295882619204	11.438127397405005	1.7918135582629366	0.4630771349376466
104	542.1295882619204	11.441438234220216	1.7967883506183422	0.46422844880358816
105	545.1295882619204	11.444395332967229	1.8017317058270097	0.4653853608988943
106	548.1295882619204	11.44699933981483	1.8066498424681694	0.46654955368945483
107	551.1295882619204	11.449124116075735	1.811251982225349	0.4676512062472064
108	554.1295882619204	11.4506833189684	1.815223257589003	0.4686127405417437
110	560.1295882619204	11.452870942258386	1.8230511459620373	0.4705436692223006
111	563.1295882619204	11.453478772906722	1.8269115813695087	0.47151505319691683
112	566.1295882619204	11.45375578494388	1.830741015072773	0.4724919797264354
113	569.1295882619204	11.453702513614028	1.83454477439433	0.47347588585628136
114	572.1295882619204	11.453373978589106	1.8378896432710234	0.474352766039833
115	575.1295882619204	11.452793962091834	1.840979245427273	0.47517424489949
116	578.1295882619204	11.451927407546568	1.8440328068454293	0.4759984136734439
117	581.1295882619204	11.45076242106055	1.8470507747176743	0.4768259455659767
118	584.1295882619204	11.449293208597021	1.8500357977954711	0.4776578319141842
119	587.1295882619204	11.448423243594325	1.8532994193755863	0.4785368224568424
120	590.1295882619204	11.449623124582173	1.8573408059993413	0.4795300826370966
121	593.1295882619204	11.450401673072308	1.8606968906574473	0.48036389622778936
122	596.1295882619204	11.450945701490701	1.8640179610022034	0.4811984125775973
123	599.1295882619204	11.451242644135325	1.8673072083178772	0.48203503561731326
124	602.1295882619204	11.451285513663079	1.8705657638917943	0.4828744060130964
125	605.1295882619204	11.451071477996935	1.8737966331599245	0.48371747508619517
126	608.1295882619204	11.450597934544719	1.8770027791025217	0.48456517484526446
127	611.1295882619204	11.449908034670441	1.88002373869295	0.485374306634483
129	617.1295882619204	11.448033210111207	1.8853091787498908	0.48681858519162563
130	620.1295882619204	11.446753205525944	1.8879067889025334	0.48754384416280727
131	623.1295882619204	11.445235618413331	1.8904757777467804	0.48827200863493786
132	626.1295882619204	11.443476528863105	1.893018113386401	0.4890038010227518
133	629.1295882619204	11.441474143978901	1.8955364894351268	0.4897400420168509
134	632.1295882619204	11.439457937791458	1.8977843412824118	0.4904072270875004
135	635.1295882619204	11.437355758181557	1.8998777014237032	0.49103840913741037
136	638.1295882619204	11.435043266529007	1.9019423372321458	0.49167144045621985
137	641.1295882619204	11.432513012451697	1.9039786081804888	0.4923067708776787
138	644.1295882619204	11.430074037797949	1.906094214894925	0.4929589640156902
139	647.1295882619204	11.429366228198015	1.9088450558551433	0.4937009660750571
140	650.1295882619204	11.42845120621218	1.911575587351723	0.4944467716945889
141	653.1295882619204	11.427494691619039	1.9138968899346296	0.49508863504988787
142	656.1295882619204	11.426365123144484	1.9161899308593258	0.4957308022996348
143	659.1295882619204	11.425051602134275	1.918457384732024	0.49637446823542725
144	662.1295882619204	11.423549245960874	1.9207001444640333	0.49702010796285945
145	665.1295882619204	11.421854364507432	1.9229190386102082	0.4976681295047142
146	668.1295882619204	11.4199648867862	1.9251162146171121	0.4983192129346185
147	671.1295882619204	11.417976735176687	1.927196377104247	0.4989445295414923
148	674.1295882619204	11.416020618325318	1.9290516705341672	0.49951043429446856
149	677.1295882619204	11.413897649083125	1.9308830509925612	0.5000776501111645
150	680.1295882619204	11.41160144191947	1.9326902321974937	0.5006464085887519
151	683.1295882619204	11.409127151534186	1.9344740061023105	0.5012171546199243
152	686.1295882619204	11.406471494239977	1.9362351988336912	0.501790274782401
153	689.1295882619204	11.40363225937306	1.9379754209879103	0.5023663129691092
154	692.1295882619204	11.400877387799113	1.9395458279554119	0.5028948859242234
155	695.1295882619204	11.398107650727708	1.9410158602632928	0.5033983390007275
156	698.1295882619204	11.395179331226965	1.9424632133597037	0.5039031661131405
157	701.1295882619204	11.39208713653265	1.9438877008593392	0.5044095753876698
158	704.1295882619204	11.388826909781024	1.9452896738972378	0.5049178654060642
159	707.1295882619204	11.385490582669847	1.9467022682548278	0.505432582447577
160	710.1295882619204	11.38356242274491	1.94862474282347	0.5060174199187916
161	713.1295882619204	11.381743595081126	1.950287784711786	0.5065302091046446
162	716.1295882619204	11.379794135743529	1.9519280736037499	0.5070430722516056
163	719.1295882619204	11.37770391517755	1.9535475282689156	0.5075569774604578
165	725.1295882619204	11.373086998830537	1.9567256532449504	0.5085890740140159
166	728.1295882619204	11.370555227620997	1.95828591503211	0.509107947711865
167	731.1295882619204	11.367981055691365	1.9597682200081858	0.5096086818389206
168	734.1295882619204	11.365504772104048	1.961103445967431	0.510066995287968
169	737.1295882619204	11.36290029615726	1.962419363906426	0.5105262450574795
170	740.1295882619204	11.360161838102993	1.9637154984712752	0.5109865840707793
171	743.1295882619204	11.357286834151905	1.9649922528794148	0.511448249811177
172	746.1295882619204	11.354272421774914	1.9662502071107437	0.51191153999776
173	749.1295882619204	11.351116480236136	1.9674900452906472	0.512376746882925
174	752.1295882619204	11.34807733226144	1.9686178618757693	0.5128077537417284
175	755.1295882619204	11.34505503486179	1.9696774546189217	0.5132204527673814
176	758.1295882619204	11.341910626240804	1.9707185338703637	0.5136340764784958
177	761.1295882619204	11.338639487914456	1.9717408068995983	0.5140487720743117
178	764.1295882619204	11.33523823511715	1.972744402611709	0.5144647416305616
179	767.1295882619204	11.33170492506032	1.9737301926287574	0.5148823162763386
180	770.1295882619204	11.328037119484497	1.9746985251490612	0.5153017138944235
181	773.1295882619204	11.32466941010893	1.975542108876457	0.5156751537739412
182	776.1295882619204	11.321196290270118	1.9763668337033518	0.5160486964580525
183	779.1295882619204	11.318297347830322	1.9774030888509249	0.5164515170645814
184	782.1295882619204	11.315739635761817	1.9785730458701636	0.5168738858294596
185	785.1295882619204	11.313066882794432	1.979726722729439	0.5172974519219737
186	788.1295882619204	11.31027718382371	1.9808642845053572	0.5177223594656019
187	791.1295882619204	11.307472695603776	1.9819472967573666	0.5181338936630697
188	794.1295882619204	11.30478797800391	1.982930177213149	0.5185139548844824
189	797.1295882619204	11.302002289158567	1.9838970802771108	0.5188946534903572
190	800.1295882619204	11.299112221326313	1.9848478782758838	0.5192761233665895
191	803.1295882619204	11.296114305737554	1.985782310869155	0.519658467126255
192	806.1295882619204	11.293006516269042	1.9867007140362944	0.5200418776686488
193	809.1295882619204	11.289787323873792	1.9876041393792543	0.5204267129010454
194	812.1295882619204	11.286691264443373	1.9884306457025385	0.5207859401198047
195	815.1295882619204	11.283626137285914	1.989208857162382	0.5211312835867037
196	818.1295882619204	11.280463867253406	1.9899715997920508	0.5214772518293233
198	824.1295882619204	11.273837280441022	1.9914504002402762	0.5221715193728593
199	827.1295882619204	11.270368337247165	1.9921667487782353	0.5225201293938396
200	830.1295882619204	11.266793401119042	1.9928684357115438	0.5228700262233341
201	833.1295882619204	11.263492481669179	1.9934854325358662	0.5231851896357967
202	836.1295882619204	11.260108394065696	1.994086405021983	0.5235001976385917
203	839.1295882619204	11.256632106043241	1.9946727358965937	0.5238158404945984
204	842.1295882619204	11.253060426189506	1.995244019419897	0.524132168612541
205	845.1295882619204	11.249391168013986	1.995800518530941	0.5244493617211388
206	848.1295882619204	11.245622220480838	1.9963425173436367	0.5247676021171074
207	851.1295882619204	11.241876087049903	1.9968537857752817	0.5250769096792893
208	854.1295882619204	11.23831348264675	1.9973155308841788	0.5253648171565275
209	857.1295882619204	11.235140547724352	1.9979188665352778	0.5256719298086141
210	860.1295882619204	11.232247765056126	1.9986277171400142	0.5259938662789233
211	863.1295882619204	11.229268390827913	1.9993228652435295	0.5263164200173704
212	866.1295882619204	11.226201348176874	2.0000045792112804	0.5266397201625209
213	869.1295882619204	11.223045243711319	2.000673229124892	0.5269639378046054
214	872.1295882619204	11.220006917440795	2.001287665931	0.5272685195827284
215	875.1295882619204	11.217004581104673	2.001866735966537	0.5275622532499221
216	878.1295882619204	11.213923841040566	2.0024326448761864	0.527856365408765
218	884.1295882619204	11.207520388705756	2.0035257471419845	0.528446272464616
219	887.1295882619204	11.204193343510614	2.0040526382944552	0.5287422058079257
220	890.1295882619204	11.200781189432897	2.004567085794774	0.5290390507522097
221	893.1295882619204	11.197612410455243	2.005022254255111	0.5293089225621994
222	896.1295882619204	11.194378700109425	2.0054642238774565	0.5295785335134858
223	899.1295882619204	11.19107004135208	2.0058935666798132	0.5298485134319317
224	902.1295882619204	11.187684077906864	2.006310302462915	0.5301189849528422
225	905.1295882619204	11.184219767642228	2.0067146399842257	0.5303900587284246
227	911.1295882619204	11.177154338911128	2.0074755485931273	0.5309265759754677
228	914.1295882619204	11.173795619302352	2.0078089265948806	0.5311743632066301
229	917.1295882619204	11.170367265451521	2.008130843716457	0.5314225792914585
230	920.1295882619204	11.166866254324582	2.0084403182070005	0.5316711133120721
231	923.1295882619204	11.163292176387511	2.008737868508713	0.531920127219446
232	926.1295882619204	11.159642610410588	2.0090233906191686	0.5321697142777994
233	929.1295882619204	11.155916037668034	2.009296997160252	0.5324199824402834
234	932.1295882619204	11.152334927656232	2.009544046250117	0.5326564306984309
235	935.1295882619204	11.148810157723755	2.0097716313068115	0.5328851770697169
236	938.1295882619204	11.145218207668378	2.0099876173050393	0.5331142051338996
237	941.1295882619204	11.141556895681411	2.0101919958958248	0.5333436215338128
238	944.1295882619204	11.13812636363913	2.010481714257556	0.5335847825246005
239	947.1295882619204	11.134974235846357	2.010871894547534	0.5338394153206393
240	950.1295882619204	11.13175304225321	2.011251436296366	0.5340946809529967
241	953.1295882619204	11.12874496660434	2.0115885105969427	0.5343285810131431
242	956.1295882619204	11.12568595376772	2.0119147053607205	0.5345621642893048
243	959.1295882619204	11.122564787872552	2.012229965045165	0.5347959582493594
244	962.1295882619204	11.119380616101749	2.0125345528258096	0.5350300779910019
245	965.1295882619204	11.11613221307884	2.012828552037265	0.5352646089404116
246	968.1295882619204	11.112818089649275	2.0131117500744997	0.5354995707294339
247	971.1295882619204	11.109526760885764	2.013377458267628	0.5357289196964813
248	974.1295882619204	11.106378684531784	2.013617460083151	0.5359446496818452
249	977.1295882619204	11.103172791532923	2.0138472533810297	0.5361605760182386
250	980.1295882619204	11.09990772426334	2.014066864986159	0.5363767749978378
251	983.1295882619204	11.096582288941052	2.0142759597940176	0.5365932187771235
252	986.1295882619204	11.093194776190382	2.0144748147603	0.5368100676302732
253	989.1295882619204	11.089744653831382	2.01466356546743	0.5370273874819628
254	992.1295882619204	11.086419382954418	2.0148328581793793	0.5372336040615663
255	995.1295882619204	11.083145688517375	2.0149871316499013	0.5374334374547768
256	998.1295882619204	11.079816455928688	2.0151317000891993	0.5376334945651304
257	1001.1295882619204	11.07643003809197	2.015266370730485	0.5378338071355091
258	1004.1295882619204	11.072985676566487	2.01539109274913	0.5380344017879856
259	1007.1295882619204	11.069482196197338	2.0155059770777926	0.5382353687001693
260	1010.1295882619204	11.065918063182602	2.015611023576607	0.5384367860397465
262	1016.1295882619204	11.059202360401498	2.015777160802374	0.5388081596150978
263	1019.1295882619204	11.055768864895022	2.015845849166304	0.5389938584457612
264	1022.1295882619204	11.052281474944975	2.015905387618092	0.5391798546039851
265	1025.1295882619204	11.048738045491236	2.015955028694538	0.539366055825722
266	1028.1295882619204	11.045137199254825	2.0159952324749186	0.5395526555559993
267	1031.1295882619204	11.04156748217616	2.0160254565734035	0.5397351835380599
268	1034.1295882619204	11.038150048406262	2.016045141651638	0.5399075584199307
269	1037.1295882619204	11.034681835704326	2.016055816401054	0.5400801116154113
270	1040.1295882619204	11.031163370358213	2.016057573471294	0.5402528447283462
271	1043.1295882619204	11.027994112672628	2.016177006208609	0.5404401183692433
272	1046.1295882619204	11.024851893417008	2.0163121202652494	0.5406303783973789
273	1049.1295882619204	11.021656787032809	2.016438246900975	0.5408209315427719
274	1052.1295882619204	11.018570655901424	2.016549940950716	0.5410023725267127
275	1055.1295882619204	11.01552994439794	2.0166501864749513	0.5411786114762145
276	1058.1295882619204	11.012443814786412	2.01674202340572	0.5413549233126951
277	1061.1295882619204	11.009309756566532	2.0168252167526086	0.5415313706707165
278	1064.1295882619204	11.006126840086223	2.0168997727655342	0.5417080034061436
279	1067.1295882619204	11.002895247370866	2.016965822424066	0.5418848502576544
280	1070.1295882619204	10.999612512063853	2.017023278022462	0.5420620117336762
281	1073.1295882619204	10.996525784994203	2.017068709475628	0.542226381490389
282	1076.1295882619204	10.993403834161564	2.01710623550687	0.5423904556837131
283	1079.1295882619204	10.990237402085267	2.017135525746654	0.5425546037922865
284	1082.1295882619204	10.987024763664092	2.0171564282205052	0.5427188721984237
285	1085.1295882619204	10.983765377326433	2.017169116034095	0.5428833364366639
286	1088.1295882619204	10.980458587179339	2.017173508309832	0.5430480094464561
287	1091.1295882619204	10.977178120453551	2.017169711500999	0.5432092737763593
288	1094.1295882619204	10.974029891903292	2.017158655902182	0.5433621315489113
289	1097.1295882619204	10.970839001188155	2.0171397949769445	0.5435150874778758
290	1100.1295882619204	10.96760532278166	2.017113064293671	0.5436681322901226
291	1103.1295882619204	10.964327166015403	2.017078279912807	0.5438213021200969
292	1106.1295882619204	10.96100402138535	2.0170353539642405	0.5439746005326477
293	1109.1295882619204	10.957635147197433	2.016984461670225	0.5441281136337857
294	1112.1295882619204	10.954377545115108	2.016928829563151	0.5442749134120922
295	1115.1295882619204	10.95116993959229	2.0168668295586376	0.5444175961175444
296	1118.1295882619204	10.947922311807503	2.016797699333772	0.5445604279296156
297	1121.1295882619204	10.944633256678706	2.016720860509062	0.5447033242609031
298	1124.1295882619204	10.94130141498056	2.0166362805917526	0.5448463456996222
299	1127.1295882619204	10.9379253627355	2.016543844037836	0.5449895337623082
301	1133.1295882619204	10.931280379017577	2.0163431830678715	0.5452665623990737
302	1136.1295882619204	10.928024793439757	2.0162360004015	0.5454000102987339
303	1139.1295882619204	10.92473050300693	2.016121403850595	0.5455334643950498
304	1142.1295882619204	10.921395410119016	2.0159995303620772	0.5456670679823078
305	1145.1295882619204	10.91801925281235	2.0158699975962144	0.5458007322719499
306	1148.1295882619204	10.91460138026956	2.015733302609434	0.5459346260031733
307	1151.1295882619204	10.91125151876231	2.0156040146540506	0.5460672066236388
308	1154.1295882619204	10.908343712376627	2.015570429125887	0.5462036688042884
309	1157.1295882619204	10.905399759179408	2.01553029883421	0.5463402405868942
310	1160.1295882619204	10.902419078164069	2.0154828205056745	0.5464767347422133
311	1163.1295882619204	10.899401394445512	2.0154288971458363	0.5466134112802319
312	1166.1295882619204	10.896344488362582	2.0153674669924353	0.5467500950756854
313	1169.1295882619204	10.893249500650288	2.0152991334261143	0.5468868940793989
314	1172.1295882619204	10.890249806315218	2.0152273119178634	0.5470180374212407
315	1175.1295882619204	10.887295527033551	2.0151508202538406	0.5471457026394276
316	1178.1295882619204	10.88430558063525	2.0150675160115985	0.5472733803056574
317	1181.1295882619204	10.881281531881925	2.014977985372884	0.5474011522134544
318	1184.1295882619204	10.878220647110656	2.0148814377721416	0.5475289424051425
319	1187.1295882619204	10.875123163181007	2.014777990801134	0.5476567722305558
320	1190.1295882619204	10.871987632415056	2.0146679726208836	0.5477848051821548
321	1193.1295882619204	10.869018997798861	2.0145584754696566	0.5479046403893468
322	1196.1295882619204	10.866026273639962	2.0144431915976915	0.548024181760731
323	1199.1295882619204	10.862999549389905	2.0143215264136396	0.5481437681296433
324	1202.1295882619204	10.85993876183014	2.014193322515388	0.5482633610036375
325	1205.1295882619204	10.856842659559783	2.0140585556193282	0.5483830181107011
326	1208.1295882619204	10.85371189083789	2.0139170505972177	0.5485026602161434
327	1211.1295882619204	10.850604709754382	2.013772152385362	0.5486202543173567
328	1214.1295882619204	10.847612435660759	2.0136278759477997	0.5487322725343856
329	1217.1295882619204	10.844588762305555	2.0134777685474097	0.5488443522494062
330	1220.1295882619204	10.84153212704734	2.0133211035977605	0.5489563754988042
331	1223.1295882619204	10.838441908978853	2.0131581385409567	0.549068444926337
332	1226.1295882619204	10.835318192272226	2.0129890213306636	0.5491805977118405
333	1229.1295882619204	10.832159993010347	2.012813338711481	0.549292772085245
334	1232.1295882619204	10.82909569719567	2.012638800214641	0.5494005600934151
335	1235.1295882619204	10.826077389326809	2.012462775049822	0.5495056689341958
336	1238.1295882619204	10.823028810841047	2.012280745334055	0.54961073357811
337	1241.1295882619204	10.819948333911553	2.0120928383384418	0.5497158723438252
338	1244.1295882619204	10.816835652684873	2.011898413861116	0.5498209268140537
339	1247.1295882619204	10.813690069291273	2.0116981705517896	0.5499261243302516
340	1250.1295882619204	10.81051111790932	2.0114917164093535	0.550031382487928
341	1253.1295882619204	10.807493401414	2.0112919850054563	0.5501303339955885
342	1256.1295882619204	10.804455102794485	2.011087149053359	0.5502289923533765
343	1259.1295882619204	10.801386778679404	2.0108764728736457	0.5503276376773467
344	1262.1295882619204	10.798288214691832	2.0106600705727016	0.5504263129438819
345	1265.1295882619204	10.795157781315414	2.010437583614612	0.5505250039299929
346	1268.1295882619204	10.791996339588346	2.0102090768701846	0.5506236853612291
347	1271.1295882619204	10.78885983256847	2.009978839287784	0.5507206775836966
348	1274.1295882619204	10.785834912429717	2.0097536126057958	0.5508134009669685
349	1277.1295882619204	10.782875963225589	2.0095512491490894	0.5509090737098108
350	1280.1295882619204	10.78006098715443	2.0093952611960724	0.5510101569757553
351	1283.1295882619204	10.777217652519727	2.0092337416347665	0.5511112259493378
352	1286.1295882619204	10.774345318241194	2.0090665175211595	0.5512122667654425
353	1289.1295882619204	10.771443141019628	2.008893863144507	0.5513133986550259
354	1292.1295882619204	10.768622236379203	2.0087223631838778	0.5514107403349054
355	1295.1295882619204	10.765842199856055	2.00854963405994	0.551505701948996
356	1298.1295882619204	10.763035649912702	2.008371619031544	0.551600619642733
357	1301.1295882619204	10.760201776965609	2.008188334584958	0.5516955401213943
358	1304.1295882619204	10.757339442745876	2.0079994222607893	0.5517904239939474
359	1307.1295882619204	10.754449980557034	2.0078052524873122	0.5518853053830476
360	1310.1295882619204	10.751531405811265	2.0076056867408285	0.5519802488066667
361	1313.1295882619204	10.748752674615098	2.0074121595117367	0.5520697218611132
362	1316.1295882619204	10.74595588762511	2.00721433406319	0.5521589865633778
363	1319.1295882619204	10.743133907948678	2.0070112213169944	0.5522481379167199
364	1322.1295882619204	10.740284534755618	2.006802955709438	0.5523373266417617
365	1325.1295882619204	10.737409533911936	2.006589755580504	0.5524265227095776
366	1328.1295882619204	10.734506502622713	2.006370684840796	0.5525155926582805
367	1331.1295882619204	10.731624502265324	2.0061502267859437	0.5526032457056648
368	1334.1295882619204	10.728840898227697	2.0059345810129803	0.5526872029155986
369	1337.1295882619204	10.72603242666145	2.005713788295901	0.5527710667738731
370	1340.1295882619204	10.723198747875752	2.005487966584913	0.5528548878194481
371	1343.1295882619204	10.72033984735775	2.0052570859781387	0.5529386591129224
372	1346.1295882619204	10.717453757866945	2.0050210959671144	0.5530224687846579
373	1349.1295882619204	10.7145420121056	2.004779923226499	0.5531062181524967
374	1352.1295882619204	10.711708129049455	2.004542669277977	0.5531870734057915
375	1355.1295882619204	10.708914442582536	2.004305563492717	0.5532659356248347
376	1358.1295882619204	10.70609834125266	2.0040643270688236	0.5533448569973456
377	1361.1295882619204	10.703256839560138	2.003817776317082	0.553423665517677
378	1364.1295882619204	10.700390150930977	2.0035663138176703	0.553502461833438
379	1367.1295882619204	10.697498653301796	2.003310141658677	0.5535812827773398
380	1370.1295882619204	10.694580974116834	2.003048671638932	0.5536600373914162
381	1373.1295882619204	10.691796380521938	2.0027966326472204	0.5537345498496687
382	1376.1295882619204	10.688998040422511	2.002541057113786	0.5538088353109702
383	1379.1295882619204	10.686175547480005	2.0022804470092423	0.553883018868114
384	1382.1295882619204	10.68332916272242	2.0020153025405194	0.5539572258156803
385	1385.1295882619204	10.680459204963128	2.0017452152678317	0.5540313270868659
386	1388.1295882619204	10.677564676685591	2.0014703317818245	0.5541054154362179
387	1391.1295882619204	10.674690978791945	2.001195112205922	0.5541783694785324
388	1394.1295882619204	10.671910838422926	2.000926483576135	0.5542483295157864
389	1397.1295882619204	10.669109308750336	2.0006532550168155	0.5543181628079639
390	1400.1295882619204	10.666284397766043	2.0003756260676093	0.554388028512186
391	1403.1295882619204	10.663437013469299	2.000093281453021	0.5544577925018996
392	1406.1295882619204	10.66056636765261	1.9998063297480375	0.5545275262435818
393	1409.1295882619204	10.657671459770663	1.999514818572637	0.5545972954433047
394	1412.1295882619204	10.654850890724084	1.9992284430020666	0.5546646574653011
395	1415.1295882619204	10.652070399977005	1.9989440177094788	0.5547305092128665
396	1418.1295882619204	10.64926818977638	1.998655141949831	0.5547962914870876
397	1421.1295882619204	10.646581756222032	1.9984023215082398	0.5548660854550875
398	1424.1295882619204	10.643938326534299	1.9981642356772	0.5549377647420779
399	1427.1295882619204	10.641273971775577	1.9979217542714196	0.5550093499540285
400	1430.1295882619204	10.638585151183246	1.9976744325102813	0.5550809025978451
401	1433.1295882619204	10.636014129190018	1.9974359358730365	0.5551487956311643
402	1436.1295882619204	10.633429952830198	1.9971938255927815	0.5552164037548212
403	1439.1295882619204	10.630825509087106	1.9969474505335132	0.5552839174897499
404	1442.1295882619204	10.628200252829377	1.9966969583533756	0.555351406706244
405	1445.1295882619204	10.625554274023362	1.9964422518705907	0.5554188400435984
406	1448.1295882619204	10.622886178510132	1.9961830366429154	0.5554862088216223
407	1451.1295882619204	10.620237344701257	1.995923672047497	0.5555525622778604
408	1454.1295882619204	10.617670802562424	1.9956700792194835	0.5556162494701766
409	1457.1295882619204	10.615084610775321	1.9954123426459656	0.5556798421370606
410	1460.1295882619204	10.612477946020082	1.995150627747099	0.5557434297547178
411	1463.1295882619204	10.609851338890952	1.9948847392313416	0.555806930480489
412	1466.1295882619204	10.607204832684108	1.9946147965956473	0.5558703756411256
413	1469.1295882619204	10.604537684186335	1.9943406161994521	0.5559337533236498
414	1472.1295882619204	10.6019346463025	1.9940711788313994	0.5559951232127072
415	1475.1295882619204	10.599367712075736	1.9938035711320101	0.55605513947962
416	1478.1295882619204	10.596781513127837	1.993531542444492	0.5561149625507532
417	1481.1295882619204	10.594175984065306	1.9932558843014903	0.5561748169040237
418	1484.1295882619204	10.591551410188144	1.9929762688504857	0.5562345964043757
419	1487.1295882619204	10.588906267932133	1.9926924392564815	0.5562943096601274
420	1490.1295882619204	10.586240782219688	1.9924042693663897	0.5563539099223395
421	1493.1295882619204	10.583685609226809	1.9921264484076757	0.556410631268452
422	1496.1295882619204	10.581120295945915	1.9918457360721151	0.556467105521458
423	1499.1295882619204	10.578536239209102	1.9915612423408695	0.5565235365581107
424	1502.1295882619204	10.575933386101813	1.991272549159362	0.5565798105812306
425	1505.1295882619204	10.573311345057743	1.9909800867025682	0.55663606865699
426	1508.1295882619204	10.570670619284355	1.990683858376249	0.5566922855314513
427	1511.1295882619204	10.568045771913528	1.9903875149608603	0.5567476617980782
428	1514.1295882619204	10.565500989682059	1.9900983255203621	0.5568008477172679
429	1517.1295882619204	10.562938886003458	1.9898057930846904	0.5568540368615458
430	1520.1295882619204	10.560359298596762	1.9895095075490092	0.5569071232556841
431	1523.1295882619204	10.557760459862994	1.9892091871695385	0.5569601214497056
432	1526.1295882619204	10.55514342953836	1.988905173145159	0.5570130713005588
433	1529.1295882619204	10.552507438882046	1.9885973745255958	0.5570659881499713
434	1532.1295882619204	10.549933193087353	1.9882951085266305	0.5571172210634483
435	1535.1295882619204	10.547392874083087	1.9879950703017104	0.5571673111638976
436	1538.1295882619204	10.54483583376323	1.9876916728710192	0.5572173672982883
437	1541.1295882619204	10.542261811622797	1.987384508448945	0.5572672891064239
438	1544.1295882619204	10.539668987233036	1.9870736852962771	0.5573172033559536
439	1547.1295882619204	10.537058637735075	1.986759172471511	0.5573670340726239
440	1550.1295882619204	10.534428710064311	1.9864406398302052	0.5574167974363962
441	1553.1295882619204	10.531904313272353	1.9861335328306984	0.5574642067022622
442	1556.1295882619204	10.52937050285919	1.9858239027935987	0.5575114288035125
443	1559.1295882619204	10.52681999910632	1.9855103113945294	0.557558445404582
444	1562.1295882619204	10.524252439542234	1.9851935865461863	0.5576055083305061
445	1565.1295882619204	10.521667418601641	1.9848730511100765	0.5576524490963255
446	1568.1295882619204	10.519064780149975	1.9845489090438793	0.557699333440006
447	1571.1295882619204	10.516478442627653	1.9842253902534004	0.5577455516589979
448	1574.1295882619204	10.513968382774452	1.983909877828572	0.5577899969444775
449	1577.1295882619204	10.511442475938091	1.9835912570495484	0.5578344302987249
450	1580.1295882619204	10.508899530541832	1.9832689035447875	0.5578787395395224
451	1583.1295882619204	10.506340159441978	1.9829431989193962	0.557922999616356
452	1586.1295882619204	10.503878238620871	1.9826466761590877	0.5579703172565038
453	1589.1295882619204	10.50143884990709	1.9823577045327883	0.5580185853749562
454	1592.1295882619204	10.49905296737439	1.9820738305691428	0.5580654671337409
455	1595.1295882619204	10.496699438699611	1.9817922913535784	0.5581113074519727
456	1598.1295882619204	10.494329786062787	1.981507240956518	0.5581570368685851
457	1601.1295882619204	10.491944617243334	1.9812189077173694	0.5582026875175595
458	1604.1295882619204	10.489542996902953	1.9809270841742164	0.5582482508608064
459	1607.1295882619204	10.487126378948988	1.9806322876953226	0.5582937954863973
460	1610.1295882619204	10.48469309801344	1.9803338842121567	0.5583392314918235
461	1613.1295882619204	10.482351789867996	1.9800453895076935	0.558382583615109
462	1616.1295882619204	10.480002341630724	1.979754289662819	0.5584256540256057
463	1619.1295882619204	10.477638474884124	1.9794604860098577	0.558468749442732
464	1622.1295882619204	10.475259444990488	1.9791631916808532	0.5585116877125031
465	1625.1295882619204	10.472865348971125	1.9788626292468496	0.5585545265628343
466	1628.1295882619204	10.47045526517471	1.9785588429131467	0.5585973277606937
467	1631.1295882619204	10.468059018812397	1.9782552989506883	0.5586394786594446
468	1634.1295882619204	10.465730919672254	1.9779592777932065	0.5586801358624705
469	1637.1295882619204	10.463389355680958	1.977660220273656	0.5587206723289312
470	1640.1295882619204	10.461031729490722	1.9773579873658296	0.5587611875819258
471	1643.1295882619204	10.458660583241342	1.9770525814957802	0.5588015466540622
472	1646.1295882619204	10.45627365965029	1.9767438554455636	0.5588418286177178
473	1649.1295882619204	10.453871522849177	1.9764318855787835	0.5588820250365912
474	1652.1295882619204	10.451520295813747	1.9761254853594663	0.5589210927020606
475	1655.1295882619204	10.449200102989893	1.9758217484533676	0.558959271283173
476	1658.1295882619204	10.446864976637698	1.9755149042926035	0.558997386657741
477	1661.1295882619204	10.444516866691314	1.975205227477506	0.5590354122971741
478	1664.1295882619204	10.442153352860537	1.974892315850476	0.5590733640182027
479	1667.1295882619204	10.439775595365814	1.9745762849700619	0.5591112125229876
480	1670.1295882619204	10.437381770937431	1.9742569797953968	0.5591490116610454
481	1673.1295882619204	10.435075619619887	1.9739482064391185	0.5591851134627494
483	1679.1295882619204	10.430437263757037	1.9733238707789453	0.5592568378299914
484	1682.1295882619204	10.428097331752827	1.973007114203323	0.5592925362673272
485	1685.1295882619204	10.425742677242324	1.9726873312071778	0.559328182473491
486	1688.1295882619204	10.423374305296495	1.9723645178337317	0.55936372150549
487	1691.1295882619204	10.421019118674343	1.9720424263317426	0.5593987736738915
488	1694.1295882619204	10.418729908189047	1.971728252916135	0.5594325456750581
489	1697.1295882619204	10.416426272489817	1.9714109521024084	0.5594662197751205
490	1700.1295882619204	10.41410929682745	1.9710910527853045	0.5594998878720583
492	1706.1295882619204	10.409435603999109	1.9704423110783071	0.5595668657081694
493	1709.1295882619204	10.407077088432528	1.970113258499585	0.5596002125411678
494	1712.1295882619204	10.404766999976708	1.9697899294116397	0.5596325958667356
495	1715.1295882619204	10.402486577958419	1.969469709210884	0.5596642809413903
496	1718.1295882619204	10.400193561373763	1.9691470519267278	0.5596959650004256
497	1721.1295882619204	10.397886813905526	1.968821179153556	0.5597274880298795
498	1724.1295882619204	10.395566988365411	1.9684924736173954	0.5597589237278837
499	1727.1295882619204	10.393234509166522	1.9681611748110956	0.5597903174125802
500	1730.1295882619204	10.39088715448063	1.9678265406219915	0.5598215777524636
501	1733.1295882619204	10.38862191373427	1.9675026381772363	0.5598514807301459
502	1736.1295882619204	10.386351895830341	1.9671772398009946	0.559881228507118
503	1739.1295882619204	10.384069179354599	1.9668490452008327	0.55991087798718
504	1742.1295882619204	10.381773964006364	1.966518179925598	0.5599404541919188
505	1745.1295882619204	10.37946487278586	1.966184181439395	0.559969899738045
506	1748.1295882619204	10.377143744586972	1.9658477491900066	0.5599993146686572
507	1751.1295882619204	10.374834182165761	1.965511870830109	0.5600282762640959
508	1754.1295882619204	10.372587764611696	1.9651843131274234	0.560056212611436
509	1757.1295882619204	10.370327951726205	1.964853965403146	0.5600840892222974
510	1760.1295882619204	10.368056086654406	1.964520971517363	0.5601118746216288
511	1763.1295882619204	10.365773490774263	1.964185466923485	0.5601395360706598
512	1766.1295882619204	10.363476287549618	1.9638467488663454	0.5601670826544347
513	1769.1295882619204	10.361166407887874	1.963505664044103	0.5601946515809675
514	1772.1295882619204	10.35890183400751	1.9631703689511146	0.5602214347997225
515	1775.1295882619204	10.356666353621806	1.9628382013514143	0.5602475485782906
516	1778.1295882619204	10.354500719717533	1.9625264860775935	0.5602757331683377
517	1781.1295882619204	10.352353573561139	1.9622202809841935	0.5603045023427485
518	1784.1295882619204	10.35019459747469	1.9619115967287557	0.5603332158329632
519	1787.1295882619204	10.34802333457908	1.9616002825415264	0.5603618553735904
520	1790.1295882619204	10.34583997236416	1.9612863554335849	0.560390415725083
521	1793.1295882619204	10.343729155615103	1.9609820100554118	0.5604177959578288
522	1796.1295882619204	10.341614651672376	1.96067599903199	0.5604449110759714
523	1799.1295882619204	10.339488046339094	1.9603673409039635	0.5604719364528419
524	1802.1295882619204	10.337350409995635	1.9600564279373973	0.5604989262637841
525	1805.1295882619204	10.335200448669934	1.9597426860565859	0.5605257865540728
526	1808.1295882619204	10.33304100435559	1.9594266263253415	0.560552509370005
527	1811.1295882619204	10.330890341511203	1.959111382155665	0.5605790002179674
528	1814.1295882619204	10.328795349883272	1.9588029794599013	0.560604438500407
529	1817.1295882619204	10.326689800234213	1.9584923854785572	0.5606298330247335
530	1820.1295882619204	10.324573904163008	1.9581794388922182	0.560655126163541
531	1823.1295882619204	10.322446479786375	1.9578639916078182	0.5606803397165064
532	1826.1295882619204	10.320308005951016	1.9575459911780289	0.5607054326803836
533	1829.1295882619204	10.318157338456942	1.9572254341600994	0.5607304662549422
534	1832.1295882619204	10.316047555674345	1.9569099617341748	0.5607547448684874
535	1835.1295882619204	10.313962951071577	1.9565976435568773	0.5607785684916075
536	1838.1295882619204	10.311867813876791	1.9562831207447946	0.560802342556557
537	1841.1295882619204	10.309761691378926	1.9559656158756138	0.560825868825312
538	1844.1295882619204	10.307645170869911	1.9556460203554469	0.5608493709077044
539	1847.1295882619204	10.305517196155987	1.9553241133543766	0.5608728429990917
540	1850.1295882619204	10.303377735327032	1.9549995859934246	0.5608961982778436
541	1853.1295882619204	10.301308102493216	1.9546847232713824	0.5609185344088445
542	1856.1295882619204	10.299233914919574	1.9543686360469625	0.5609407761322448
544	1862.1295882619204	10.29505454057394	1.9537292344948785	0.5609849004779993
545	1865.1295882619204	10.292948668024946	1.9534058486795909	0.5610067999341862
546	1868.1295882619204	10.29083157430972	1.953080045105838	0.5610286255922428
547	1871.1295882619204	10.288725731221698	1.9527552944359843	0.5610501492408252
548	1874.1295882619204	10.286672125341656	1.9524378262751563	0.5610709252692
549	1877.1295882619204	10.284609879889638	1.952118365602588	0.5610916082371218
550	1880.1295882619204	10.282535895524498	1.9517962579398493	0.5611121791172933
551	1883.1295882619204	10.280452545238271	1.951472021435485	0.5611326573786736
552	1886.1295882619204	10.278358285509405	1.9511455808754814	0.5611531056587052
553	1889.1295882619204	10.276254259059932	1.9508167987841845	0.5611734220551973
554	1892.1295882619204	10.274187342721442	1.950492994048364	0.5611931518327037
555	1895.1295882619204	10.272145562556567	1.950172533045432	0.5612124784948528
556	1898.1295882619204	10.270092252725762	1.9498493194792907	0.5612316506261138
557	1901.1295882619204	10.268031185872836	1.9495245425112744	0.5612508043346125
558	1904.1295882619204	10.265958594671707	1.949197177078279	0.5612698504572464
559	1907.1295882619204	10.2638776055928	1.948867715786166	0.5612887598935722
560	1910.1295882619204	10.261784384507205	1.948535746342336	0.5613076235615654
561	1913.1295882619204	10.259756624715541	1.9482133269942414	0.5613256650475542
562	1916.1295882619204	10.25772634516559	1.9478900614502164	0.5613436077006686
563	1919.1295882619204	10.255685668989827	1.94756455894042	0.561361481756185
564	1922.1295882619204	10.253635269498512	1.9472365689257631	0.5613791781350098
565	1925.1295882619204	10.251575755414256	1.9469066442125174	0.5613968228494989
566	1928.1295882619204	10.249505128993972	1.9465742537813333	0.5614143721894457
567	1931.1295882619204	10.247445478445954	1.946242788338382	0.5614315941117719
568	1934.1295882619204	10.24543574605137	1.9459189354628958	0.5614482838726922
569	1937.1295882619204	10.243416902542902	1.9455933656380395	0.5614649841012247
570	1940.1295882619204	10.241388098123112	1.9452649879931134	0.561481426569078
571	1943.1295882619204	10.23935057280694	1.9449347891556816	0.5614978280089584
572	1946.1295882619204	10.237302807599097	1.9446023419632719	0.5615141484094891
573	1949.1295882619204	10.235244821292728	1.944267592954196	0.5615303712995277
574	1952.1295882619204	10.233223882578637	1.943938145038891	0.5615460990625581
575	1955.1295882619204	10.231225712433986	1.943611951111817	0.5615615235035246
576	1958.1295882619204	10.229218458798377	1.9432837631662554	0.5615768764094311
577	1961.1295882619204	10.22720251056895	1.9429533529457896	0.5615920704487649
578	1964.1295882619204	10.225176361271458	1.9426209509426147	0.561607254942606
579	1967.1295882619204	10.223141883901475	1.9422863299772688	0.5616222613450023
580	1970.1295882619204	10.22109692862828	1.9419495732798617	0.5616372317881615
581	1973.1295882619204	10.219112251311712	1.941622038000291	0.5616515627612354
582	1976.1295882619204	10.217127443644074	1.9412939727407923	0.561665753130998
583	1979.1295882619204	10.215132271418966	1.9409637988461612	0.5616799087102922
584	1982.1295882619204	10.21312819009608	1.9406313033576588	0.5616938878370253
585	1985.1295882619204	10.211114953306893	1.9402968805789997	0.5617078181457608
586	1988.1295882619204	10.209092691120395	1.9399601770774964	0.5617215901509274
587	1991.1295882619204	10.207079974123756	1.9396247387059542	0.5617352086988443
588	1994.1295882619204	10.205115449684802	1.93929661620381	0.5617482989789928
589	1997.1295882619204	10.203142046180169	1.9389669844865414	0.5617614459079188
590	2000.1295882619204	10.201159243506352	1.938634637221808	0.5617743286257804
591	2003.1295882619204	10.199178643586254	1.9383034261778365	0.5617874243375282
592	2006.1295882619204	10.197261297839972	1.9379896204386875	0.5618020858651331
593	2009.1295882619204	10.195336334534378	1.9376741890663935	0.5618167013325934
594	2012.1295882619204	10.193443432588655	1.937363384929583	0.5618308970839434
595	2015.1295882619204	10.191572572223794	1.9370555361304982	0.5618447401898384
596	2018.1295882619204	10.189691892124033	1.9367454366385959	0.5618584769021933
597	2021.1295882619204	10.187804478092085	1.9364339768332894	0.5618721953662257
599	2027.1295882619204	10.184002094358116	1.9358042286040398	0.5618991858064185
600	2030.1295882619204	10.182088404254387	1.9354868325297658	0.5619126461404356