1	233.1295882619204	2.5663768091498	0.014682556591379757	0.016912067752919552
2	236.1295882619204	3.5720560122799494	0.03979354603569104	0.0329313723505622
3	239.1295882619204	4.3073908815399315	0.07012739479577741	0.04812700873267749
4	242.1295882619204	4.8988119826947125	0.10367509798537873	0.06256034449979977
5	245.1295882619204	5.3963714893490256	0.13926307011925415	0.07628683103364978
6	248.1295882619204	5.82626993889347	0.1761174082986165	0.0893567021776558
7	251.1295882619204	6.204372930521887	0.21369610490274016	0.10181556143937841
8	254.1295882619204	6.541203883477006	0.2516062843762635	0.11370491737252046
9	257.1295882619204	6.84419219970559	0.2895571009310194	0.125062605221911
10	260.1295882619204	7.11882810595774	0.32733065408740253	0.13592320939335834
11	263.1295882619204	7.369311596828129	0.3647626565204732	0.14631838479158088
12	266.1295882619204	7.598944279468133	0.40172914275782895	0.156277165880333
13	269.1295882619204	7.810379264328961	0.43813700308398246	0.16582624192229406
14	272.1295882619204	8.005786579545008	0.47391689751084	0.17499016228945927
15	275.1295882619204	8.186968579459107	0.5090181496718404	0.18379157220249123
16	278.1295882619204	8.355441089565664	0.5434047142108542	0.19225138126661753
17	281.1295882619204	8.512492822791089	0.5770520895161284	0.20038892143900638
18	284.1295882619204	8.659230135693628	0.6099449883542603	0.20822210556768983
19	287.1295882619204	8.796610133798637	0.6420753590905989	0.21576753866027246
20	290.1295882619204	8.925467550660601	0.6734409941998138	0.2230406503222202
21	293.1295882619204	9.046534403690053	0.704044236685062	0.2300557842470456
22	296.1295882619204	9.16045726525514	0.733891132713371	0.23682630324188889
23	299.1295882619204	9.267809055241754	0.7629905302937288	0.24336466347052932
24	302.1295882619204	9.369100768572125	0.7913535300954391	0.24968248760050318
25	305.1295882619204	9.464789659501625	0.8189929540058757	0.2557906391593702
26	308.1295882619204	9.555286717197111	0.8459229575385631	0.26169928550708327
27	311.1295882619204	9.640962674886723	0.8721586771544872	0.2674179486541517
28	314.1295882619204	9.722152511129403	0.8977158379755517	0.2729555355880034
29	317.1295882619204	9.799160912224878	0.9226108207608834	0.27832044053672944
30	320.1295882619204	9.872264764752556	0.9468601774963712	0.28352052602822797
31	323.1295882619204	9.941716902724162	0.970480612326953	0.2885631832162013
32	326.1295882619204	10.007748520121972	0.993488858491153	0.2934553732499707
33	329.1295882619204	10.070571909170617	1.0159016636244815	0.2982036707929196
34	332.1295882619204	10.130381671038002	1.0377354518899848	0.3028142399329131
35	335.1295882619204	10.187357536914355	1.0590066060790975	0.30729293064680874
36	338.1295882619204	10.241664887452897	1.0797310940560425	0.31164523824363366
37	341.1295882619204	10.293456547718938	1.0999246451146176	0.31587637546570557
38	344.1295882619204	10.342874646154444	1.119602743655969	0.3199912784095631
39	347.1295882619204	10.39005002290167	1.138780300494425	0.3239945880302828
40	350.1295882619204	10.43510522273596	1.1574721327653275	0.3278907458843207
41	353.1295882619204	10.478153304663524	1.1756924191386335	0.3316839205204623
42	356.1295882619204	10.519300226965195	1.1934551291072322	0.3353780949926806
43	359.1295882619204	10.558644475179133	1.2107737399552703	0.3389770336288885
44	362.1295882619204	10.59627826820272	1.227661399012227	0.34248432121447187
45	365.1295882619204	10.63228744521885	1.244130801431937	0.3459033606636292
46	368.1295882619204	10.666752807836074	1.26019431461817	0.3492373898313511
47	371.1295882619204	10.699749740930043	1.2758638948729508	0.35248949315226946
48	374.1295882619204	10.731349190764075	1.291151126173325	0.35566260098848373
49	377.1295882619204	10.761617553673318	1.30606722076565	0.3587595117898406
50	380.1295882619204	10.790617418717895	1.320623044934135	0.3617828911978529
51	383.1295882619204	10.818407754069192	1.3348291323975174	0.36473528427210683
52	386.1295882619204	10.845043741207492	1.3486956076725842	0.3676191137249241
53	389.1295882619204	10.870577772415523	1.3622323231044626	0.37043669608245894
54	392.1295882619204	10.895058970330897	1.3754487915668892	0.37319025051661603
55	395.1295882619204	10.918534150673239	1.3883542381585605	0.37588189018133966
56	398.1295882619204	10.941047070786421	1.400957576585293	0.3785136506049872
57	401.1295882619204	10.96263929483234	1.4132673375327522	0.3810874491479858
58	404.1295882619204	10.983350302807057	1.4252919444321155	0.3836051631313592
59	407.1295882619204	11.003217240132795	1.437039369322972	0.3860685525845471
60	410.1295882619204	11.022275304916137	1.4485173800505193	0.3884793199025814
61	413.1295882619204	11.040558211469047	1.4597335869316892	0.3908391116045691
62	416.1295882619204	11.058097789219612	1.4706952251763643	0.39314947928942395
63	419.1295882619204	11.074923915441657	1.4814092993337011	0.39541192589341895
64	422.1295882619204	11.091065478276668	1.4918826672840784	0.39762789826906925
65	425.1295882619204	11.106549661099635	1.5021218916080143	0.3997987769583814
66	428.1295882619204	11.121402382964419	1.5121333614686738	0.4019258968051143
67	431.1295882619204	11.135648463213201	1.52192323442507	0.40401052889423916
68	434.1295882619204	11.149311194522241	1.5314974538005346	0.4060539038472331
69	437.1295882619204	11.162413239128561	1.5408618648232477	0.40805721303084264
70	440.1295882619204	11.174975540649935	1.5500219468581697	0.4100215799033664
71	443.1295882619204	11.187018834733536	1.5589831739487228	0.41194810288707623
72	446.1295882619204	11.198562418907787	1.567750778542828	0.4138378400120565
73	449.1295882619204	11.209624774234854	1.5763298065192617	0.41569180295104846
74	452.1295882619204	11.220223741809994	1.5847251965379523	0.4175109733239806
75	455.1295882619204	11.230376194024327	1.5929416845056024	0.41929629147512215
76	458.1295882619204	11.24009826767901	1.6009838566596035	0.4210486635765229
77	461.1295882619204	11.24940553084872	1.6088562161230882	0.42276897441684136
78	464.1295882619204	11.258312891336708	1.616563072898558	0.4244580632854687
79	467.1295882619204	11.266834354337922	1.6241086023239473	0.426116749889582
80	470.1295882619204	11.274983580738288	1.63149687697669	0.42774582296048613
81	473.1295882619204	11.282773466611463	1.6387318026644577	0.4293460404834478
82	476.1295882619204	11.290216751166264	1.6458172578888006	0.43091814425184266
83	479.1295882619204	11.297325225495769	1.6527568964882546	0.43246283923565765
84	482.1295882619204	11.30411024914009	1.6595542821609028	0.4339808102112216
85	485.1295882619204	11.31058309677136	1.666212944879482	0.4354727239872009
86	488.1295882619204	11.316754021979452	1.6727362324164377	0.4369392273293858
87	491.1295882619204	11.322633345215106	1.6791274217117218	0.43838093505289416
88	494.1295882619204	11.328230843151605	1.6853897095680537	0.4397984517347028
89	497.1295882619204	11.333555884452943	1.6915261989722135	0.4411923635975562
90	500.1295882619204	11.33861721588736	1.6975398189655255	0.4425632266090925
91	503.1295882619204	11.343423884079744	1.7034335554270374	0.44391159131645996
92	506.1295882619204	11.347983836385914	1.7092101956223422	0.4452379913358638
93	509.1295882619204	11.352305244799824	1.7148724513863278	0.44654292431521253
94	512.1295882619204	11.356395904577493	1.720423050303466	0.4478268995866808
95	515.1295882619204	11.360262850765235	1.7258644763630366	0.4490903862863704
96	518.1295882619204	11.363913542032758	1.731199347781249	0.45033386544729337
97	521.1295882619204	11.367354951929668	1.7364301020164787	0.4515577841569031
98	524.1295882619204	11.370593473822902	1.7415590737716098	0.45276258014600734
99	527.1295882619204	11.373635564195432	1.7465885699541428	0.45394867611026923
100	530.1295882619204	11.376487268032708	1.7515208346273683	0.4551164897595357
101	533.1295882619204	11.379154599790805	1.7563580854365028	0.45626642839549414
102	536.1295882619204	11.381643327892483	1.761102418928916	0.45739887317302447
103	539.1295882619204	11.383958916327018	1.7657558995685905	0.4585142048721777
104	542.1295882619204	11.386106660897969	1.7703205040823968	0.45961278424320084
105	545.1295882619204	11.388091660924356	1.7747982437863474	0.4606949851398438
106	548.1295882619204	11.389919015365773	1.7791909833545365	0.4617611397433506
107	551.1295882619204	11.391593472007889	1.7835006108295997	0.4628115970880791
108	554.1295882619204	11.393119527824416	1.7877288628841828	0.4638466739020947
109	557.1295882619204	11.394501778072506	1.7918775247940688	0.4648666924866331
110	560.1295882619204	11.395744527909887	1.7959483329751431	0.4658719713658955
111	563.1295882619204	11.396851842562532	1.7999429074455744	0.4668628059422789
112	566.1295882619204	11.397828078935019	1.8038629239570834	0.46783949152483395
113	569.1295882619204	11.398676430115016	1.807709810447509	0.46880230443252435
114	572.1295882619204	11.39940139844341	1.8114852712448453	0.46975153659615093
115	575.1295882619204	11.400006294551728	1.8151907226242276	0.47068745198376305
116	578.1295882619204	11.400494746451386	1.818827637645213	0.47161031415988636
117	581.1295882619204	11.400870155299556	1.8223974777099874	0.4725203910350125
118	584.1295882619204	11.401135674648074	1.8259015110828611	0.4734179088295847
119	587.1295882619204	11.401294715824234	1.8293412188477154	0.47430313646745537
120	590.1295882619204	11.401350245514148	1.8327178319261783	0.4751762947676085
121	593.1295882619204	11.401305312098259	1.8360326619364833	0.47603762047970616
122	596.1295882619204	11.401162710413049	1.8392869328290762	0.47688733667460603
123	599.1295882619204	11.40092547701017	1.8424819269808415	0.4777256700153616
124	602.1295882619204	11.400596218820395	1.8456188127006623	0.47855283417086175
125	605.1295882619204	11.400177428512011	1.8486986635753992	0.47936902177161494
126	608.1295882619204	11.39967177989383	1.8517226863316356	0.4801744511322035
127	611.1295882619204	11.399081862386492	1.8546920129923767	0.48096932353801086
128	614.1295882619204	11.398409981880144	1.8576076848385226	0.4817538275679103
129	617.1295882619204	11.39765846582597	1.8604707565434364	0.482528153316672
130	620.1295882619204	11.396829585941292	1.8632822500292523	0.48329248373158873
131	623.1295882619204	11.395925597318682	1.8660431690157964	0.48404699677455365
132	626.1295882619204	11.394948337072693	1.8687544653911192	0.48479187380854655
133	629.1295882619204	11.393900302293481	1.8714171605357965	0.48552728530697303
134	632.1295882619204	11.3927833231764	1.8740321928196146	0.4862534077269457
135	635.1295882619204	11.391599142353048	1.8766003573177905	0.48697038334446885
136	638.1295882619204	11.390349918694845	1.879122654280336	0.48767838915419726
137	641.1295882619204	11.389037389788948	1.8815999250278233	0.4883775781931729
138	644.1295882619204	11.387663331455652	1.8840330055667378	0.48906809982226446
139	647.1295882619204	11.386229518504942	1.8864227506588351	0.4897501076709386
140	650.1295882619204	11.384737474851045	1.8887699048123188	0.49042373692864843
141	653.1295882619204	11.383188952415399	1.8910753245662921	0.49108914149062993
142	656.1295882619204	11.381585544981611	1.893339808976268	0.49174646657971965
143	659.1295882619204	11.37992883588783	1.8955640682492483	0.4923958342673355
144	662.1295882619204	11.378220163803938	1.897748822247442	0.49303737921780744
145	665.1295882619204	11.376461046152665	1.8998948194024503	0.49367123532360846
146	668.1295882619204	11.374653006044921	1.902002803901591	0.49429753466373044
147	671.1295882619204	11.372797186370573	1.9040733776877259	0.4949163884408025
148	674.1295882619204	11.370895199166288	1.9061073295387196	0.4955279356175315
149	677.1295882619204	11.368948190493454	1.9081052613942302	0.4961322864759339
150	680.1295882619204	11.366957281419516	1.910067775965553	0.49672955224938226
151	683.1295882619204	11.364924122266828	1.9119956425044093	0.4973198640052937
152	686.1295882619204	11.362849467326823	1.9138893309581908	0.49790331380172864
153	689.1295882619204	11.360734622435045	1.9157495091179235	0.4984800207358373
154	692.1295882619204	11.358580845746161	1.9175768018087942	0.4990500944957229
155	695.1295882619204	11.356389124223742	1.9193717423121317	0.4996136325632609
156	698.1295882619204	11.354160496567664	1.9211349138212173	0.5001707428823828
157	701.1295882619204	11.351895981165935	1.92286684945698	0.5007215210075183
158	704.1295882619204	11.349596782731696	1.924568167196473	0.5012660761218696
159	707.1295882619204	11.347263683314628	1.9262393218591973	0.5018044933368139
160	710.1295882619204	11.344897613381802	1.9278808257198257	0.5023368659729076
161	713.1295882619204	11.342499787839397	1.929493295751699	0.5028633018229653
162	716.1295882619204	11.340070832552486	1.9310770972014946	0.5033838689722739
163	719.1295882619204	11.337611724943658	1.9326328325309943	0.5038986815763836
164	722.1295882619204	11.335123414224402	1.934160931619273	0.5044078098665906
165	725.1295882619204	11.33260662848728	1.9356618546713336	0.5049113416382079
166	728.1295882619204	11.330062261910385	1.9371360906753279	0.5054093646505294
167	731.1295882619204	11.327491045321182	1.938584067165567	0.5059019577608472
168	734.1295882619204	11.32489378361854	1.9400062361609582	0.5063892027715878
169	737.1295882619204	11.32227117666414	1.941403006276372	0.5068711747168447
170	740.1295882619204	11.319624150386607	1.942774864575781	0.5073479588635199
171	743.1295882619204	11.316953122676289	1.9441221212011621	0.5078196169174068
172	746.1295882619204	11.314259039470896	1.9454452937184206	0.5082862409784119
173	749.1295882619204	11.311542524894808	1.9467447362304904	0.5087478947709709
174	752.1295882619204	11.308804198655613	1.9480208303210982	0.5092046493011178
175	755.1295882619204	11.30604479213621	1.9492739940171517	0.5096565799803024
176	758.1295882619204	11.303264766224967	1.9505045505227379	0.5101037495304254
177	761.1295882619204	11.300464824455728	1.9517128515231945	0.5105462170972513
178	764.1295882619204	11.297645795848549	1.9528993896149547	0.5109840729187449
179	767.1295882619204	11.294807925358933	1.9540643988999988	0.5114173659393813
180	770.1295882619204	11.29195182696755	1.9552082318212662	0.5118461593218819
181	773.1295882619204	11.289078221554869	1.9563312918643398	0.5122705246701146
182	776.1295882619204	11.286187592681296	1.9574338696091023	0.5126905147188016
183	779.1295882619204	11.283280455700677	1.9585163201633373	0.5131061976042424
184	782.1295882619204	11.280357415455242	1.9595789710411022	0.5135176301137219
185	785.1295882619204	11.277418816475084	1.9606220872163538	0.5139248644380509
186	788.1295882619204	11.274465077976073	1.9616459683983374	0.5143279584377476
187	791.1295882619204	11.271496871178538	1.9626509623834216	0.5147269710434605
188	794.1295882619204	11.268514702283953	1.963637417496938	0.5151219688031063
189	797.1295882619204	11.265518827453354	1.964605507948781	0.5155129839876643
190	800.1295882619204	11.262509949433987	1.9655556315759568	0.5159000870763183
191	803.1295882619204	11.259488202486528	1.9664880017227961	0.5162833261292427
192	806.1295882619204	11.256454243420976	1.9674029333784677	0.5166627519217155
193	809.1295882619204	11.253408284994965	1.968300616679764	0.5170384027752563
194	812.1295882619204	11.25035093924702	1.9691814466310564	0.5174103524667025
195	815.1295882619204	11.247282514008495	1.970045609517048	0.5177786338966597
196	818.1295882619204	11.244203338052534	1.9708933577522703	0.5181432963597231
197	821.1295882619204	11.241113821486493	1.9717249471742135	0.5185043862892992
198	824.1295882619204	11.238014376182436	1.97254064878198	0.5188619540037445
199	827.1295882619204	11.234905345767634	1.9733407165391903	0.5192160484770881
200	830.1295882619204	11.231787021929977	1.9741253295452204	0.5195667013754178
201	833.1295882619204	11.22865979961677	1.9748947734646558	0.5199139676196066
202	836.1295882619204	11.225523960972643	1.975649251180632	0.5202578855551041
203	839.1295882619204	11.222379879165393	1.9763890139007592	0.5205985020265754
204	842.1295882619204	11.219227795462462	1.9771142322897728	0.5209358487738126
205	845.1295882619204	11.216068123803105	1.9778251969792884	0.5212699811222353
206	848.1295882619204	11.212901158918415	1.9785221013107588	0.521600934293472
207	851.1295882619204	11.209727093147139	1.9792051259131391	0.5219287449165811
208	854.1295882619204	11.206546270041525	1.9798744825369516	0.5222534507898597
209	857.1295882619204	11.203359011913445	1.9805303894853152	0.5225750924229182
210	860.1295882619204	11.200165505090569	1.981173026260235	0.522893706431427
211	863.1295882619204	11.196966159370566	1.981802654358313	0.5232093406462144
212	866.1295882619204	11.193761002690593	1.982419335839226	0.5235220080884659
213	869.1295882619204	11.190550600782458	1.9830234388095846	0.5238317774524128
214	872.1295882619204	11.187334958483548	1.9836150130207948	0.5241386595981815
215	875.1295882619204	11.18411437052901	1.9841942604227076	0.5244426920235097
216	878.1295882619204	11.18088914216485	1.9847614049938997	0.52474391756033
217	881.1295882619204	11.177659406408576	1.9853165731948237	0.525042361350008
218	884.1295882619204	11.174425494069904	1.9858599843412301	0.5253380638071108
219	887.1295882619204	11.171187615716729	1.9863918149811943	0.5256310596922866
220	890.1295882619204	11.167945858711873	1.9869121484588126	0.5259213649100585
221	893.1295882619204	11.164700581583045	1.9874212436985208	0.5262090290766303
222	896.1295882619204	11.161451975730584	1.9879192449299796	0.5264940793307262
223	899.1295882619204	11.158200236441797	1.9884062934001436	0.5267765418446377
224	902.1295882619204	11.154945496159533	1.9888825597589437	0.5270564535580707
225	905.1295882619204	11.15168789944834	1.989348145537324	0.5273338325411845
226	908.1295882619204	11.148427750637453	1.9898032554296534	0.5276087166603278
227	911.1295882619204	11.145165202506556	1.990248017240133	0.5278811305766883
228	914.1295882619204	11.141900480339954	1.9906826358428644	0.5281511159727794
229	917.1295882619204	11.1386336860921	1.991107189693347	0.5284186868558174
230	920.1295882619204	11.135365051549512	1.9915218404293786	0.5286838731549328
231	923.1295882619204	11.132094713852032	1.991926739744351	0.5289467066663379
232	926.1295882619204	11.128822774647352	1.9923219857911618	0.529207206674583
233	929.1295882619204	11.125549600758292	1.9927077982725874	0.5294654121516073
234	932.1295882619204	11.122275049251328	1.9930842004689213	0.529721334152562
235	935.1295882619204	11.118999498089252	1.9934513997443506	0.5299750078693618
236	938.1295882619204	11.115722901321357	1.993809459426815	0.5302264504159692
237	941.1295882619204	11.112445630533005	1.9941585940049202	0.5304756992084692
238	944.1295882619204	11.109167808019793	1.9944989009137524	0.5307227724350634
239	947.1295882619204	11.105889373789546	1.9948304458892059	0.5309676885715102
240	950.1295882619204	11.10261056636868	1.9951533902906913	0.5312104772970119
241	953.1295882619204	11.09933165327858	1.99546790092678	0.5314511683673966
242	956.1295882619204	11.09605250689488	1.9957739821217662	0.5316897671973579
243	959.1295882619204	11.092773481000215	1.9960718554725605	0.5319263140343156
244	962.1295882619204	11.089494564384536	1.9963615712807041	0.5321608209969065
245	965.1295882619204	11.086215968129851	1.9966432824514524	0.5323933169027314
246	968.1295882619204	11.082937695514225	1.9969170542528998	0.5326238171978419
247	971.1295882619204	11.079660003770861	1.9971830543307574	0.5328523524477718
248	974.1295882619204	11.076382859322942	1.9974413095538968	0.5330789296588524
249	977.1295882619204	11.073106494463037	1.9976919952495247	0.5333035826766518
250	980.1295882619204	11.069831005050688	1.9979352093987834	0.5335263312898663
251	983.1295882619204	11.066556378240763	1.9981709857688479	0.5337471833939759
252	986.1295882619204	11.063282879947664	1.9983995194130508	0.533966176536641
253	989.1295882619204	11.060010445384027	1.998620830039796	0.5341833173969257
254	992.1295882619204	11.056739357689677	1.998835059548116	0.5343986285201109
255	995.1295882619204	11.053469579555916	1.9990422995960184	0.5346121345200021
256	998.1295882619204	11.050201189912851	1.999242624236365	0.5348238497082171
257	1001.1295882619204	11.046934329434695	1.9994361219201662	0.5350337892709833
258	1004.1295882619204	11.04366905194653	1.999622905049245	0.5352419790234099
259	1007.1295882619204	11.040405541173051	1.9998030742191066	0.5354484353474335
260	1010.1295882619204	11.037143815359729	1.9999767006566282	0.5356531747974557
261	1013.1295882619204	11.033883919642843	2.000143856667529	0.5358562129308543
262	1016.1295882619204	11.030626069232646	2.0003046807963765	0.5360575748078543
263	1019.1295882619204	11.027370115654893	2.000459151837771	0.5362572603665301
264	1022.1295882619204	11.024116341249593	2.000607467684593	0.5364553073435163
265	1025.1295882619204	11.020864770587798	2.0007496661978945	0.5366517231288465
266	1028.1295882619204	11.01761544527292	2.0008858273701198	0.5368465255955944
267	1031.1295882619204	11.014368427605563	2.001016006580512	0.5370397250220178
268	1034.1295882619204	11.011123865467809	2.0011403515383024	0.537231352307766
269	1037.1295882619204	11.007881707189702	2.00125885783379	0.5374214072728563
270	1040.1295882619204	11.004642220005863	2.0013716822703667	0.5376099174684681
271	1043.1295882619204	11.001405138824808	2.0014788044454344	0.5377968888693295
272	1046.1295882619204	10.998170838350582	2.0015803771331004	0.5379823427275555
273	1049.1295882619204	10.994939284251911	2.0016764537245852	0.5381662935982732
274	1052.1295882619204	10.991710458278282	2.0017670874446782	0.538348755225937
275	1055.1295882619204	10.988484526957528	2.001852379587094	0.5385297452501742
276	1058.1295882619204	10.985261519878268	2.0019323807808616	0.5387092744044534
277	1061.1295882619204	10.982041428236109	2.0020071456029513	0.5388873563818619
278	1064.1295882619204	10.978824378515545	2.0020767638600834	0.5390640077374033
279	1067.1295882619204	10.97561028657387	2.0021412554393945	0.5392392365564312
280	1070.1295882619204	10.972399493604701	2.0022007918419056	0.5394130708778665
281	1073.1295882619204	10.969191829332729	2.002255359708261	0.5395855140961324
282	1076.1295882619204	10.96598735836033	2.002305026828008	0.5397565799369685
283	1079.1295882619204	10.962786189274254	2.002349863375256	0.5399262806172503
284	1082.1295882619204	10.95958828931176	2.002389930078779	0.5400946327819893
285	1085.1295882619204	10.956393761952587	2.0024252717436544	0.5402616420856633
286	1088.1295882619204	10.95320270204802	2.002456010379764	0.5404273354474262
287	1091.1295882619204	10.950015112130773	2.0024821660189867	0.5405917168421787
288	1094.1295882619204	10.946830909507842	2.0025037439006943	0.5407547904672422
289	1097.1295882619204	10.943650331428568	2.002520905715909	0.5409165869786537
290	1100.1295882619204	10.940473366687302	2.002533664372331	0.5410771091435747
291	1103.1295882619204	10.937299994446281	2.0025420489733645	0.5412363645895066
292	1106.1295882619204	10.934130331126125	2.002546175106069	0.5413943775414092
293	1109.1295882619204	10.930964278931107	2.002545997197887	0.5415511392784098
294	1112.1295882619204	10.9278019710364	2.0025416484528935	0.541706677988873
295	1115.1295882619204	10.924643452263963	2.0025331763192664	0.5418610030665323
296	1118.1295882619204	10.921488768114505	2.0025206289762556	0.5420141240801687
297	1121.1295882619204	10.9183379918122	2.0025040888767514	0.5421660585123386
298	1124.1295882619204	10.91519093652944	2.0024834924247585	0.5423167972315526
299	1127.1295882619204	10.912047863839037	2.002459005312903	0.542466370931752
300	1130.1295882619204	10.90890874008797	2.0024306303009243	0.5426147808638713
301	1133.1295882619204	10.90577350787447	2.0023984302346127	0.5427620457532717
302	1136.1295882619204	10.90264237983712	2.002362470599041	0.5429081716210972
303	1139.1295882619204	10.899515204426894	2.0023227395359653	0.5430531616552761
304	1142.1295882619204	10.896392118165203	2.0022793666844696	0.5431970430840598
305	1145.1295882619204	10.893273100928315	2.0022323239723554	0.5433398081777816
306	1148.1295882619204	10.890158175499664	2.0021816952966054	0.5434814774535957
307	1151.1295882619204	10.887047451392188	2.0021275541228527	0.5436220642904322
308	1154.1295882619204	10.883940785582114	2.0020698548397964	0.5437615623548268
309	1157.1295882619204	10.88083831561369	2.0020087095548926	0.5438999941397156
310	1160.1295882619204	10.877740072462233	2.0019441493627	0.5440373654734513
311	1163.1295882619204	10.874646110030307	2.0018762518678033	0.5441736936875479
312	1166.1295882619204	10.871556421662268	2.00180503473658	0.5443089828672523
313	1169.1295882619204	10.868470877138716	2.001730464330246	0.5444432293407256
314	1172.1295882619204	10.865389698624323	2.00165268479411	0.5445764601477577
315	1175.1295882619204	10.862312813141498	2.001571682700321	0.5447086742687122
316	1178.1295882619204	10.859240243418585	2.0014875111015145	0.5448398839840777
317	1181.1295882619204	10.856171998448817	2.0014002169127982	0.5449701006078245
318	1184.1295882619204	10.853108255993424	2.0013098639288396	0.5450993315897713
319	1187.1295882619204	10.850048848283194	2.001216463930251	0.5452275875742869
320	1190.1295882619204	10.846993798606427	2.0011200239946625	0.5453548683405731
321	1193.1295882619204	10.843943162247744	2.001020608942676	0.5454811878001504
322	1196.1295882619204	10.840897007169849	2.0009182803101346	0.5456065583462202
323	1199.1295882619204	10.837855343896866	2.00081306912355	0.545730986955834
324	1202.1295882619204	10.834818046095052	2.0007049483116046	0.5458544716597026
325	1205.1295882619204	10.831785299596502	2.000594025265431	0.5459770314554526
326	1208.1295882619204	10.828757013851062	2.0004803105662674	0.5460986728664361
327	1211.1295882619204	10.825733310690142	2.0003638635416565	0.5462194050244836
328	1214.1295882619204	10.82271405967347	2.0002446615129634	0.54633922740451
329	1217.1295882619204	10.819699364367851	2.000122774120342	0.5464581528927935
330	1220.1295882619204	10.816689150569637	1.9999981988124795	0.5465761836414842
331	1223.1295882619204	10.813683556564234	1.999871032720571	0.546693338317713
332	1226.1295882619204	10.810682567465788	1.9997412539181396	0.546809610797942
333	1229.1295882619204	10.807686146314351	1.9996089990081092	0.5469250394321147
334	1232.1295882619204	10.804694290229392	1.9994741613175513	0.5470395943327789
335	1235.1295882619204	10.801707028504119	1.9993368156703146	0.5471532936216934
336	1238.1295882619204	10.798724324664228	1.9991969926961104	0.5472661466768122
337	1241.1295882619204	10.79574641683079	1.999054817447874	0.5473781748221147
338	1244.1295882619204	10.792772966595043	1.998910156586672	0.5474893578713091
339	1247.1295882619204	10.789804250875047	1.9987631696497412	0.5475997246421948
340	1250.1295882619204	10.786840131294882	1.9986138177557387	0.5477092706863984
341	1253.1295882619204	10.783880712274598	1.9984621785699992	0.5478180111721805
342	1256.1295882619204	10.780925995903285	1.9983082509729786	0.5479259448807684
343	1259.1295882619204	10.777975793650626	1.9981520210563168	0.5480330767790106
344	1262.1295882619204	10.775030327912397	1.9979935937159645	0.5481394235377727
345	1265.1295882619204	10.772089538082948	1.9978329601847715	0.54824498505136
346	1268.1295882619204	10.769153504327878	1.9976701791114837	0.548349772555827
347	1271.1295882619204	10.76622203827945	1.9975051960879115	0.5484537799360875
348	1274.1295882619204	10.763295408580634	1.9973381539131638	0.5485570319497026
349	1277.1295882619204	10.760373444963529	1.9971690059656262	0.5486595237150571
350	1280.1295882619204	10.7574560752163	1.996997733197734	0.5487612529288244
351	1283.1295882619204	10.754543493805526	1.9968244639716544	0.5488622441979912
352	1286.1295882619204	10.751635644071987	1.9966491783501783	0.5489624941992672
353	1289.1295882619204	10.748732459070261	1.99647187004147	0.5490620038879749
354	1292.1295882619204	10.745834069839086	1.9962926462354584	0.5491607953247364
355	1295.1295882619204	10.742940383247243	1.9961114648271958	0.5492588609716808
356	1298.1295882619204	10.74005139111347	1.9959283506836518	0.5493562073761626
357	1301.1295882619204	10.737167099982774	1.9957433149006758	0.5494528365498269
358	1304.1295882619204	10.734287578676952	1.9955564450895749	0.5495487683911338
359	1307.1295882619204	10.73141282293905	1.995367732280173	0.5496439999579366
360	1310.1295882619204	10.728542779976975	1.9951771801118872	0.5497385342682954
361	1313.1295882619204	10.725677453258383	1.9949848282401932	0.5498323813894445
362	1316.1295882619204	10.72281688201516	1.9947906986184871	0.5499255446867667
363	1319.1295882619204	10.719961016583596	1.9945948015005337	0.5500180288645091
364	1322.1295882619204	10.717109954475173	1.994397191222678	0.5501098432401302
365	1325.1295882619204	10.714263631225192	1.9941978662982998	0.5502009900556873
366	1328.1295882619204	10.711421961722186	1.9939968109332133	0.5502914686717928
367	1331.1295882619204	10.708585158593559	1.9937941457171406	0.5503813007987391
368	1334.1295882619204	10.705752980419861	1.9935897766630317	0.5504704722617324
369	1337.1295882619204	10.702925592002483	1.9933837861877335	0.5505589967062845
370	1340.1295882619204	10.700102929292997	1.993176184484869	0.5506468796128128
371	1343.1295882619204	10.697284983978083	1.9929669962587424	0.5507341276117611
372	1346.1295882619204	10.694471806253677	1.9927562384164004	0.5508207421737373
373	1349.1295882619204	10.691663371292977	1.9925439427378338	0.5509067327487727
374	1352.1295882619204	10.688859667279534	1.992330108869569	0.5509920992419172
375	1355.1295882619204	10.686060672863038	1.9921147583412329	0.5510768481053183
376	1358.1295882619204	10.683266461561455	1.9918979278617326	0.5511609851059782
377	1361.1295882619204	10.68047694002775	1.991679615365341	0.551244513896755
378	1364.1295882619204	10.6776921784029	1.9914598470202942	0.5513274375138467
379	1367.1295882619204	10.67491212489368	1.9912386439795773	0.5514097639057196
380	1370.1295882619204	10.672136891081841	1.9910160553379164	0.5514915003293595
381	1373.1295882619204	10.669366197983264	1.9907919997399157	0.5515726380957424
382	1376.1295882619204	10.666600344877128	1.9905666154229218	0.5516531994669099
383	1379.1295882619204	10.663839156662096	1.9903398214760328	0.5517331705152421
384	1382.1295882619204	10.66108269568437	1.9901117013627472	0.5518125705926005
385	1385.1295882619204	10.658330989753846	1.9898822660964643	0.5518914007648917
386	1388.1295882619204	10.655583936103682	1.9896514929252773	0.5519696594966468
387	1391.1295882619204	10.652841591985773	1.98941940940605	0.5520473509231772
388	1394.1295882619204	10.650104030667704	1.989186115163962	0.5521244983570974
389	1397.1295882619204	10.647371040037331	1.9889514587718031	0.5522010702341638
390	1400.1295882619204	10.644642830161438	1.9887156141741025	0.5522771034188425
391	1403.1295882619204	10.64191928742764	1.9884785216273337	0.5523525866958882
392	1406.1295882619204	10.639200389450975	1.9882401937692806	0.5524275242173367
393	1409.1295882619204	10.636486249411803	1.9880006982578726	0.5525019283908368
394	1412.1295882619204	10.63377672832426	1.9877599987161985	0.5525757958180261
395	1415.1295882619204	10.63107191119393	1.9875181190006377	0.5526491282067704
396	1418.1295882619204	10.628371750917804	1.9872750992782138	0.5527219386724551
397	1421.1295882619204	10.625676221116006	1.9870309081954582	0.5527942193712888
398	1424.1295882619204	10.622985331500578	1.9867855959047904	0.5528659832560113
399	1427.1295882619204	10.620299168016635	1.9865391956821727	0.5529372346271536
400	1430.1295882619204	10.61761762905	1.9862916838722866	0.5530079717071263
401	1433.1295882619204	10.614940792694965	1.9860431052363186	0.5530782024099188
402	1436.1295882619204	10.61226848275068	1.9857934141181979	0.5531479227255582
403	1439.1295882619204	10.609600898407702	1.9855427216151058	0.5532171527469294
404	1442.1295882619204	10.606937887425508	1.9852909501910891	0.5532858783441555
405	1445.1295882619204	10.604279497786845	1.985038153828369	0.5533541115926691
406	1448.1295882619204	10.601625812180169	1.9847843668255745	0.5534218572799595
407	1451.1295882619204	10.598976636226244	1.9845295545753248	0.5534891154482235
408	1454.1295882619204	10.596332082968452	1.9842737560856365	0.5535558906226391
409	1457.1295882619204	10.593692121183004	1.98401696282477	0.5536221816051129
410	1460.1295882619204	10.591056761403168	1.9837592067579135	0.5536879963185073
411	1463.1295882619204	10.588426005535384	1.9835005306027222	0.5537533461475957
412	1466.1295882619204	10.585799897055555	1.983240925140847	0.5538182258117703
413	1469.1295882619204	10.583178275469992	1.9829803708497757	0.5538826378221838
414	1472.1295882619204	10.580561255356747	1.9827188928068096	0.553946582756802
415	1475.1295882619204	10.577948792746906	1.982456522897002	0.5540100713988179
416	1478.1295882619204	10.57534084232875	1.9821932487985563	0.5540731022577513
417	1481.1295882619204	10.572737602064695	1.9819291451795884	0.5541356854153487
418	1484.1295882619204	10.570138724789926	1.981664122105809	0.5541978135079159
419	1487.1295882619204	10.567544444828725	1.9813982550656892	0.554259494949135
420	1490.1295882619204	10.564954699182813	1.9811315524507391	0.5543207349827823
421	1493.1295882619204	10.562369490853497	1.980864026532732	0.5543815364822635
422	1496.1295882619204	10.5597888068088	1.9805956791148673	0.5544419002361484
423	1499.1295882619204	10.557212591305415	1.9803264902674573	0.5545018231932296
424	1502.1295882619204	10.554640892161913	1.9800565162690402	0.5545613182042698
425	1505.1295882619204	10.552073676418404	1.9797857570000943	0.5546203865788851
426	1508.1295882619204	10.549510977835169	1.9795141809396295	0.5546790173227443
427	1511.1295882619204	10.54695280889055	1.97924195469496	0.5547372560814895
428	1514.1295882619204	10.5443990659737	1.9789689000517272	0.5547950579846729
429	1517.1295882619204	10.541849807006711	1.9786951003560418	0.5548524429647342
430	1520.1295882619204	10.53930496271978	1.9784205514176645	0.5549094131177641
431	1523.1295882619204	10.536764576791459	1.9781452754495055	0.5549659720028619
432	1526.1295882619204	10.534228705089024	1.9778693116247577	0.5550221272998025
433	1529.1295882619204	10.5316972149141	1.9775926088664904	0.5550778713023123
434	1532.1295882619204	10.52917020113425	1.9773152510832046	0.555133222199801
435	1535.1295882619204	10.526647560272389	1.977037168584472	0.5551881655257122
436	1538.1295882619204	10.524129390738894	1.9767584232414326	0.5552427131051408
437	1541.1295882619204	10.521615581421013	1.9764790062719921	0.5552968679812187
438	1544.1295882619204	10.519106223701446	1.9761989417642758	0.5553506317497982
439	1547.1295882619204	10.51660122772713	1.9759182191422064	0.5554040058351779
440	1550.1295882619204	10.514100632169056	1.975636869932399	0.5554569967132412
441	1553.1295882619204	10.511604473877515	1.9753548998373942	0.5555096037001883
442	1556.1295882619204	10.509112514386077	1.9750722498330655	0.5555618224595961
443	1559.1295882619204	10.506625036299878	1.9747890334705218	0.5556136696558279
444	1562.1295882619204	10.504141923805806	1.9745052157497844	0.5556651412353337
445	1565.1295882619204	10.50166312729014	1.9742207848639661	0.5557162361694096
446	1568.1295882619204	10.499188691970263	1.9739357789352432	0.5557669624681248
447	1571.1295882619204	10.496718580347004	1.973650187751145	0.5558173189171652
448	1574.1295882619204	10.494252762645564	1.9733640110309654	0.5558673066911891
449	1577.1295882619204	10.491791298126198	1.9730772917572448	0.5559169344393053
450	1580.1295882619204	10.489334134453177	1.9727900199763369	0.5559662018151131
451	1583.1295882619204	10.486881294070464	1.9725022007510276	0.5560151087418148
452	1586.1295882619204	10.484432725690644	1.9722138405701306	0.5560636594555769
453	1589.1295882619204	10.481988433717474	1.971924953161919	0.5561118572853441
454	1592.1295882619204	10.479548446275551	1.971635568158139	0.5561597087911224
455	1595.1295882619204	10.47711272926116	1.971345638516488	0.5562072022096659
456	1598.1295882619204	10.47468119489692	1.9710551929425235	0.556254349995509
457	1601.1295882619204	10.47225398359163	1.9707642625411819	0.5563011531728909
458	1604.1295882619204	10.469830958453855	1.9704728338756383	0.5563476149245413
459	1607.1295882619204	10.467412230311977	1.97018093518029	0.5563937370401522
460	1610.1295882619204	10.46499771544754	1.9698885579509473	0.5564395212766481
461	1613.1295882619204	10.462587400159475	1.9695957190515339	0.5564849728382213
462	1616.1295882619204	10.460181331684291	1.9693024106952974	0.5565300867263973
463	1619.1295882619204	10.45777944654732	1.9690086602012096	0.5565748737535257
464	1622.1295882619204	10.455381761526876	1.9687144379587693	0.5566193243754955
465	1625.1295882619204	10.452988248227989	1.968419798167667	0.5566634551468953
466	1628.1295882619204	10.450598979329383	1.9681247516458744	0.556707264983477
467	1631.1295882619204	10.448213735179591	1.9678291836574793	0.5567507328543653
468	1634.1295882619204	10.445832756536388	1.9675332580071374	0.5567938919971723
469	1637.1295882619204	10.44345592964268	1.9672369299363701	0.5568367355441718
470	1640.1295882619204	10.441083188976934	1.9669401551918293	0.5568792541943542
471	1643.1295882619204	10.438714632167448	1.9666430131950796	0.556921464958521
472	1646.1295882619204	10.436350226057494	1.9663454797003437	0.5569633624782084
473	1649.1295882619204	10.433989889603259	1.9660475319945825	0.5570049443820068
474	1652.1295882619204	10.431633692051001	1.9657492296780685	0.5570462235985679
475	1655.1295882619204	10.429281586353806	1.9654505380248466	0.5570871925439157
476	1658.1295882619204	10.426933605373396	1.9651514937826289	0.5571278596221055
477	1661.1295882619204	10.424589656619073	1.9648520618304763	0.5571682195651305
478	1664.1295882619204	10.42224980303072	1.9645522943131486	0.5572082835438273
479	1667.1295882619204	10.419914035073605	1.964252168123977	0.5572480452662455
480	1670.1295882619204	10.417582337687907	1.9639517148288144	0.557287514244988
481	1673.1295882619204	10.415254707511343	1.9636509104875777	0.557326683622369
482	1676.1295882619204	10.412931060758202	1.963349776952158	0.5573655638397411
483	1679.1295882619204	10.41061145124557	1.963048292932128	0.5574041457320025
484	1682.1295882619204	10.40829594451596	1.9627465132579534	0.5574424411169863
485	1685.1295882619204	10.405984381540357	1.962444410363711	0.5574804504470329
486	1688.1295882619204	10.403676844760067	1.9621419951609937	0.5575181721707255
487	1691.1295882619204	10.401373319889304	1.9618392840832979	0.5575556114890272
488	1694.1295882619204	10.399073788211604	1.9615362754284351	0.5575927686906342
489	1697.1295882619204	10.396778230037476	1.9612329671513469	0.5576296440201186
490	1700.1295882619204	10.394486654507533	1.9609293653823021	0.557666238501426
491	1703.1295882619204	10.392199047694552	1.9606254908237564	0.5577025585429476
492	1706.1295882619204	10.38991541547383	1.9603213370080026	0.5577386017662451
493	1709.1295882619204	10.387635705323824	1.9600169117615664	0.5577743729948171
494	1712.1295882619204	10.385359989334221	1.9597122398198386	0.5578098751776448
495	1715.1295882619204	10.38308815453375	1.9594072665630857	0.5578450986160934
496	1718.1295882619204	10.380820258146299	1.9591020592120199	0.5578800591543344
497	1721.1295882619204	10.378556307486518	1.9587965914515577	0.5579147486918121
498	1724.1295882619204	10.376296220852057	1.9584908874098084	0.5579491782786193
499	1727.1295882619204	10.374040042447623	1.9581849345589253	0.5579833417589684
500	1730.1295882619204	10.371787793703055	1.9578787588263673	0.5580172451572386
501	1733.1295882619204	10.369539402092482	1.9575723468756536	0.5580508883666265
502	1736.1295882619204	10.367294870809127	1.9572656738066885	0.5580842639085218
503	1739.1295882619204	10.365054190523328	1.9569587991540576	0.5581173890531537
504	1742.1295882619204	10.362817408639915	1.9566517112574162	0.5581502577216979
505	1745.1295882619204	10.360584467061893	1.956344410672789	0.5581828729995929
506	1748.1295882619204	10.358355345697621	1.956036885224345	0.5582152322946913
507	1751.1295882619204	10.356130121117033	1.955729207218044	0.5582473519175422
508	1754.1295882619204	10.353908624355949	1.9554212519523784	0.5582792051851516
509	1757.1295882619204	10.351691001341242	1.9551131444667924	0.5583108197279887
510	1760.1295882619204	10.349477170863395	1.954804839184429	0.5583421867203404
511	1763.1295882619204	10.347267145101007	1.95449634019301	0.5583733064794328
512	1766.1295882619204	10.345060913634196	1.9541876624978145	0.5584041836626437
513	1769.1295882619204	10.342858466024197	1.9538788345646698	0.5584348267801429
514	1772.1295882619204	10.340659759545897	1.9535697790985724	0.5584652158599223
515	1775.1295882619204	10.33846484251696	1.9532605788502966	0.5584953717576485
516	1778.1295882619204	10.33627369120188	1.9529512206591557	0.5585252918103345
517	1781.1295882619204	10.334086286196948	1.9526416929061654	0.5585549735603964
518	1784.1295882619204	10.331902602741405	1.9523320038144099	0.5585844205155762
519	1787.1295882619204	10.32972270148302	1.9520221984548214	0.5586136421134422
520	1790.1295882619204	10.327546458297087	1.9517121717610861	0.558642614820052
521	1793.1295882619204	10.325373942768776	1.9514020253402162	0.5586713637715228
522	1796.1295882619204	10.323205149351914	1.9510917607957088	0.5586998895547726
523	1799.1295882619204	10.321040045771717	1.9507813313308136	0.5587281803422703
524	1802.1295882619204	10.318878640098532	1.9504707834588102	0.5587562488435222
525	1805.1295882619204	10.31672090152553	1.9501600865156279	0.5587840877709739
526	1808.1295882619204	10.31456684390562	1.949849277119183	0.5588117066947603
527	1811.1295882619204	10.312416476624657	1.9495383364922048	0.5588390995562728
528	1814.1295882619204	10.310269742015151	1.949227284038288	0.5588662748737436
529	1817.1295882619204	10.308126636640539	1.948916105682813	0.5588932286326569
530	1820.1295882619204	10.305987230296658	1.9486048193961343	0.5589199620355652
531	1823.1295882619204	10.303851431672472	1.9482934224760957	0.5589464790944876
532	1826.1295882619204	10.301719219083669	1.9479819170308459	0.5589727814285314
533	1829.1295882619204	10.299590646471762	1.9476703104043345	0.5589988680570304
534	1832.1295882619204	10.297465692211	1.9473585999037402	0.5590247392195432
535	1835.1295882619204	10.295344391881782	1.9470468309885904	0.5590504058759889
536	1838.1295882619204	10.293226549024542	1.9467349007183068	0.5590758489801454
537	1841.1295882619204	10.291112369678032	1.9464229159509214	0.5591010878690494
538	1844.1295882619204	10.289001773245102	1.946110856701582	0.5591261210279398
539	1847.1295882619204	10.286894727775374	1.9457987020365606	0.5591509440251291
540	1850.1295882619204	10.284791208787478	1.9454864624582162	0.5591755610553794
541	1853.1295882619204	10.28269127826879	1.9451741452149787	0.5591999706797052
542	1856.1295882619204	10.280594901682669	1.9448617709859908	0.5592241805701753
543	1859.1295882619204	10.27850201377524	1.944549317230549	0.5592481876472385
544	1862.1295882619204	10.276412692617336	1.944236792358735	0.5592719899329036
545	1865.1295882619204	10.274326849342515	1.9439242048137946	0.5592955945442465
546	1868.1295882619204	10.272244588033589	1.9436115586897345	0.5593189968477577
547	1871.1295882619204	10.270165755258805	1.943298843431646	0.5593422020141914
548	1874.1295882619204	10.268090439652127	1.942986079447969	0.559365210947513
549	1877.1295882619204	10.266018585092612	1.9426732652117127	0.5593880261233627
550	1880.1295882619204	10.26395025967297	1.9423604053952648	0.5594106450357788
551	1883.1295882619204	10.261885374724859	1.9420474822096585	0.5594330672522093
552	1886.1295882619204	10.259823966591341	1.9417345332885678	0.5594553014926624
553	1889.1295882619204	10.257766005724607	1.941421555788366	0.5594773484133198
554	1892.1295882619204	10.255711496863803	1.9411085025268486	0.5594991940209856
555	1895.1295882619204	10.253660385363364	1.9407954294059562	0.5595208572707083
556	1898.1295882619204	10.251612757194758	1.940482331433758	0.5595423318996586
557	1901.1295882619204	10.24956849250437	1.9401691833299706	0.5595636170250897
558	1904.1295882619204	10.247527722281621	1.939856042264903	0.5595847218514733
559	1907.1295882619204	10.245490312189204	1.93954284394328	0.5596056350361761
560	1910.1295882619204	10.243456345144887	1.9392296608594501	0.5596263728348047
561	1913.1295882619204	10.241425758355572	1.9389164391194298	0.5596469229973959
562	1916.1295882619204	10.23939846493986	1.93860316754748	0.5596672869143562
563	1919.1295882619204	10.237374627474486	1.9382899120999924	0.5596874746122759
564	1922.1295882619204	10.235354184895032	1.9379766490641637	0.5597074824569052
565	1925.1295882619204	10.23333708940312	1.9376633870756728	0.5597273154307681
566	1928.1295882619204	10.231323201221164	1.9373500494285352	0.5597469588958849
567	1931.1295882619204	10.229312797048266	1.9370367777093969	0.5597664384961994
568	1934.1295882619204	10.227305686488643	1.9367234802684623	0.5597857380461463
569	1937.1295882619204	10.225301932989977	1.936410169832259	0.5598048576266433
570	1940.1295882619204	10.223301458638359	1.9360968683889672	0.559823807737466
571	1943.1295882619204	10.22130431359999	1.9357835758382111	0.5598425854841329
572	1946.1295882619204	10.219310512069384	1.9354703036803522	0.5598611932962323
573	1949.1295882619204	10.217320024835116	1.9351570482169518	0.5598796315866831
574	1952.1295882619204	10.215332756571517	1.9348437639142668	0.5598978922868162
575	1955.1295882619204	10.213348888930858	1.9345305249600797	0.5599159867895198
576	1958.1295882619204	10.211368109449987	1.9342172767606725	0.5599339163093078
577	1961.1295882619204	10.20939070090903	1.9339040521085222	0.5599516747192059
578	1964.1295882619204	10.207416553051992	1.9335908615154989	0.5599692709949616
579	1967.1295882619204	10.205445658793415	1.9332776892607466	0.5599867008607571
580	1970.1295882619204	10.203478031730453	1.9329645605575814	0.5600039707618393
581	1973.1295882619204	10.201513571963343	1.9326514050126222	0.5600210656753725
582	1976.1295882619204	10.199552408912654	1.9323383261079332	0.5600380083696695
583	1979.1295882619204	10.197594427279714	1.9320252529181003	0.5600547845128787
584	1982.1295882619204	10.195639689681991	1.9317122216763511	0.5600714010588997
585	1985.1295882619204	10.193688143803362	1.9313992307206327	0.560087860292563
586	1988.1295882619204	10.191739795454898	1.9310862731419405	0.5601041597847495
587	1991.1295882619204	10.189794656303894	1.9307733575547337	0.5601203012862157
588	1994.1295882619204	10.187852676184898	1.9304604591620176	0.5601362802543329
589	1997.1295882619204	10.18591390864685	1.930147624258698	0.5601521070718042
590	2000.1295882619204	10.183978274939774	1.9298348246998784	0.5601677777988415
591	2003.1295882619204	10.182045833746137	1.9295220885265294	0.560183297244355
592	2006.1295882619204	10.180116536840591	1.9292093671723474	0.5601986538588185
593	2009.1295882619204	10.178190382829664	1.9288967136007833	0.5602138629943978
594	2012.1295882619204	10.176267380516208	1.9285841250382176	0.5602289232629374
595	2015.1295882619204	10.174347485709545	1.9282715756047977	0.5602438294801795
596	2018.1295882619204	10.172430778868597	1.9279591077686757	0.5602585894549744
597	2021.1295882619204	10.170517134827863	1.9276466494671978	0.5602731890407645
598	2024.1295882619204	10.168606641208122	1.9273342967013012	0.5602876512139723
599	2027.1295882619204	10.166699205208403	1.9270219647710498	0.5603019563706874
600	2030.1295882619204	10.16479492565435	1.9267097240560076	0.560316119429455