233.1295882619204	0.014681266551829844	0.014286309414338567	2.6902116114910446
234.9265882619204	0.028982500717219334	0.02879428064753474	0.6494266023523987
236.72358826192038	0.04544681666626603	0.046116130974150314	1.4727418925715385
238.52058826192038	0.06364242104227122	0.06590875238037311	3.561038849538112
240.31758826192038	0.08309102671074575	0.08779272673883748	5.6584931179863185
242.1145882619204	0.10349893963170423	0.11153279706676865	7.762260621850325
243.9115882619204	0.12461542052151019	0.13692830602690903	9.880707743768745
245.7085882619204	0.14629151168630367	0.16431369277702051	12.319362130430523
247.5055882619204	0.16837134918778213	0.19290691678975544	14.572293754449372
249.3025882619204	0.19074332036067562	0.21857788141583975	14.592679315077394
251.0995882619204	0.21331513898439508	0.23801814904671584	11.580523623373896
252.89658826192039	0.2360007604411754	0.24315152786854854	3.0299764348240332
254.69358826192038	0.2587414851168257	0.2535879110152151	1.9917850047446728
256.4905882619204	0.28147794981812185	0.278636501950943	1.009474407858535
258.2875882619204	0.30416453322971015	0.3065525067845064	0.7850927027684751
260.0845882619204	0.3267629472742387	0.3352476894969225	2.5966047538318104
261.8815882619204	0.34923711554949705	0.364398939436884	4.341412528141819
263.67858826192037	0.3715617574281101	0.39418600457619557	6.088960097693263
265.4755882619204	0.3937114976355699	0.4245873180828028	7.842245053207053
267.2725882619204	0.415666789953109	0.45693677004103805	9.928620973685343
269.0695882619204	0.437411343541189	0.48728752926291147	11.402581679280544
270.8665882619204	0.4589298943048161	0.5069675564936864	10.467320343478036
272.6635882619204	0.48021212454764733	0.5205736814678824	8.404943327546155
274.4605882619204	0.5012477112968388	0.530822872238006	5.9003084252793325
276.2575882619204	0.5220291285533727	0.5402798574115079	3.496113120873323
278.0545882619204	0.5425504020794915	0.5515503802177639	1.6588280284702162
279.85158826192037	0.5628060893794845	0.5677092886611734	0.8712057979143095
281.6485882619204	0.5827931639957535	0.5901154464457509	1.256411863137541
283.44558826192036	0.6025086062499817	0.6191379982822431	2.760025642747732
285.2425882619204	0.6219508068946287	0.6489812736365197	4.346077928068448
287.03958826192036	0.641118913236779	0.6784974126557833	5.8301975885087565
288.8365882619204	0.6600123601263723	0.710020786830762	7.576892453167794
290.6335882619204	0.6786317799763202	0.734440102400004	8.223652954424153
292.4305882619204	0.6969778102237039	0.747087020750158	7.189498688684348
294.2275882619204	0.7150518030319986	0.7588872762439184	6.130391256416168
296.02458826192037	0.7328554710250014	0.7717861635950808	5.312192391172199
297.8215882619204	0.7503906818658851	0.7847994007609052	4.585440588022904
299.6185882619204	0.7676598783023905	0.7979522905458659	3.946072095165931
301.4155882619204	0.7846655045721252	0.8112712672402947	3.390713942838297
303.21258826192036	0.801410350769499	0.8240866389734692	2.829547707013891
305.0095882619204	0.8178973634847598	0.8383148152224814	2.4963342161576696
306.8065882619204	0.8341295684489488	0.8589232424679788	2.9724008064039076
308.6035882619204	0.8501102380434516	0.8822788733096866	3.784054564531747
310.4005882619204	0.8658426433360037	0.9054763655930878	4.577474043595187
312.1975882619204	0.8813301997350653	0.923121533781599	4.741847500414309
313.9945882619204	0.8965763729530233	0.936135042909855	4.4121918835022145
315.79158826192037	0.9115846629806419	0.9498982620059025	4.202966612007852
317.5885882619204	0.9263586412853879	0.9638332427673072	4.045366428483965
319.38558826192036	0.9409018762027046	0.9778508976434861	3.926979249940543
321.1825882619204	0.9552179690825153	0.9919657411827364	3.8470561996982955
322.9795882619204	0.9693105170314049	1.0061905552873978	3.804770257619916
324.7765882619204	0.9831831245425533	1.0205366047173177	3.799239352500483
326.5735882619204	0.9968393752099305	1.035191203602412	3.847342846424451
328.3705882619204	1.0102828484694035	1.0500336771681487	3.934623730272002
330.1675882619204	1.0235170958623894	1.0624811933588945	3.8068829191050257
331.96458826192037	1.0365456379455742	1.0724070649698938	3.4597055557917145
333.7615882619204	1.0493719865354578	1.0806128570715592	2.977101631924084
335.55858826192036	1.0619995859094042	1.0894559459710247	2.5853456466378155
337.3555882619204	1.0744318757127092	1.1007761124281747	2.451922482101576
339.1525882619204	1.0866722356160634	1.1139578936157792	2.5109372546218367
340.9495882619204	1.0987240027225817	1.128359929640979	2.6973040404105975
342.74658826192035	1.1105904959286037	1.1426489644601343	2.8866147017335475
344.5435882619204	1.1222749454550351	1.1569730640537614	3.091766303724941
346.3405882619204	1.133780576768972	1.1713812044768763	3.3163937077717476
348.13758826192037	1.1451105399394212	1.1863284883095488	3.599473320043689
349.9345882619204	1.156267939082331	1.2005762942544256	3.832014507576842
351.73158826192036	1.1672558548016558	1.210493048268937	3.7041744780649033
353.5285882619204	1.1780772721214656	1.2188217495788838	3.4585572968440337
355.3255882619204	1.1887351714052468	1.2276729970948175	3.2755677316707033
357.1225882619204	1.199232451864937	1.236494253806188	3.107137559803763
358.91958826192035	1.209571967697336	1.2452958843783537	2.953434573142877
360.7165882619204	1.219756546917556	1.2540903711740927	2.814809589938405
362.5135882619204	1.2297889228330894	1.2628895760718708	2.6915719132130977
364.3105882619204	1.23967182430821	1.271705224763728	2.5840226281979017
366.1075882619204	1.2494078988539876	1.2803352542124058	2.475360959922379
367.90458826192037	1.2589997520503358	1.2893301243808344	2.409084853361132
369.7015882619204	1.2684499622937384	1.3006474275938666	2.5383315272370366
371.4985882619204	1.2777610182168708	1.31188186719144	2.670362336001242
373.2955882619204	1.2869354042912966	1.3210687971942983	2.652300402116814
375.09258826192035	1.2959755265328934	1.3300195805335762	2.626905624657927
376.8895882619204	1.3048837530376618	1.339113872750238	2.623231351673394
378.6865882619204	1.3136624246941437	1.3481908745517115	2.6284111662558285
380.4835882619204	1.3223137999050698	1.3572595972709212	2.6427764248062813
382.28058826192034	1.3308401331520323	1.3663289637378593	2.666648660630133
384.07758826192037	1.339243603983838	1.3754073600466905	2.7003120235389977
385.8745882619204	1.3475263589496906	1.384502611160719	2.744009567267325
387.6715882619204	1.3556905186143229	1.3938319306436298	2.81343061012862
389.4685882619204	1.3637381278546854	1.4025351034381468	2.8448992362260617
391.26558826192036	1.371671228013213	1.4098434397107968	2.7828980383932223
393.0625882619204	1.3794917917842837	1.4163872062389977	2.6745657114053634
394.8595882619204	1.387201762361535	1.422503899016566	2.5448451416997697
396.6565882619204	1.394803057585696	1.4286357731594233	2.42562671408888
398.45358826192034	1.4022975275841087	1.4347630310943393	2.3151651394666795
400.25058826192037	1.40968701924965	1.4408672234328677	2.211852968598249
402.0475882619204	1.416973316305039	1.4467867586688188	2.1040228507282377
403.8445882619204	1.4241581768369873	1.4529339026449102	2.0205428214324472
405.6415882619204	1.431243334877361	1.4606260285321648	2.0529488549423824
407.43858826192036	1.4382304639908423	1.4693896355839147	2.1664936443225535
409.2355882619204	1.445121234794413	1.478702331661928	2.323756378287012
411.0325882619204	1.4519172602700534	1.486580777417218	2.387430613003194
412.8295882619204	1.458620130822331	1.4928665744802634	2.347865831155449
414.62658826192035	1.4652314130002602	1.4992408237118062	2.321094839340576
416.4235882619204	1.4717526235853717	1.5056609737829134	2.3039435876755388
418.2205882619204	1.478185276658267	1.5120564711337405	2.291403859199992
420.0175882619204	1.4845308271486344	1.5184327337797168	2.2836781837800135
421.8145882619204	1.4907907142814285	1.5247946096605298	2.2809301837844798
423.61158826192036	1.4969663584460877	1.531147249921102	2.2833439964873747
425.4085882619204	1.5030591306935746	1.5375105851818724	2.2920890991428022
427.2055882619204	1.5090703996002266	1.543903224716676	2.308230625004448
429.0025882619204	1.5150014860005756	1.5500627611697988	2.314273318753024
430.79958826192035	1.5208536944231033	1.5557807359668763	2.2965418482953748
432.5965882619204	1.5266283095814788	1.560663619021238	2.2294430953589517
434.3935882619204	1.5323265740001524	1.5651526904684652	2.1422402394693174
436.19058826192037	1.5379497279872074	1.5697325755255906	2.0665725907685673
437.9875882619204	1.5434989684766682	1.5742873805744118	1.99471543075469
439.78458826192036	1.548975478473539	1.5788194339952377	1.9266899919622382
441.5815882619204	1.5543804225321027	1.583201803215509	1.85420378857164
443.3785882619204	1.559714927895247	1.5879362791634433	1.809391624293788
445.1755882619204	1.5649801197899909	1.5935787048273367	1.8274088389815146
446.97258826192035	1.5701770841158151	1.599849803397732	1.889768968232386
448.7695882619204	1.5753068949024878	1.606356330006657	1.9710086462924492
450.5665882619204	1.580370609055004	1.6121056236626639	2.008074209038613
452.36358826192037	1.585369250364415	1.6172767247166966	2.0126209931816907
454.16058826192034	1.5903038407721997	1.622129801902463	2.001250346902861
455.95758826192036	1.5951753667446915	1.6268951561429956	1.9884829003493865
457.7545882619204	1.5999848046268363	1.6316817452037946	1.9810776005682706
459.5515882619204	1.604733114862992	1.6364490103164575	1.9763968948925958
461.3485882619204	1.6094212286558236	1.6411997740034476	1.9745325078236453
463.14558826192035	1.614050075529422	1.645936935422507	1.9755805830637518
464.9425882619204	1.618620552674814	1.6506637412753569	1.9796603068946927
466.7395882619204	1.623133548719513	1.6553831144155557	1.9868707489586468
468.5365882619204	1.6275899375015757	1.6602108769295163	2.004248040388812
470.33358826192034	1.6319905670948693	1.6647224317761502	2.0056405558487533
472.13058826192037	1.6363362840508298	1.6683802380379837	1.9582743656962442
473.9275882619204	1.640627905584586	1.6718767645184496	1.904688980816105
475.7245882619204	1.6448662416576303	1.6754416692293517	1.8588397522772748
477.5215882619204	1.649052088516689	1.6789856843504363	1.8152001408683338
479.31858826192035	1.6531862195689055	1.682510157176489	1.7737830899189566
481.1155882619204	1.6572694068262244	1.6860165884675582	1.7346112540861158
482.9125882619204	1.6613023955855528	1.6894722232569654	1.6956472070506878
484.7095882619204	1.6652859252581127	1.692952312032358	1.6613595512108281
486.50658826192034	1.6692207231992007	1.696739284706894	1.6485873393035533
488.30358826192037	1.6731074950012002	1.7008725140819643	1.6594880582221139
490.1005882619204	1.6769469446773801	1.7054119271428756	1.697428923189448
491.89758826192036	1.6807397537067998	1.709643008528416	1.719674611008104
493.6945882619204	1.6844865979294517	1.713381119356874	1.7153310369426134
495.49158826192036	1.6881881411194084	1.7171102528313302	1.7132042932575198
497.2885882619204	1.69184502917717	1.7208492278668632	1.7143531582085592
499.0855882619204	1.695457906831572	1.7245711807705075	1.7171333963307722
500.8825882619204	1.6990273967780318	1.7282778473366152	1.721599699572396
502.6795882619204	1.7025541173902154	1.7319708887407492	1.727802426370184
504.47658826192037	1.7060386760969035	1.7356522008278676	1.7358061775430755
506.2735882619204	1.7094816644210193	1.7393304521561	1.7460724122589477
508.07058826192036	1.7128836728150865	1.7430401572890997	1.7605681548970242
509.8675882619204	1.7162452716501526	1.746502202060601	1.762972397375151
511.66458826192036	1.719567027670351	1.749630146488197	1.7482958404113624
513.4615882619204	1.7228494973896342	1.7525697180593192	1.7250619229779218
515.2585882619203	1.7260932233861976	1.755412215414674	1.6985752351752703
517.0555882619203	1.729298747340856	1.7582640025068366	1.674971152932403
518.8525882619203	1.7324665920451072	1.7610994677807026	1.6527231097596795
520.6495882619204	1.7355972775221744	1.7639193400247755	1.6318337709675834
522.4465882619204	1.738691314635005	1.7667251297136477	1.6123514762324431
524.2435882619204	1.7417492014479454	1.7695181290092827	1.5943126334292401
526.0405882619204	1.744771435075915	1.7722995829167056	1.5777509470512818
527.8375882619204	1.7477584959825663	1.7751045758594317	1.5646372161670863
529.6345882619204	1.750710862201875	1.7778723054646572	1.5514522614328952
531.4315882619203	1.7536290032030888	1.7802097964830093	1.5157592188181912
533.2285882619203	1.7565133769610155	1.782428862795606	1.4753935936102858
535.0255882619203	1.7593644407634177	1.7850673756648139	1.4609215865612812
536.8225882619204	1.7621826343266653	1.7879349940715759	1.4613899401381136
538.6195882619204	1.7649683974104016	1.7909494999512534	1.4720434982842479
540.4165882619204	1.7677221660165772	1.7939519529599892	1.4838184103624696
542.2135882619204	1.770444361251769	1.7969271246610268	1.495825793166028
544.0105882619204	1.7731354022584849	1.7998910313098382	1.508944495568354
545.8075882619204	1.7757956965518107	1.8028557260978246	1.5238256066594902
547.6045882619203	1.7784256492884316	1.8058037401153302	1.539456588351218
549.4015882619203	1.7810256571054603	1.8086579749274807	1.551483422587463
551.1985882619203	1.7835961088220067	1.8113481060835754	1.555957490841231
552.9955882619204	1.7861373927849769	1.813758605439724	1.5464214996182113
554.7925882619204	1.7886498843350367	1.8160957294376545	1.5344447978885123
556.5895882619204	1.7911339574297238	1.8184510850730535	1.5251303527587412
558.3865882619205	1.793589978830357	1.8207926147148275	1.5166585566122492
560.1835882619204	1.7960183073583513	1.8231209407654179	1.5090399299398038
561.9805882619204	1.7984193011631746	1.8254368654493032	1.5022950581465633
563.7775882619203	1.8007933066427477	1.8277411636269811	1.4964436442999052
565.5745882619203	1.8031406691228626	1.8300347087215298	1.49151089868933
567.3715882619204	1.8054617273362261	1.8323436897782248	1.488924524678814
569.1685882619204	1.8077568128872352	1.8345907467532265	1.4843774159608358
570.9655882619204	1.8100262567616265	1.8366333155006884	1.469981920962038
572.7625882619204	1.8122703790982142	1.8385554107688369	1.4503923903287586
574.5595882619205	1.8144894992467777	1.8404016209217533	1.428066775020298
576.3565882619204	1.8166839304400675	1.8422323338480695	1.406320768291991
578.1535882619204	1.8188539797787424	1.8440568766424732	1.38564706919444
579.9505882619203	1.8209999540698558	1.845868660953583	1.3656621367917454
581.7475882619203	1.823122149100319	1.8476580998123022	1.345820450050006
583.5445882619204	1.825220859940367	1.8494415794831378	1.3270021220096018
585.3415882619204	1.827296374137581	1.85129261430317	1.3132100793947332
587.1385882619204	1.8293489777292327	1.8533110651186244	1.3098696684509026
588.9355882619204	1.8313789586608389	1.8557327051264223	1.3298037716558353
590.7325882619205	1.8333865889078373	1.8580494235076344	1.3452064474022807
592.5295882619204	1.8353721415911217	1.8600491421084095	1.3445229966220884
594.3265882619204	1.837335885761553	1.8620259132984363	1.34379498752617
596.1235882619203	1.8392780850253982	1.864011322057368	1.3447252611411553
597.9205882619203	1.8411990024411191	1.8659852869582678	1.3462034513535004
599.7175882619204	1.8430988927032665	1.867948101471317	1.34822981373528
601.5145882619204	1.8449780101457651	1.8699001674756706	1.3508105350229282
603.3115882619204	1.8468366040997717	1.8718419731705047	1.3539567612653736
605.1085882619204	1.8486749193243188	1.8737741732860442	1.3576888883687133
606.9055882619205	1.8504931999764778	1.8757079940537134	1.3625985806138496
608.7025882619204	1.8522916826271658	1.8775995839205215	1.366302161302202
610.4995882619204	1.8540706035226464	1.8794135130625773	1.3668794215161206
612.2965882619203	1.8558301942541955	1.8810824087984621	1.3606963946620532
614.0935882619203	1.8575706823229832	1.882650392314024	1.35013489552267
615.8905882619204	1.859292294582353	1.8842275569001485	1.3411157777855953
617.6875882619204	1.8609952510094854	1.885794545596593	1.3325823681524795
619.4845882619204	1.8626797712862042	1.8873507315450258	1.3244874743974844
621.2815882619204	1.8643460707567876	1.888896563870516	1.316842055175016
623.0785882619205	1.8659943611057859	1.890432398354834	1.3096522561068191
624.8755882619204	1.8676248506019202	1.8919585157928007	1.3029204009058937
626.6725882619204	1.8692377592504368	1.8934828792803786	1.297059184149152
628.4695882619203	1.8708332961401213	1.8949969794153119	1.2916000225698943
630.2665882619203	1.8724116291268893	1.896413917583517	1.281891656901335
632.0635882619204	1.8739729568907963	1.8977369298135942	1.2681065025733407
633.8605882619204	1.8755174922319364	1.899002844083034	1.2522064949204603
635.6575882619204	1.8770454236894107	1.9002429621761439	1.2358538687432086
637.4545882619204	1.878556941641689	1.901480216958008	1.2202598073117743
639.2515882619203	1.880052232849007	1.9027015214338348	1.2047159216691306
641.0485882619204	1.8815314811281953	1.9039232204660494	1.1900805042298623
642.8455882619204	1.8829948695227527	1.9051434220104042	1.1762407240793582
644.6425882619203	1.8844425761961332	1.90653768858199	1.172501230069689
646.4395882619203	1.8858747789518842	1.908190347394112	1.1833006460073792
648.2365882619204	1.8872916515430627	1.9098756298215207	1.1966342488715531
650.0335882619204	1.8886933655185887	1.911492440544529	1.2071348077023814
651.8305882619204	1.8900800918881107	1.9129175837797012	1.208281701373659
653.6275882619204	1.8914519967299992	1.9142794961145206	1.2068770142718899
655.4245882619203	1.8928092459405046	1.9156535974796856	1.2069019415545945
657.2215882619204	1.8941520021176768	1.9170183080263898	1.2072054345769523
659.0185882619204	1.8954804255043276	1.9183739550840224	1.2077956211868246
660.8155882619203	1.8967946756069523	1.9197207083540868	1.2086723482497286
662.6125882619203	1.898094907629295	1.9210588317504285	1.2098406686004592
664.4095882619204	1.8993812765898712	1.922388596509876	1.2113060291566002
666.2065882619204	1.900653934417342	1.9237153644713116	1.2133418733610402
668.0035882619204	1.901913030928599	1.9250256395628602	1.2152295219816978
669.8005882619204	1.9031587152015836	1.9262962034898259	1.2157413936856765
671.5975882619204	1.9043911323926226	1.927495486960904	1.213214773755733
673.3945882619204	1.9056104274901022	1.9286070060055922	1.2067827811888643
675.1915882619203	1.9068167426048257	1.9297027004026404	1.2002180013665598
676.9885882619203	1.908010217943049	1.930797530030158	1.1942971726679241
678.7855882619203	1.9091909929721627	1.9318836139728657	1.1885987878758941
680.5825882619204	1.9103592035718253	1.9329611127922737	1.1831235287159236
682.3795882619204	1.9115149854656137	1.934030177915374	1.177871616019588
684.1765882619204	1.9126584716639394	1.9350910698922097	1.1728491291367327
685.9735882619204	1.9137897934793533	1.936144077506717	1.1680637081213918
687.7705882619204	1.9149090814961585	1.9371991317224275	1.1640265557074647
689.5675882619204	1.9160164629926457	1.9382135252757315	1.158500603299406
691.3645882619203	1.917112065142518	1.9391575000104708	1.14992937913172
693.1615882619203	1.9181960129659203	1.9400587911218108	1.1397572515066567
694.9585882619203	1.919268429394449	1.9409333999782592	1.1288139924567897
696.7555882619204	1.9203294361475984	1.941803176107319	1.1182320884899566
698.5525882619204	1.9213791528605273	1.9426654165275563	1.107863777710838
700.3495882619204	1.9224176989451964	1.9435193528382362	1.0976622772781441
702.1465882619204	1.923445191193669	1.9443636779120117	1.087553043575995
703.9435882619204	1.9244617450786774	1.9452027487265162	1.0777560895080862
705.7405882619204	1.9254674753631427	1.946015115079221	1.0671507038675365
707.5375882619203	1.9264624940567134	1.9469508840425889	1.0635239486407766
709.3345882619203	1.9274469130462635	1.9481089835925753	1.0719916801057883
711.1315882619203	1.9284208419722617	1.949197486060245	1.077391596055044
712.9285882619204	1.9293843892491596	1.9501799760675214	1.0778353413782193
714.7255882619204	1.9303376625931015	1.9511632865444009	1.0788591216379873
716.5225882619204	1.9312807671962722	1.9521414153654102	1.0801458039382927
718.3195882619204	1.932213808138685	1.9531123218444595	1.0815839125953852
720.1165882619204	1.9331368884048457	1.9540758333897288	1.0831589377077622
721.9135882619204	1.9340501098721665	1.9550320455861634	1.0848703250705194
723.7105882619203	1.9349535737308774	1.9559811258041981	1.086721271186697
725.5075882619203	1.9358473788537618	1.9569245122673327	1.0887807398355376
727.3045882619203	1.9367316240080867	1.957862117538197	1.0910388031141194
729.1015882619204	1.9376064059741556	1.958777997995058	1.0926673216822946
730.8985882619204	1.9384718205464486	1.959658271648868	1.0929460453259043
732.6955882619204	1.9393279628491604	1.9604753665245482	1.0904500982040766
734.4925882619204	1.940174925880459	1.9612636933093555	1.0869518592158123
736.2895882619204	1.9410128025401512	1.9620529003745815	1.083975221950917
738.0865882619204	1.9418416838565546	1.962835025179171	1.081104680013012
739.8835882619203	1.9426616599743178	1.9636100563182985	1.0783347803475785
741.6805882619203	1.9434728203101561	1.9643780252052114	1.0756623234750906
743.4775882619203	1.944275252733102	1.9651391222397339	1.0730923760564837
745.2745882619204	1.945069044953655	1.9658935311114152	1.0706296628280487
747.0715882619204	1.9458542818455178	1.9666458412515853	1.0685054682690875
748.8685882619204	1.9466310481992652	1.96738522016909	1.0661584787226674
750.6655882619203	1.947399428668254	1.9680787461641573	1.0618939900811641
752.4625882619204	1.9481595056863972	1.9687380225346995	1.0563055431671131
754.2595882619204	1.9489113616047684	1.969374338772027	1.0499696174180562
756.0565882619204	1.9496550771254384	1.9700011709605776	1.0435740184944642
757.8535882619203	1.950390732241265	1.9706235676741486	1.0373734400200618
759.6505882619203	1.951118406321427	1.9712392273600583	1.0312455140314203
761.4475882619204	1.9518381770814417	1.9718481265100631	1.0251848572068623
763.2445882619204	1.9525501221568697	1.9724502538162103	1.019186725785981
765.0415882619204	1.9532543176271873	1.9730459457206833	1.0132642695263039
766.8385882619203	1.9539508389195355	1.9736353522634271	1.0074211158135782
768.6355882619204	1.9546397608247197	1.974225266655752	1.002000789279367
770.4325882619204	1.9553211566825368	1.9747877267232907	0.9955689362959319
772.2295882619204	1.955995099757247	1.9752958406443788	0.9867479161643544
774.0265882619203	1.956661661779804	1.975780224581624	0.9771011092653215
775.8235882619203	1.9573209139298295	1.9762769617515734	0.9684690786696093
777.6205882619204	1.9579729268021633	1.9768601769167944	0.9646328535031667
779.4175882619204	1.9586177695872657	1.9775117576108558	0.9646592774235518
781.2145882619203	1.9592555114048016	1.9782109170219146	0.9674800201798117
783.0115882619203	1.9598862199757119	1.9789138735798444	0.9708550124082338
784.8085882619204	1.960509962514084	1.9796039821483586	0.9739312729525329
786.6055882619204	1.9611268056598665	1.9802907384716202	0.9771898867755979
788.4025882619204	1.9617368147472292	1.9809657520808417	0.9801996470199414
790.1995882619203	1.9623400550435899	1.9816201853833735	0.9825070986157591
791.9965882619204	1.9629365908560417	1.9822379344295555	0.9832892037076268
793.7935882619204	1.9635264856286898	1.9828223465169301	0.9827145714340624
795.5905882619204	1.9641098042647918	1.983403032559127	0.9822886812357767
797.3875882619203	1.964686597935611	1.9839795361102652	0.9819855337195316
799.1845882619203	1.9652569167072422	1.984550103245136	0.9817131986091354
800.9815882619204	1.9658208518304272	1.9851148223149813	0.9814714533416868
802.7785882619204	1.9663784689270483	1.9856737677156429	0.9812606826967052
804.5755882619204	1.966929810284648	1.9862271042444326	0.981087065683961
806.3725882619203	1.9674749343196059	1.9867756275724924	0.9809880124119985
808.1695882619204	1.968013900160791	1.9873205640822686	0.9810227417550443
809.9665882619204	1.9685467649626784	1.9878411905225775	0.9801354940259577
811.7635882619204	1.9690735855213508	1.9883329197201427	0.9780911358725497
813.5605882619203	1.9695944181075884	1.9888058414739138	0.9753999701514138
815.3575882619203	1.9701093179765805	1.9892674039403966	0.9724377114003424
817.1545882619204	1.9706183403272126	1.9897255157515976	0.9696030445556669
818.9515882619204	1.9711215392375663	1.9901778992920547	0.9667775261519074
820.7485882619204	1.9716189684675867	1.9906245655963366	0.9639589308436225
822.5455882619203	1.9721106812681093	1.9910658090616855	0.9611594305339866
824.3425882619204	1.9725967299511258	1.991501622217011	0.9583759305103134
826.1395882619204	1.973077166775199	1.9919319697575597	0.9556039317599074
827.9365882619204	1.973552042936169	1.992359869947218	0.9529937190339899
829.7335882619203	1.9740214093482065	1.9927791414489995	0.9502294155455226
831.5305882619203	1.9744853164317722	1.9931628903547705	0.9459464584295807
833.3275882619204	1.9749438137407516	1.9935255100464784	0.940872149194516
835.1245882619204	1.9753969507783466	1.9938867314028101	0.9360032988396716
836.9215882619204	1.9758447760411828	1.9942426245443103	0.931138352881633
838.7185882619203	1.976287337776672	1.9945933103359377	0.9262809212682521
840.5155882619204	1.9767246837538461	1.9949385016017769	0.9214139934420329
842.3125882619204	1.9771568609400156	1.995278327624528	0.9165416787364489
844.1095882619204	1.977583916254201	1.995612974193175	0.9116709430527337
845.9065882619203	1.9780058956608328	1.995942995406671	0.9068274156910805
847.7035882619203	1.978422844904727	1.9962670491681034	0.9019408722120703
849.5005882619204	1.97883480926738	1.9965811125137471	0.8968056941012215
851.2975882619204	1.9792418332886725	1.9968791745572578	0.8911160309945432
853.0945882619204	1.979643961462459	1.997149818452395	0.8842932027536721
854.8915882619203	1.9800412373768133	1.9974566910619644	0.8795500495849984
856.6885882619204	1.9804337044269278	1.9978226985996665	0.8780397007922325
858.4855882619204	1.9808214055593973	1.9982333849952392	0.8790282348006384
860.2825882619204	1.9812043830345036	1.9986635271923905	0.8812389225157036
862.0795882619203	1.981582679068588	1.9990811149339152	0.8830535334287459
863.8765882619203	1.981956335018168	1.9994942821759647	0.8848806024596811
865.6735882619204	1.9823253920709976	1.9999022984601411	0.8866811906586447
867.4705882619204	1.9826898909805628	2.0003025481988908	0.888321330453623
869.2675882619203	1.98304987186501	2.0006927284569453	0.8896829495943281
871.0645882619203	1.9834053748004854	2.0010704672223176	0.8906445775669569
872.8615882619204	1.9837564390464888	2.001431215491508	0.8909751266397814
874.6585882619204	1.984103103715569	2.001777252837642	0.8907878370320255
876.4555882619204	1.984445407499964	2.002118582332095	0.8905850856535169
878.2525882619203	1.9847833885176929	2.0024557343052973	0.890391661369283
880.0495882619203	1.985117084919681	2.0027882538250164	0.8901827020470376
881.8465882619204	1.9854465331925601	2.0031160161840647	0.8899500790430448
883.6435882619204	1.985771770492335	2.0034390224996343	0.8896919711432361
885.4405882619203	1.9860928351308587	2.0037574650436776	0.8894161239776599
887.2375882619203	1.9864097630188808	2.0040716667548644	0.8891369779184588
889.0345882619204	1.9867225896302871	2.004383774968516	0.8889608156876561
890.8315882619204	1.987031350529659	2.004677218944526	0.8880518372376578
892.6285882619204	1.9873360810394374	2.004948275755895	0.8862212528867541
894.4255882619203	1.9876368160866738	2.0052146216424993	0.8843570119833721
896.2225882619204	1.9879335900954456	2.0054776378825068	0.8825268547436149
898.0195882619204	1.9882264374535432	2.0057361491661903	0.8806698966880688
899.8165882619204	1.9885153918444194	2.0059901034720586	0.8787818137746983
901.6135882619203	1.9888004868590903	2.006239523499525	0.8768620460253507
903.4105882619203	1.9890817557094274	2.0064846112159618	0.8749190653718264
905.2075882619204	1.9893592311375539	2.0067252725655393	0.8729464822728517
907.0045882619204	1.9896329458496067	2.006961734998006	0.8709540714304742
908.8015882619204	1.9899029318855748	2.0071915773841473	0.8688185348915578
910.5985882619203	1.9901692212059463	2.0074125286812325	0.8664241860216304
912.3955882619204	1.9904318454025007	2.007619290242681	0.8635033085850008
914.1925882619204	1.9906908356331712	2.007815861726416	0.8602554342798108
915.9895882619204	1.9909462230220125	2.008009837913886	0.8570605621870175
917.7865882619203	1.9911980380555976	2.0081995091755185	0.853831251085535
919.5835882619203	1.9914463111557044	2.008384815819425	0.8505629586313512
921.3805882619204	1.991691072390866	2.0085658829638007	0.8472604414839102
923.1775882619204	1.991932351422813	2.008742642139349	0.8439187558015426
924.9745882619204	1.9921701778793508	2.0089149317967125	0.8405282893646504
926.7715882619203	1.9924045807832673	2.00908344974809	0.8371225967702678
928.5685882619204	1.9926355891038792	2.0092474388662644	0.8336622036273056
930.3655882619204	1.99286323146812	2.0094015627217376	0.8298778858714773
932.1625882619204	1.9930875361281444	2.0095465295330737	0.8258038398505585
933.9595882619203	1.993308531304124	2.0096846199287683	0.8215531297571133
935.7565882619203	1.9935262446424462	2.009817711045614	0.817218556663124
937.5535882619204	1.9937407037394956	2.009947023369069	0.8128599470922371
939.3505882619204	1.993951935826723	2.0100666463353813	0.8081794861307445
941.1475882619204	1.9941599678583692	2.0101933720389833	0.8040179543787218
942.9445882619203	1.9943648268045817	2.0103579716127706	0.8019167101845248
944.7415882619204	1.9945665389235105	2.0105536864723215	0.8015349318674314
946.5385882619204	1.9947651304899099	2.010780742460267	0.8028820900044309
948.3355882619204	1.994960627523332	2.011018539066138	0.8049237323917158
950.1325882619203	1.9951530556884565	2.01125169440538	0.8068874050050523
951.9295882619203	1.9953424406139413	2.0114559237104066	0.8075547719772702
953.7265882619204	1.9955288074096174	2.011654326758063	0.8080825136961067
955.5235882619204	1.9957121811589806	2.0118495161978895	0.8086003177841805
957.3205882619203	1.9958925866333193	2.012041015820136	0.8090830786668501
959.1175882619203	1.9960700483065235	2.012228789665615	0.8095277704708082
960.9145882619204	1.9962445906191195	2.012412649422063	0.8099237377484636
962.7115882619204	1.9964162375190833	2.012592549740023	0.8102675142054538
964.5085882619204	1.9965850129317437	2.0127684859084334	0.8105576708164364
966.3055882619203	1.9967509404823767	2.012941050302984	0.8108226966301757
968.1025882619203	1.9969140435216026	2.0131091638215572	0.8110073817396035
969.8995882619204	1.9970743453623152	2.0132712516916267	0.811031715815913
971.6965882619204	1.997231868855968	2.0134244997189987	0.8107536794065728
973.4935882619203	1.9973866368327327	2.013568009835898	0.8101272284881444
975.2905882619203	1.9975386718334067	2.013707504719587	0.8094377903252514
977.0875882619204	1.9976879961455112	2.0138439177437877	0.8087309744789328
978.8845882619204	1.9978346320152258	2.0139768473071338	0.807985557624713
980.6815882619204	1.9979786012553595	2.0141061135817986	0.8071914442079553
982.4785882619203	1.998119925658696	2.0142316111320318	0.8063422653685093
984.2755882619203	1.998258626738208	2.0143532936279875	0.8054346256495926
986.0725882619204	1.998394725773887	2.014471223478313	0.8044705831677046
987.8695882619204	1.9985282440010632	2.014586140691177	0.8034861022512052
989.6665882619203	1.998659202249258	2.0146951519379446	0.802335369163476
991.4635882619203	1.9987876213296762	2.0147967246522085	0.8009406878296765
993.2605882619204	1.9989135217864293	2.014892489215392	0.7993826273525739
995.0575882619204	1.9990369239465977	2.0149835517254897	0.7977155193016339
996.8545882619204	1.9991578480889762	2.0150715278820432	0.7960191741877232
998.6515882619203	1.9992763141118155	2.015155934843593	0.7942684370185082
1000.4485882619203	1.9993923418961794	2.0152366510744715	0.792456230139682
1002.2455882619204	1.999505951065471	2.015313905243905	0.7905930047375165
1004.0425882619204	1.999617161043467	2.0153876802596256	0.7886769289341844
1005.8395882619203	1.9997259912036514	2.015457852151543	0.7867008288682031
1007.6365882619203	1.9998324605609863	2.015524614083881	0.7846734080160456
1009.4335882619204	1.999936588114703	2.015587761448212	0.782583479222354
1011.2305882619204	2.0000383926169514	2.0156447168601366	0.7803012332560977
1013.0275882619204	2.000137892634733	2.0156960567587703	0.7778545759934197
1014.8245882619203	2.000235106681987	2.015744179052768	0.7753624720899799
1016.6215882619204	2.0003300529372225	2.015788984317026	0.772819033394212
1018.4185882619204	2.000422749563975	2.0158305542833683	0.7702274293147182
1020.2155882619204	2.0005132144874302	2.0158686224989038	0.7675734356699992
1022.0125882619203	2.000601465461806	2.0159031843017585	0.7648559247866116
1023.8095882619203	2.0006875201859824	2.0159343487856196	0.7620794574766832
1025.6065882619205	2.000771396045475	2.0159621356893656	0.7592441432297203
1027.4035882619205	2.0008531104112466	2.0159865344212653	0.756348576078536
1029.2005882619203	2.0009326804226264	2.016007319714913	0.7533806329307557
1030.9975882619203	2.001010123062845	2.016024384989337	0.7503341314190948
1032.7945882619204	2.0010854552591493	2.0160375215581174	0.7471977900629811
1034.5915882619204	2.001158693643075	2.0160464831622993	0.7439584659885812
1036.3885882619204	2.0012298548326712	2.016052303145636	0.7406669592286308
1038.1855882619202	2.001298955223038	2.0160659757286394	0.7378717940696555
1039.9825882619202	2.0013660110656044	2.016092956313538	0.7358446764114124
1041.7795882619203	2.001431038555185	2.016134567856356	0.7346508082429537
1043.5765882619203	2.0014940536059567	2.016196003176193	0.7345487509067938
1045.3735882619203	2.0015550721200346	2.016277118654608	0.7355304252997685
1047.1705882619203	2.0016141097878024	2.0163571944733745	0.736559790095348
1048.9675882619204	2.001671182164287	2.0164319401853734	0.737421718042941
1050.7645882619204	2.0017263047444875	2.0165008710788253	0.7380912315194665
1052.5615882619204	2.0017794927641424	2.0165650831229827	0.7386223313949447
1054.3585882619204	2.001830761447012	2.0166253931004197	0.739055065909433
1056.1555882619205	2.001880125813021	2.016682516964895	0.7394244520941173
1057.9525882619205	2.0019276007506597	2.0167366997912946	0.7397419884256573
1059.7495882619205	2.001973201071152	2.0167878551254392	0.7400026157373452
1061.5465882619203	2.0020169414082436	2.016835988644724	0.7402058858730909
1063.3435882619203	2.0020588363686675	2.016881098530961	0.7403509773557859
1065.1405882619204	2.002098900253287	2.016923101584902	0.7404330190551311
1066.9375882619204	2.0021371473368026	2.0169619740010747	0.7404501077257208
1068.7345882619204	2.0021735919010157	2.016997928240072	0.7404121400373054
1070.5315882619202	2.0022082478782215	2.017030009134038	0.7402707121761054
1072.3285882619202	2.0022411292020736	2.017057550189222	0.7399918406956862
1074.1255882619203	2.0022722496687813	2.0170820454453935	0.7396494547163623
1075.9225882619203	2.0023016229514963	2.017103838139816	0.7392600105123215
1077.7195882619203	2.0023292626568328	2.0171227728465158	0.7388150623166778
1079.5165882619203	2.0023551821763315	2.0171387393217013	0.7383084318388411
1081.3135882619204	2.0023793948914315	2.017151648398073	0.7377349938942457
1083.1105882619204	2.0024019139980918	2.0171615762163833	0.7370978880469448
1084.9075882619204	2.0024227525972105	2.017168526896721	0.7363966615134165
1086.7045882619204	2.002441923729286	2.0171724406586518	0.7356276731328215
1088.5015882619205	2.0024594402267835	2.0171734345776136	0.7347961239686285
1090.2985882619205	2.0024753149156296	2.017171616876563	0.733906772855919
1092.0955882619205	2.002489560486091	2.0171670975803724	0.7329644750167175
1093.8925882619203	2.002502189501814	2.017159877188592	0.7319686222377886
1095.6895882619203	2.0025132144457944	2.017149837997033	0.7309127073745314
1097.4865882619204	2.002522647585766	2.0171370244303177	0.7297983302296807
1099.2835882619204	2.0025305011852	2.0171214642569324	0.7286262587808956
1101.0805882619204	2.0025367873943534	2.0171029555703686	0.727385797240121
1102.8775882619202	2.0025415182609527	2.0170814935730474	0.7260760977740643
1104.6745882619202	2.0025447057549703	2.0170572610797284	0.724705684874416
1106.4715882619203	2.002546361711373	2.017030066202269	0.7232643781849069
1108.2685882619203	2.002546497952286	2.0169997892456837	0.7217456028200786
1110.0655882619203	2.0025451260657565	2.016967693857552	0.7202118745823327
1111.8625882619203	2.0025422576035	2.0169339900496093	0.7186730962337906
1113.6595882619204	2.0025379040827413	2.0168981948198947	0.7171045655553376
1115.4565882619204	2.0025320768206734	2.0168599255663753	0.7154866037626606
1117.2535882619204	2.0025247871264846	2.016818821737546	0.7138006332282343
1119.0505882619204	2.0025160461525915	2.01677502010917	0.7120529188255009
1120.8475882619205	2.002505864984549	2.0167284762502247	0.7102406796589023
1122.6445882619205	2.0024942546482816	2.0166790079675825	0.7083542580146984
1124.4415882619205	2.002481226009001	2.016626774401872	0.706401049315386
1126.2385882619203	2.00246678992404	2.016571928170901	0.704388123580113
1128.0355882619203	2.0024509570962357	2.0165139936269494	0.7022911837554657
1129.8325882619204	2.0024337381664337	2.0164537242957317	0.7001473188389173
1131.6295882619204	2.002415143714741	2.016393848493555	0.698092242394921
1133.4265882619202	2.0023951841703487	2.0163328410206875	0.6960492594329404
1135.2235882619202	2.002373869954901	2.0162691292480597	0.6939393038259967
1137.0205882619202	2.002351211340889	2.016202704999994	0.6917614442787823
1138.8175882619203	2.002327218544174	2.0161335357102326	0.6895135339615832
1140.6145882619203	2.0023019017202355	2.016062014389102	0.6872146831127246
1142.4115882619203	2.0022752708824396	2.0159878027940334	0.6848474888045963
1144.2085882619203	2.002247336036916	2.015910548169876	0.6823938225336112
1146.0055882619204	2.002218107045797	2.015830071555128	0.6798442418151307
1147.8025882619204	2.0021875937195492	2.0157480244763972	0.6772807303063955
1149.5995882619204	2.002155805808669	2.0156636813930193	0.6746665541793151
1151.3965882619204	2.0021227529298247	2.0155989852569074	0.6730972068202279
1153.1935882619205	2.002088444692735	2.0155771101076008	0.6737297470859493
1154.9905882619205	2.0020528905680695	2.0155597569496138	0.6746508269175555
1156.7875882619205	2.002016099979445	2.0155351868800633	0.6752736354496358
1158.5845882619203	2.0019780822909925	2.015508140112557	0.6758344629868018
1160.3815882619203	2.0019388467457495	2.015478640157468	0.6763340165823584
1162.1785882619204	2.0018984025818884	2.0154467165950836	0.6767733065634829
1163.9755882619204	2.0018567587508507	2.0154122025915315	0.677143545931802
1165.7725882619202	2.001813924335425	2.0153750783712385	0.6774432863591695
1167.5695882619202	2.0017699086061786	2.0153352571620036	0.6776677228238714
1169.3665882619202	2.0017247203558326	2.0152935855067606	0.677858699197964
1171.1635882619203	2.0016783683452086	2.0152510232212166	0.6780637234556686
1172.9605882619203	2.001630861338299	2.015206819718324	0.6782448573433797
1174.7575882619203	2.0015822080368135	2.0151606418957417	0.6783850198311958
1176.5545882619203	2.001532417084131	2.015112214895342	0.6784700410195965
1178.3515882619204	2.0014814970117634	2.015061377980176	0.6784914568876754
1180.1485882619204	2.0014294563450057	2.015007968648355	0.6784407144754478
1181.9455882619204	2.0013763034838457	2.0149522465584315	0.6783303595107926
1183.7425882619204	2.0013220467931623	2.014894221635373	0.6781604621784121
1185.5395882619205	2.0012666945801523	2.0148336026949054	0.6779160494448488
1187.3365882619205	2.0012102550466	2.014770440030314	0.6775992152507682
1189.1335882619205	2.0011527363882773	2.0147047176219166	0.6772087401033744
1190.9305882619203	2.001094146679952	2.014638920132657	0.6768683759920568
1192.7275882619203	2.0010344939646574	2.014573383107206	0.6765944906688581
1194.5245882619204	2.0009737862699146	2.014505732020298	0.67626801726417
1196.3215882619204	2.000912031320179	2.0144357217629985	0.6758763119584454
1198.1185882619202	2.0008492367732047	2.014363256597315	0.6754141979185002
1199.9155882619202	2.00078541089498	2.014288527643382	0.6748908041248614
1201.7125882619202	2.000720561539814	2.0142115597942283	0.6743069728853746
1203.5095882619203	2.0006546961020297	2.0141322531472987	0.6736573318488093
1205.3065882619203	2.0005878221590736	2.0140505009506104	0.6729361561847114
1207.1035882619203	2.0005199473060986	2.0139661080499374	0.6721333002425389
1208.9005882619203	2.000451079009889	2.0138800450444356	0.6712968977573563
1210.6975882619204	2.000381224711672	2.0137931143631524	0.6704666833400097
1212.4945882619204	2.0003103917971448	2.0137068874708937	0.6697208457590031
1214.2915882619204	2.00023858756381	2.0136200119740617	0.6689914139967446
1216.0885882619204	2.0001658193037026	2.013530543305452	0.6681808014498358
1217.8855882619205	2.0000920941995974	2.0134388138491333	0.6673052550051128
1219.6825882619205	2.0000174194113662	2.013344794532672	0.666362952240096
1221.4795882619203	1.99994180204395	2.013248556790658	0.6653570985470036
1223.2765882619203	1.9998652491196336	2.013150074955124	0.6642860483394353
1225.0735882619203	1.9997877676555338	2.013049309527065	0.6631474642470936
1226.8705882619204	1.9997093645622537	2.0129459525621796	0.6619255895130127
1228.6675882619204	1.9996300467304136	2.012840560876649	0.6606479117392539
1230.4645882619202	1.9995498209970102	2.012735734117615	0.6594440899717169
1232.2615882619202	1.999468694120521	2.0126311413640656	0.6582972407744636
1234.0585882619202	1.999386672854242	2.0125260496399355	0.6571703694981723
1235.8555882619203	1.999303763849254	2.012419247245233	0.6560025361392885
1237.6525882619203	1.9992199737389034	2.0123100983505924	0.6547615962043452
1239.4495882619203	1.9991353091043569	2.012198753959906	0.6534547609687413
1241.2465882619204	1.9990497764505055	2.012085236997628	0.6520828395913281
1243.0435882619204	1.9989633822762718	2.0119696050345706	0.6506483747335201
1244.8405882619204	1.998876132986863	2.0118517388034727	0.6491450671943788
1246.6375882619204	1.998788034969407	2.0117315866414005	0.6475699996969286
1248.4345882619205	1.9986990945558316	2.01160837286627	0.64588403254906
1250.2315882619205	1.9986093180103965	2.0114847773590356	0.6442209206477978
1252.0285882619205	1.9985187115927099	2.011365244472827	0.6428027321234708
1253.8255882619203	1.9984272814674868	2.01124505336405	0.641392960125664
1255.6225882619203	1.9983350337838568	2.0111223111521404	0.6398965715008753
1257.4195882619204	1.9982419746335751	2.010997293440388	0.6383270379030082
1259.2165882619204	1.9981481100542828	2.0108701495162054	0.6366915144031537
1261.0135882619204	1.9980534460828594	2.010741223500127	0.6350069084559262
1262.8105882619204	1.997957988650428	2.0106101047800458	0.6332523607347929
1264.6075882619205	1.9978617436795079	2.010476676877877	0.6314217306717218
1266.4045882619203	1.9977647170440984	2.010340946098187	0.6295150248071479
1268.2015882619203	1.9976669145558303	2.01020368550661	0.6275706354964106
1269.9985882619203	1.9975683420216654	2.0100642937622304	0.6255581587720993
1271.7955882619203	1.9974690051591892	2.009926307406243	0.6236543453179033
1273.5925882619204	1.997368909675758	2.00979241895847	0.6219937249713592
1275.3895882619204	1.997268061228945	2.0096643783174093	0.620663661984211
1277.1865882619204	1.997166465415402	2.0095480346076733	0.6199567941221229
1278.9835882619204	1.9970641277842296	2.009452782642843	0.6203433673588998
1280.7805882619205	1.9969610541338878	2.0093608323583574	0.6209324012003581
1282.5775882619203	1.9968572500528274	2.0092639949019167	0.6213135590318775
1284.3745882619203	1.9967527207473892	2.009165138148221	0.6216301734240703
1286.1715882619203	1.996647471439158	2.009064260267337	0.6218818797906867
1287.9685882619203	1.99654150730707	2.008960986548077	0.6220496391161179
1289.7655882619204	1.996434833594951	2.008857545404978	0.6222447936182984
1291.5625882619204	1.996327455662198	2.0087548896727787	0.6225148071441255
1293.3595882619204	1.9962193793510794	2.0086520296692036	0.6228098197386345
1295.1565882619204	1.9961106097937513	2.0085481207570606	0.6230872629144679
1296.9535882619205	1.9960011519049872	2.008441922183856	0.6232847244098672
1298.7505882619203	1.9958910108259063	2.008333943381507	0.623427456114034
1300.5475882619203	1.9957801916432347	2.008224244869948	0.6235182250440063
1302.3445882619203	1.9956686993322965	2.0081124549452167	0.6235381462405876
1304.1415882619203	1.9955565390341905	2.007998619998311	0.6234892733303576
1305.9385882619204	1.995443716030693	2.0078829506567133	0.6233818837428462
1307.7355882619204	1.9953302350452857	2.007764894813428	0.62318805928685
1309.5325882619204	1.995216100960886	2.0076449938127623	0.6229346708805483
1311.3295882619204	1.995101319021573	2.007527958450507	0.6228575616915588
1313.1265882619205	1.994985893671357	2.0074124117381156	0.6228875154545621
1314.9235882619203	1.9948698287642654	2.007294308590862	0.622821582012345
1316.7205882619203	1.994753130104755	2.0071744981707895	0.6227020215470169
1318.5175882619203	1.9946358028860363	2.007052995326523	0.6225293069802573
1320.3145882619203	1.9945178514430228	2.0069295308337205	0.6222897118578263
1322.1115882619204	1.9943992803608441	2.006804129403308	0.6219842317742641
1323.9085882619204	1.9942800942393824	2.006676939868491	0.6216200856097531
1325.7055882619204	1.9941602976794144	2.0065477824472264	0.6211880149367577
1327.5025882619204	1.9940398952630176	2.0064167748534505	0.6206936791904205
1329.2995882619202	1.9939188915277561	2.0062846849531066	0.6201753480491901
1331.0965882619203	1.993797290970798	2.0061527461130413	0.619694649912339
1332.8935882619203	1.9936750980833953	2.006023490192115	0.6193783591213364
1334.6905882619203	1.9935523172885674	2.0058936320658605	0.6190614949136863
1336.4875882619203	1.9934289530061164	2.005761461630064	0.6186580467465452
1338.2845882619204	1.9933050096122886	2.0056274830300325	0.6181930692152671
1340.0815882619204	1.9931804914463587	2.005491680436935	0.6176655372360562
1341.8785882619204	1.9930554028421792	2.0053540528375224	0.617075168999559
1343.6755882619204	1.9929297480640298	2.0052145923156135	0.6164213396642637
1345.4725882619202	1.9928035313747516	2.005073295284621	0.6157036414625949
1347.2695882619203	1.9926767569985324	2.004929695803884	0.6148984657103895
1349.0665882619203	1.9925494291222299	2.0047851497272378	0.6140736298019034
1350.8635882619203	1.9924215519250572	2.004642573754779	0.6133753079469617
1352.6605882619203	1.9922931295246076	2.0045008026158175	0.6127448270688562
1354.4575882619204	1.9921641660356286	2.0043590855563993	0.6121443066129606
1356.2545882619204	1.992034665521378	2.004215817908901	0.6114929924843748
1358.0515882619204	1.9919046320513374	2.004070634107102	0.6107723161040912
1359.8485882619204	1.991774069694051	2.0039236712830335	0.6099889427142235
1361.6455882619202	1.9916429825852984	2.003774950865695	0.6091437263845423
1363.4425882619203	1.9915113746967315	2.0036244729794666	0.6082364598384293
1365.2395882619203	1.9913792490818325	2.0034721683937273	0.6072634992792203
1367.0365882619203	1.9912466098756183	2.0033180529073147	0.6062254153668345
1368.8335882619203	1.9911134619037578	2.003161275080036	0.6050791884435913
1370.6305882619204	1.9909798086245953	2.00300632042747	0.6040499130517407
1372.4275882619204	1.9908456536887085	2.0028555495668883	0.60325600108313
1374.2245882619204	1.9907110009417197	2.002703870460452	0.6024415152706242
1376.0215882619204	1.9905758541487126	2.0025502572446316	0.6015547245266983
1377.8185882619202	1.9904402170663396	2.0023949397934167	0.6006069724965979
1379.6155882619203	1.9903040933989278	2.002237863833529	0.5995953318983505
1381.4125882619203	1.9901674868459958	2.002078986504745	0.5985174482790123
1383.2095882619203	1.99003040104963	2.0019184543402893	0.5973804864684018
1385.0065882619203	1.9898928396556128	2.001756264016185	0.5961840820847941
1386.8035882619204	1.9897548063254606	2.0015920502529165	0.5949096788119279
1388.6005882619204	1.9896163046171584	2.001426916770933	0.5936125536549985
1390.3975882619204	1.989477338093843	2.0012619131313008	0.5923452764105885
1392.1945882619204	1.989337910294288	2.0010995757150187	0.5912351722584308
1393.9915882619202	1.9891980247291694	2.000938851409056	0.5902291543590898
1395.7885882619203	1.9890576848997932	2.0007759670651377	0.5891373716461645
1397.5855882619203	1.9889168942593802	2.0006113515525605	0.5879811935296964
1399.3825882619203	1.9887756562589218	2.000445091088517	0.5867647661952358
1401.1795882619203	1.9886339743123118	2.0002773090380845	0.5854941068176966
1402.9765882619204	1.988491851811302	2.0001079391980623	0.5841657020711155
1404.7735882619204	1.9883492921401347	1.9999367503201808	0.5827677373312135
1406.5705882619204	1.988206298629845	1.9997636095832791	0.5812933477475912
1408.3675882619204	1.9880628746108961	1.9995887503625036	0.5797540861912198
1410.1645882619202	1.987919023384708	1.9994155687852024	0.5783206089008619
1411.9615882619203	1.9877747482272017	1.9992443858542077	0.5770089210175966
1413.7585882619203	1.987630052402788	1.9990740735469146	0.5757621309001815
1415.5555882619203	1.9874849391334422	1.9989021606053052	0.5744557479183232
1417.3525882619203	1.9873394116390786	1.9987279671868499	0.5730553865672228
1419.1495882619204	1.987193473104734	1.998566146235856	0.5722982329120496
1420.9465882619204	1.9870471266949628	1.998417173841576	0.5722082276692131
1422.7435882619204	1.9869003755656942	1.9982736089089945	0.5724108507484837
1424.5405882619204	1.98675322282186	1.99813113487456	0.5726887427186078
1426.3375882619202	1.9866056715694957	1.9979859813422038	0.5728519723653624
1428.1345882619203	1.9864577249046835	1.997838578459678	0.5729220114936373
1429.9315882619203	1.9863093858847694	1.9976905901802624	0.5729824556220064
1431.7285882619203	1.9861606575411215	1.9975469357818454	0.5732808268803513
1433.5255882619203	1.986011542893516	1.997404131223166	0.5736415969189945
1435.3225882619204	1.9858620449563043	1.9972594488669597	0.5739272745356461
1437.1195882619204	1.9857121666870168	1.9971131058668992	0.5741486289477793
1438.9165882619204	1.9855619110389677	1.996965072594842	0.5743040039435154
1440.7135882619204	1.9854112809623108	1.9968156694124648	0.5744093709705522
1442.5105882619202	1.9852602793634688	1.9966648326450143	0.5744613640888518
1444.3075882619203	1.9851089091473089	1.996512507062085	0.5744570417385519
1446.1045882619203	1.9849571731865998	1.9963583664602018	0.5743798116963239
1447.9015882619203	1.9848050743375059	1.9962028895765682	0.5742536325823666
1449.6985882619203	1.9846526154452724	1.9960470526568197	0.574127538636815
1451.4955882619204	1.9844997993195206	1.9958925404702499	0.5740862838401917
1453.2925882619204	1.9843466287681777	1.995740663790127	0.5741958011147741
1455.0895882619204	1.9841931065675187	1.9955879668391636	0.5742818193415156
1456.8865882619205	1.9840392354784993	1.9954334734421273	0.5742949917459717
1458.6835882619202	1.9838850182511027	1.9952774053461482	0.5742463393916042
1460.4805882619203	1.9837304576015062	1.9951198246357313	0.5741388398097236
1462.2775882619203	1.9835755562439819	1.9949607855735607	0.5739750771650787
1464.0745882619203	1.983420316854808	1.994800329679415	0.5737569958269129
1465.8715882619204	1.9832647421072171	1.9946383955918892	0.5734813534065797
1467.6685882619204	1.983108834678093	1.9944741791174134	0.5731074482941967
1469.4655882619204	1.9829525971801463	1.9943101902079907	0.5727617011115349
1471.2625882619204	1.9827960322258995	1.994148699974979	0.5725585266748157
1473.0595882619205	1.9826391424189147	1.9939881878060668	0.5724211302166493
1474.8565882619203	1.9824819303426364	1.9938277008388068	0.5723013321089709
1476.6535882619203	1.982324398567537	1.9936657532047535	0.5721240502014835
1478.4505882619203	1.9821665496305187	1.9935023370293175	0.5718887447127896
1480.2475882619203	1.9820083860670548	1.9933374462984532	0.5715949695792588
1482.0445882619204	1.9818499103852083	1.9931710275676255	0.5712398866883239
1483.8415882619204	1.9816911250807154	1.9930031197915994	0.5708253202386881
1485.6385882619204	1.981532032638298	1.9928339446500183	0.5703623169125649
1487.4355882619204	1.9813726355131436	1.99266304535037	0.5698276858609352
1489.2325882619202	1.9812129361589863	1.9924900832739514	0.5692041935092762
1491.0295882619203	1.9810529370009633	1.9923204720906944	0.5687649673202788
1492.8265882619203	1.98089264045291	1.99215439811266	0.5685193346558703
1494.6235882619203	1.9807320489172584	1.9919870728465698	0.5682254667138897
1496.4205882619203	1.9805711647685653	1.9918183618791994	0.5678764444673856
1498.2175882619204	1.9804099903799812	1.9916482187923963	0.5674697899427761
1500.0145882619204	1.9802485280967332	1.9914765794260978	0.5670021297859984
1501.8115882619204	1.98008678025363	1.9913034431069243	0.5664732962793462
1503.6085882619204	1.9799247491740415	1.9911289589902188	0.56589068957551
1505.4055882619202	1.9797624371547897	1.9909530122929722	0.565248381733352
1507.2025882619203	1.9795998464913356	1.9907754849490764	0.5645402770438013
1508.9995882619203	1.97943697945192	1.990597461890514	0.5638210538879695
1510.7965882619203	1.979273838295176	1.9904201426332506	0.5631511983039017
1512.5935882619203	1.9791104252682554	1.9902462899772317	0.5626702061087174
1514.3905882619204	1.9789467425930547	1.9900732560920753	0.5622442110009285
1516.1875882619204	1.9787827924901482	1.9898980960108157	0.5617242864073946
1517.9845882619204	1.9786185771535592	1.989721672383344	0.5611538958538276
1519.7815882619204	1.9784540987684751	1.9895440063895755	0.5605339860047076
1521.5785882619202	1.978289359508584	1.9893649956094603	0.5598592565663862
1523.3755882619203	1.9781243615235424	1.9891845345599164	0.5591242518167672
1525.1725882619203	1.977959106961724	1.9890024985863843	0.5583225449804052
1526.9695882619203	1.9777935979455934	1.9888196009090735	0.5574900725198617
1528.7665882619203	1.9776278365895128	1.9886364058059358	0.5566552519511214
1530.5635882619204	1.9774618249963436	1.9884535832229757	0.55585185451823
1532.3605882619204	1.977295565246079	1.9882719707353538	0.5551221416869145
1534.1575882619204	1.977129059417464	1.988092400105188	0.5545080952355397
1535.9545882619204	1.9769623095639695	1.9879120375916102	0.5538663015814071
1537.7515882619202	1.976795317731648	1.987730196919519	0.5531619328408066
1539.5485882619203	1.9766280859550536	1.9875468151537485	0.5523916854302646
1541.3455882619203	1.9764606162469942	1.9873621191363857	0.5515669171334947
1543.1425882619203	1.9762929106190616	1.9871764070182287	0.5507025978126912
1544.9395882619203	1.9761249710581825	1.9869892823681747	0.5497785549551937
1546.7365882619204	1.9759567995445122	1.986800655847728	0.5487901509646065
1548.5335882619204	1.9757883980467288	1.9866098103394656	0.5477009736181593
1550.3305882619204	1.9756197685128223	1.986420098358533	0.5466805919764894
1552.1275882619204	1.975450912889597	1.9862357713911711	0.5459441402063892
1553.9245882619202	1.9752818330997979	1.9860516402794997	0.5452288883151635
1555.7215882619203	1.9751125310600046	1.985865925244566	0.5444446336832387
1557.5185882619203	1.974943008675348	1.985679115011899	0.5436160076210061
1559.3155882619203	1.974773267831281	1.9854910211373784	0.5427333598589712
1561.1125882619203	1.9746033104120988	1.9853014222798142	0.5417853708288733
1562.9095882619204	1.9744331382785665	1.9851105631952692	0.5407843248625754
1564.7065882619204	1.9742627532860249	1.984918488994078	0.5397323983505897
1566.5035882619204	1.9740921572789778	1.984724787026328	0.5386085805642482
1568.3005882619204	1.9739213520816625	1.9845303412985913	0.5374575438753082
1570.0975882619202	1.9737503395167977	1.9843361445557215	0.5363294853955924
1571.8945882619203	1.9735791213869966	1.9841447129937122	0.5353518129686208
1573.6915882619203	1.9734076994886267	1.983956087426648	0.5345265421207612
1575.4885882619203	1.9732360756055374	1.9837660701811106	0.5336408910090462
1577.2855882619203	1.973064251504487	1.9835745110192373	0.5326871391408528
1579.0825882619204	1.9728922289511848	1.983381739827835	0.5316818994328232
1580.8795882619204	1.9727200096890252	1.9831864994709203	0.5305613432463385
1582.6765882619204	1.972547595456837	1.982991318167468	0.5294535216633145
1584.4735882619204	1.9723749879821486	1.9828080292805677	0.5289583046828694
1586.2705882619202	1.972202188975557	1.9826329185326639	0.528887434331704
1588.0675882619203	1.9720292001465736	1.9824593391343945	0.5289038816993941
1589.8645882619203	1.9718560231829103	1.9822878215921431	0.5290344876394126
1591.6615882619203	1.971682659768205	1.9821177930124887	0.5292501403603378
1593.4585882619203	1.9715091115748664	1.9819490373317925	0.5295398177788124
1595.2555882619204	1.9713353802591962	1.981780312243828	0.5298404365501108
1597.0525882619204	1.9711614674764284	1.9816099863836985	0.530069153626811
1598.8495882619204	1.970987374860544	1.9814384744136766	0.5302469049996983
1600.6465882619204	1.9708131040418893	1.9812657619210192	0.5303728627383819
1602.4435882619202	1.9706386566396443	1.9810917211633738	0.5304404482531666
1604.2405882619203	1.9704640342576838	1.9809164010507372	0.5304520463876861
1606.0375882619203	1.970289238498837	1.9807398865735195	0.5304118740781849
1607.8345882619203	1.9701142709451924	1.9805617342390136	0.5302973257895749
1609.6315882619203	1.9699391331756244	1.9803828698880332	0.5301552995484293
1611.4285882619204	1.9697638267579247	1.9802082651342896	0.5302381044104854
1613.2255882619204	1.9695883532453318	1.9800359400722876	0.530445197329743
1615.0225882619204	1.9694127141900686	1.9798620594636898	0.5305817921419598
1616.8195882619204	1.9692369111239763	1.9796870972971798	0.530671861479548
1618.6165882619202	1.969060945576228	1.9795109070314454	0.5307078726382253
1620.4135882619203	1.9688848190653827	1.9793335329482793	0.5306919826755685
1622.2105882619203	1.9687085330956058	1.979154994933287	0.5306251109327587
1624.0075882619203	1.9685320891698739	1.9789753280812525	0.5305089497313009
1625.8045882619203	1.9683554887719334	1.978794366588767	0.5303349865600993
1627.6015882619204	1.9681787333829586	1.9786123272283722	0.5301141440279711
1629.3985882619204	1.9680018244731492	1.978430026131988	0.5298878044297739
1631.1955882619204	1.9678247634995776	1.9782488629920254	0.5297270207083704
1632.9925882619204	1.9676475519183358	1.9780712346142926	0.5297535468582248
1634.7895882619202	1.967470191166107	1.9778936465849142	0.5297897505948779
1636.5865882619203	1.9672926826776085	1.9777145385456965	0.529756246228863
1638.3835882619203	1.9671150278771288	1.9775342358735581	0.5296694829114212
1640.1805882619203	1.9669372281759394	1.9773527549985153	0.5295302093720089
1641.9775882619203	1.9667592849841407	1.9771701800710209	0.5293426178976324
1643.7745882619204	1.966581199693534	1.9769864804884627	0.5291050680516163
1645.5715882619204	1.9664029736940296	1.9768016353347098	0.5288164114777283
1647.3685882619204	1.9662246083647656	1.9766151103754634	0.5284493931412726
1649.1655882619204	1.9660461050730218	1.976428406918409	0.5280802834988219
1650.9625882619202	1.9658674651851091	1.976244212482442	0.527845721092679
1652.7595882619203	1.9656886900490187	1.976061569497695	0.527696959400914
1654.5565882619203	1.9655097810112612	1.9758798111544038	0.5276000273988668
1656.3535882619203	1.9653307394077477	1.9756969419897148	0.5274533377059409
1658.1505882619203	1.9651515665631047	1.9755127553052865	0.5272462907429887
1659.9475882619204	1.9649722638009992	1.9753275765272225	0.5269953635982594
1661.7445882619204	1.9647928324272392	1.9751413043341293	0.5266953205496749
1663.5415882619204	1.9646132737464308	1.9749538867004361	0.5263434331931549
1665.3385882619202	1.964433589052679	1.9747652589127072	0.525936326766363
1667.1355882619202	1.9642537796293815	1.9745754865644933	0.5254772597184099
1668.9325882619203	1.9640738467589942	1.9743838930313635	0.5249317020020738
1670.7295882619203	1.9638937917065364	1.9741948982418716	0.524524624439282
1672.5265882619203	1.9637136157360948	1.9740101069038931	0.5243377183560716
1674.3235882619203	1.9635333201013774	1.9738249141551196	0.5241364609596122
1676.1205882619204	1.9633529060459471	1.9736385198923403	0.523880032709334
1677.9175882619204	1.96317237481231	1.9734508949154435	0.5235668673320593
1679.7145882619204	1.9629917276261555	1.9732621969253124	0.523204920052156
1681.5115882619202	1.9628109657123651	1.973072469021223	0.5227963103993538
1683.3085882619202	1.9626300902855822	1.9728817103710472	0.5223409207984364
1685.1055882619203	1.9624491025508695	1.9726898799218884	0.5218365845874651
1686.9025882619203	1.9622680037120526	1.9724966564873554	0.5212668583472357
1688.6995882619203	1.962086794956852	1.9723031263722024	0.5206870277914888
1690.4965882619204	1.9619054774722025	1.9721100706458121	0.5201368409836871
1692.2935882619204	1.961724052434855	1.9719192741645895	0.5197072298257499
1694.0905882619204	1.9615425210127437	1.971730476713725	0.5193849020270536
1695.8875882619204	1.9613608843725787	1.971541949319093	0.5190816757708161
1697.6845882619202	1.9611791436649784	1.9713521575978583	0.5187192595709877
1699.4815882619203	1.9609973000401901	1.9711604028507097	0.518261948158294
1701.2785882619203	1.960815354640144	1.9709677038733626	0.5177616142791663
1703.0755882619203	1.9606333085954821	1.9707740156162505	0.5172158902080781
1704.8725882619203	1.960451163033157	1.9705792140874634	0.5166183807729707
1706.6695882619204	1.960268919071399	1.970383004242653	0.5159539628902143
1708.4665882619204	1.960086577826322	1.9701856945404743	0.5152382975527559
1710.2635882619204	1.9599041404020543	1.9699905132342503	0.51463602858286
1712.0605882619204	1.9597216078954158	1.9697975076655367	0.5141495470339708
1713.8575882619202	1.9595389814015902	1.9696056443785481	0.5137260892742024
1715.6545882619203	1.9593562620016922	1.9694135604065561	0.513296055439616
1717.4515882619203	1.9591734507761545	1.9692202692895986	0.5128090373756278
1719.2485882619203	1.9589905487958235	1.9690258394664586	0.5122684576913228
1721.0455882619203	1.958807557123957	1.968830295228111	0.5116754868390361
1722.8425882619204	1.9586244768219656	1.9686337989701388	0.5110383468919899
1724.6395882619204	1.9584413089376884	1.9684363279328096	0.5103558094647687
1726.4365882619204	1.9582580545183337	1.968237861293616	0.5096267446599079
1728.2335882619204	1.958074714601686	1.9680375421167116	0.5088073218417755
1730.0305882619202	1.9578912902183825	1.9678374123657818	0.508001756639409
1731.8275882619203	1.957707782397091	1.9676426582173567	0.5074749106887211
1733.6245882619203	1.9575241921534638	1.9674491325862418	0.507014956574281
1735.4215882619203	1.957340520502555	1.9672543543885035	0.5064951030290255
1737.2185882619203	1.9571567684501676	1.9670586048049794	0.5059296482750941
1739.0155882619204	1.956972936995365	1.9668617384376499	0.5053110983470166
1740.8125882619204	1.9567890271351156	1.9666636329195224	0.5046331335404108
1742.6095882619204	1.9566050398539379	1.9664646364952674	0.5039134848628057
1744.4065882619204	1.956420976135773	1.9662649365915033	0.5031616699987529
1746.2035882619202	1.9562368369554572	1.9660638897557559	0.5023447373372569
1748.0005882619203	1.9560526232814959	1.9658620555950452	0.5014912276282812
1749.7975882619203	1.9558683360801985	1.9656604924692587	0.5006551928073533
1751.5945882619203	1.9556839763059317	1.9654609997857484	0.49992859778318355
1753.3915882619203	1.9554995449125139	1.965264581457162	0.4993627623209207
1755.1885882619204	1.9553150428448263	1.9650677540974453	0.49877953367705175
1756.9855882619204	1.9551304710417892	1.9648697559630746	0.4981398973387119
1758.7825882619204	1.954945830440022	1.9646709185668443	0.4974607467580494
1760.5795882619204	1.9547611219647167	1.9644710235587008	0.49673085293535646
1762.3765882619202	1.9545763465405366	1.964269927424721	0.4959428114098108
1764.1735882619203	1.954391505083353	1.9640678859325895	0.49510964533299173
1765.9705882619203	1.954206598503444	1.9638649266857657	0.49423270752018134
1767.7675882619203	1.9540216277087012	1.9636604359923153	0.4932805321564704
1769.5645882619203	1.9538365935960584	1.9634567948504411	0.49237491435640823
1771.3615882619204	1.9536514970619454	1.9632557324558573	0.49160433211119514
1773.1585882619204	1.9534663389941616	1.9630552114956041	0.4908644858646394
1774.9555882619204	1.9532811202752511	1.9628572483592308	0.49025856977669147
1776.7525882619204	1.9530958417852866	1.962668053760479	0.49010456990388196
1778.5495882619202	1.9529105043938433	1.9624834509089202	0.49018869495240924
1780.3465882619203	1.952725108970013	1.962300181621334	0.49034411486474916
1782.1435882619203	1.952539656374413	1.9621162717219574	0.49046969756949554
1783.9405882619203	1.9523541474627302	1.9619310487705903	0.49053094799969
1785.7375882619203	1.9521685830881017	1.9617450294289038	0.49055426994184526
1787.5345882619204	1.9519829640936077	1.961557783142405	0.49051755189077895
1789.3315882619204	1.951797291321863	1.96136931707551	0.49042110039840825
1791.1285882619204	1.9516115656071682	1.96118431263233	0.4905047292125486
1792.9255882619204	1.9514257877791945	1.9610024257752852	0.4907508169700536
1794.7225882619202	1.951239958664985	1.9608195810918778	0.4909505047983487
1796.5195882619203	1.9510540790819697	1.96063585253525	0.4911075277723276
1798.3165882619203	1.950868149847129	1.9604511674651692	0.4912181081428324
1800.1135882619203	1.9506821717692564	1.9602655933125779	0.4912856477603089
1801.9105882619203	1.950496145652825	1.960079099884438	0.4913085449038679
1803.7075882619204	1.9503100722996225	1.9598915749666603	0.4912809918343086
1805.5045882619204	1.9501239525022267	1.959703111850095	0.4912077171083107
1807.3015882619204	1.9499377870527792	1.9595138465123452	0.49109564023781527
1809.0985882619204	1.9497515767353757	1.9593242892816114	0.49097088369916
1810.8955882619202	1.9495653223300762	1.9591355282315903	0.4908892147340804
1812.6925882619203	1.949379024614202	1.9589502749901402	0.49098970775232065
1814.4895882619203	1.9491926843562515	1.9587658547278872	0.49113514782135326
1816.2865882619203	1.949006302324303	1.9585799536334607	0.49120679074976525
1818.0835882619203	1.9488198792785356	1.9583931203420653	0.49123272834603604
1819.8805882619204	1.9486334159753607	1.9582053920718938	0.4912148184496923
1821.6775882619204	1.9484469131684021	1.958016958482623	0.4911627434929233
1823.4745882619204	1.9482603716028184	1.9578275772434435	0.4910640169082825
1825.2715882619202	1.948073792023363	1.9576370409354464	0.49090793948574074
1827.0685882619202	1.9478871751670523	1.9574452803724185	0.4906909048541852
1828.8655882619203	1.9477005217673806	1.9572532360197858	0.4904611435713413
1830.6625882619203	1.947513832555006	1.957063426206446	0.4903479241999298
1832.4595882619203	1.9473271082524803	1.9568753083100345	0.4903233779825822
1834.2565882619203	1.9471403495819635	1.9566883139807805	0.49035830421093607
1836.0535882619204	1.9469535572580268	1.9565007855843721	0.4903675432192278
1837.8505882619204	1.9467667319919526	1.9563121575707827	0.49032200016398964
1839.6475882619204	1.9465798744921352	1.9561226877545546	0.49023486718771103
1841.4445882619202	1.9463929854592248	1.9559323186440618	0.49010314238193686
1843.2415882619202	1.9462060655934916	1.9557409967191266	0.4899240267616456
1845.0385882619203	1.9460191155876778	1.9555488097956621	0.4897019834826377
1846.8355882619203	1.9458321361316984	1.955355760684019	0.4894371089611882
1848.6325882619203	1.9456451279131248	1.9551610153129053	0.48908648670105137
1850.4295882619203	1.9454580916102637	1.9549677436055208	0.48881299660308297
1852.2265882619204	1.9452710279010756	1.9547790273346095	0.48877504970568086
1854.0235882619204	1.9450839374588293	1.9545905646605934	0.48875151445566534
1855.8205882619204	1.9448968209528443	1.9544010529102362	0.4886753813878819
1857.6175882619202	1.944709679048845	1.9542106864944493	0.4885565978286044
1859.4145882619202	1.9445225124058008	1.9540194946354372	0.4883966202009482
1861.2115882619203	1.9443353216823238	1.9538275140274173	0.4881972898008291
1863.0085882619203	1.944148107529718	1.9536346017894477	0.48795121230673644
1864.8055882619203	1.9439608705966815	1.9534407495941544	0.48765791229961053
1866.6025882619203	1.9437736115289332	1.953245866736398	0.48731267629538166
1868.3995882619204	1.9435863309653987	1.9530506870193913	0.4869532113498609
1870.1965882619204	1.943399029544653	1.952855981002479	0.4866191304027545
1871.9935882619204	1.943211707898225	1.952663739927166	0.48641287979702685
1873.7905882619202	1.943024366655207	1.9524737171057325	0.486321767893827
1875.5875882619202	1.942837006441685	1.9522827782176753	0.4861844686235406
1877.3845882619203	1.9426496278772476	1.9520909292162913	0.48600124302189407
1879.1815882619203	1.9424622315811404	1.9518983161695276	0.4857795654902519
1880.9785882619203	1.9422748181656988	1.9517048696585817	0.4855158191150677
1882.7755882619203	1.9420873882410048	1.9515105548082226	0.48520816438402115
1884.5725882619204	1.9418999424141123	1.9513153572992847	0.48485581978376935
1886.3695882619204	1.9417124812858595	1.951119192975709	0.48445440715403354
1888.1665882619204	1.941525005456749	1.950921919484035	0.4839965491495235
1889.9635882619202	1.941337515520509	1.950726098256575	0.48361414030311245
1891.7605882619202	1.9411500120687872	1.9505324469611	0.4833441431099539
1893.5575882619203	1.9409624956901805	1.9503401890002354	0.4831465487291853
1895.3545882619203	1.9407749669673502	1.9501481829060379	0.48296253291717495
1897.1515882619203	1.9405874264826304	1.9499551697820345	0.4827271975261338
1898.9485882619203	1.9403998748116975	1.949761229681355	0.4824446234602098
1900.7455882619204	1.9402123125283204	1.9495663069745217	0.4821119001153118
1902.5425882619204	1.9400247402032211	1.9493705838235682	0.4817383730564062
1904.3395882619204	1.9398371584013694	1.9491740780291695	0.48132491881405226
1906.1365882619202	1.939649567687395	1.9489767862320713	0.4808713233595441
1907.9335882619202	1.9394619686197379	1.948778078217751	0.4803450518105823
1909.7305882619203	1.939274361754854	1.9485794054545758	0.47982090018978685
1911.5275882619203	1.9390867476458382	1.948384840539642	0.479508867001055
1913.3245882619203	1.9388991268406555	1.9481922288207574	0.47929785781297696
1915.1215882619204	1.938711499886987	1.9479986657345185	0.47903805429909685
1916.9185882619204	1.9385238673260305	1.947804434527465	0.47874402569187957
1918.7155882619204	1.938336229697398	1.9476093651962696	0.47840696349772394
1920.5125882619204	1.938148587537628	1.947413438986564	0.4780258597565368
1922.3095882619202	1.937960941378054	1.947216728640297	0.4776044276548541
1924.1065882619203	1.9377732917497004	1.947019342803033	0.4771482346618505
1925.9035882619203	1.9375856391773172	1.946820951997919	0.4766402389585922
1927.7005882619203	1.9373979841841984	1.9466217898433282	0.47609245670883205
1929.4975882619203	1.9372103272905792	1.94642269111435	0.47554794097424136
1931.2945882619204	1.937022669011634	1.9462251123670644	0.4750818615935959
1933.0915882619204	1.9368350098621936	1.946031019512483	0.4747957158696581
1934.8885882619204	1.936647350351374	1.9458369616932762	0.4745113425133951
1936.6855882619204	1.936459690986687	1.9456416322138907	0.47416123712471503
1938.4825882619202	1.9362720322721683	1.945445475450569	0.4737683045308527
1940.2795882619203	1.936084374707495	1.9452485395934414	0.47333499539921053
1942.0765882619203	1.9358967187921041	1.9450509011737713	0.4728652253400467
1943.8735882619203	1.93570906501927	1.9448524363773434	0.4723525618237412
1945.6705882619203	1.9355214138810948	1.9446531426502478	0.47179683488192126
1947.4675882619204	1.9353337658666023	1.9444527881162865	0.4711860254037692
1949.2645882619204	1.9351461214602803	1.944252764289576	0.4705919996585983
1951.0615882619204	1.9349584811463252	1.944055022780503	0.4701155979733862
1952.8585882619204	1.934770845402997	1.9438588194867417	0.4697183702833785
1954.6555882619202	1.9345832147074922	1.9436635363893684	0.46936836900288714
1956.4525882619203	1.934395589533923	1.9434675458983333	0.46898144379021733
1958.2495882619203	1.9342079703521324	1.9432706714967134	0.4685484334412626
1960.0465882619203	1.934020357631704	1.9430729685453358	0.4680721626279638
1961.8435882619203	1.933832751836257	1.9428745077676992	0.46755625184526917
1963.6405882619204	1.9336451534284904	1.9426753233081366	0.46700243132173913
1965.4375882619204	1.9334575628680415	1.9424753620628379	0.4664079195728421
1967.2345882619204	1.9332699806104263	1.9422744890873236	0.4657657009733196
1969.0315882619204	1.933082407110909	1.9420720564366367	0.4650422192379988
1970.8285882619202	1.9328948428187305	1.9418726644990958	0.4644754324696354
1972.6255882619203	1.9327072881826295	1.9416769071431283	0.4640960902534408
1974.4225882619203	1.932519743649119	1.9414807865453878	0.4636973529360988
1976.2195882619203	1.932332209659507	1.9412838916032047	0.46325791698493823
1978.0165882619203	1.9321446866544436	1.9410864051059682	0.46278720808468066
1979.8135882619204	1.9319571750701168	1.9408880887321258	0.4622728586975544
1981.6105882619204	1.9317696753417084	1.9406888743037491	0.46171130419381257
1983.4075882619204	1.9315821879012085	1.940489096995244	0.46111986069377053
1985.2045882619204	1.9313947131768405	1.9402886101163876	0.46049090218942546
1987.0015882619202	1.9312072515965397	1.9400869558658875	0.4598006900609297
1988.7985882619203	1.9310198035828101	1.9398851623899094	0.4591024281910938
1990.5955882619203	1.9308323695574956	1.939684189612337	0.45844580784970557
1992.3925882619203	1.9306449499393865	1.9394863942624772	0.45795288892285235
1994.1895882619203	1.9304575451436705	1.9392902305917372	0.4575436258770216
1995.9865882619204	1.9302701555852617	1.9390926563577584	0.45706041441757606
1997.7835882619204	1.9300827816736434	1.9388942746013909	0.45653445600435383
1999.5805882619204	1.9298954238179347	1.9386952831565185	0.4559759679192865
2001.3775882619202	1.9297080824251218	1.9384955651834526	0.4553788647289725
2003.1745882619202	1.9295207578967342	1.9382983477008482	0.45491035886455755
2004.9715882619203	1.9293334506328998	1.9381098257488223	0.4548915643920237
2006.7685882619203	1.9291461610326206	1.9379223921283946	0.45492826168631595
2008.5655882619203	1.9289588894932272	1.937733249164683	0.4548754107331465
2010.3625882619203	1.928771636407766	1.9375459513754791	0.4549172541781443
2012.1595882619204	1.9285844021666665	1.9373603622942943	0.4550467232737221
2013.9565882619204	1.9283971871602588	1.9371757637819302	0.4552265829945057
2015.7535882619204	1.928209991773344	1.9369910235675252	0.45539810661936464
2017.5505882619202	1.9280228163903983	1.9368054588209938	0.45552585560362235
2019.3475882619202	1.9278356613929017	1.9366192661274189	0.4556199945056738
2021.1445882619203	1.9276485271591919	1.9364323642903876	0.45567628161657936
2022.9415882619203	1.9274614140673367	1.9362445964553752	0.4556865483239081
2024.7385882619203	1.9272743224903697	1.9360561588408225	0.45566094291680237
2026.5355882619203	1.9270872528010106	1.9358671215739314	0.45560307454470816
2028.3325882619204	1.9269002053680007	1.9356773770194038	0.4555073286593547
2030.1295882619204	1.9267131805610838	1.9354868623152854	0.4553704123021918