1	231.1295882619204	2.548548141882485	0.01432922951917644	0.01662055209191047
2	232.1295882619204	3.596452928555113	0.04033817114779404	0.03315562907245428
3	233.1295882619204	4.39534708984761	0.07375939205737096	0.04960661590972384
4	234.1295882619204	5.0645659947120905	0.11303300794771419	0.06597486325934113
5	235.1295882619204	5.650454183669957	0.15724090372439944	0.08226168894890624
6	236.1295882619204	6.176841076386506	0.2057537516239324	0.09846837789900381
7	237.1295882619204	6.6579189699768095	0.2581030969346672	0.11459618474056073
8	238.1295882619204	7.102958973205819	0.3139215172754783	0.1306463338280104
9	239.1295882619204	7.276962226923061	0.33838398281708293	0.13745961581402397
10	240.1295882619204	7.3223190774015245	0.34505552413147417	0.13930149693216032
11	241.1295882619204	7.664215780475475	0.39633342652558023	0.1528651289804788
12	242.1295882619204	7.988965263682841	0.44961424429525515	0.16636615423114207
13	243.1295882619204	8.298619088129415	0.5047698040399762	0.1798055053053187
14	244.1295882619204	8.59484507205439	0.5616864775810173	0.1931840935229831
15	245.1295882619204	8.879021380934049	0.6202626326826294	0.20650280962770023
16	246.1295882619204	9.152302827001476	0.6804066788215303	0.2197625243740233
17	247.1295882619204	9.41566880474651	0.7420355391357021	0.23296408909846147
18	248.1295882619204	9.499642278747192	0.7641108734894473	0.2377741165479131
19	249.1295882619204	9.50946045643533	0.7678096595945728	0.23867841397353437
20	250.1295882619204	9.49831153837685	0.765370986852886	0.23819960324735548
21	251.1295882619204	9.71445147124794	0.8201029424975886	0.24955457474040266
22	252.1295882619204	9.9243541123605	0.8757857539082176	0.26086215215354386
23	253.1295882619204	10.128429081512659	0.9323776938839664	0.2721229885964129
24	254.1295882619204	10.327042812329106	0.9898398383827725	0.28333772343366803
25	255.1295882619204	10.520524727365121	1.0481357860807368	0.2945069826963473
26	256.1295882619204	10.70917231753184	1.1072314157521252	0.30563137937011087
28	258.1295882619204	10.846188476396318	1.155708673182174	0.31498268018407993
29	259.1295882619204	10.82403095408683	1.1502646929010343	0.3141407038182559
31	261.1295882619204	10.925789352650112	1.1847092649817166	0.3205342266306256
32	262.1295882619204	11.080932973710286	1.237742330961091	0.3301941424676529
33	263.1295882619204	11.232904388561861	1.2912864797050647	0.3398176952686458
34	264.1295882619204	11.381844347941414	1.3453235401439074	0.34940534788196975
35	265.1295882619204	11.527883590401188	1.3998362347242705	0.35895755410022645
36	266.1295882619204	11.671143821108025	1.4548081173484015	0.36847475889320297
37	267.1295882619204	11.763584481878869	1.4927795846959016	0.3751210711010368
38	268.1295882619204	11.750761389378168	1.4919510944150716	0.3753220055518819
41	271.1295882619204	11.715752212929173	1.4822494739753278	0.3739956713104739
42	272.1295882619204	11.837878534404819	1.5312769932706636	0.3823801388675223
43	273.1295882619204	11.957994407679617	1.5806146160087555	0.39073570297184457
44	274.1295882619204	12.076169358010967	1.6302525615877415	0.39906270756285844
45	275.1295882619204	12.1924690882161	1.680181449410372	0.4073614902879739
46	276.1295882619204	12.306955768373005	1.7303922766577529	0.4156323826535779
47	277.1295882619204	12.419688298204447	1.7808763976854056	0.4238757101536096
48	278.1295882619204	12.41016730913686	1.7821397463759963	0.4245018314047876
52	282.1295882619204	12.355825756445059	1.7657403566377825	0.4224453328848011
53	283.1295882619204	12.454307674584525	1.8107785342383946	0.4297948384977032
54	284.1295882619204	12.55143952230428	1.8560085547730656	0.4371212145667527
55	285.1295882619204	12.647259164834209	1.9014248913020557	0.4444247178222038
56	286.1295882619204	12.741802796973364	1.9470222121129028	0.4517056006422259
57	287.1295882619204	12.835105044614881	1.9927953717958986	0.45896411117828256
58	288.1295882619204	12.915815091016816	2.0338012375327725	0.46548119115000286
64	294.1295882619204	12.883217084144825	2.034139676004058	0.4667366391073147
65	295.1295882619204	12.964078872272587	2.075401435077328	0.47323395342169405
66	296.1295882619204	13.043995722219984	2.116783122432302	0.4797126434183705
67	297.1295882619204	13.122989755722745	2.1582815078646482	0.4861729016879516
68	298.1295882619204	13.201082288943722	2.1998934621557105	0.49261491776234345
69	299.1295882619204	13.278293872983006	2.2416159528797017	0.4990388781341399
76	306.1295882619204	13.25447057790784	2.2495582885265826	0.5017071771120012
77	307.1295882619204	13.322515540417218	2.2872571533121495	0.5075095366911067
78	308.1295882619204	13.389864040592729	2.325033206272343	0.5132966633862303
79	309.1295882619204	13.45653014115865	2.3628844561965408	0.519068704605136
80	310.1295882619204	13.522196417305427	2.400617598770915	0.5247968191916588
81	311.1295882619204	13.547012900543796	2.4150451861989017	0.5269836790741038
82	312.1295882619204	13.568404117178158	2.4277444045088794	0.5289195751085214
88	318.1295882619204	13.517656196682507	2.4218735397271587	0.5296213870053874
89	319.1295882619204	13.575982252734516	2.456327764171511	0.5348481575991121
90	320.1295882619204	13.633581935409568	2.490716489195329	0.540044779184209
91	321.1295882619204	13.661300566397205	2.507424521344824	0.5425643704938371
92	322.1295882619204	13.687176818037988	2.5232158893296757	0.5449491527150021
93	323.1295882619204	13.710919602440097	2.537970221232107	0.5471865155123156
94	324.1295882619204	13.732125735560675	2.5515041518936576	0.549254920982639
95	325.1295882619204	13.750205954151339	2.5635412204676835	0.5511204805631379
96	326.1295882619204	13.764245264739282	2.573647322777196	0.5527287812262552
97	327.1295882619204	13.772680781515211	2.581078917913954	0.5539853121777709
100	330.1295882619204	13.703295344435753	2.5592800803625146	0.5520879228972885
101	331.1295882619204	13.731665562958531	2.5769043600972674	0.5547413401053811
102	332.1295882619204	13.75891739470001	2.593993095069264	0.5573140617488286
103	333.1295882619204	13.784940063154774	2.6105066004455018	0.559803181120679
104	334.1295882619204	13.809592034567027	2.6263840806991703	0.562202583676558
105	335.1295882619204	13.832689126673285	2.6415415729888765	0.5645030358063886
106	336.1295882619204	13.853985495926787	2.6558636653930803	0.5666912374771218
107	337.1295882619204	13.873140117279368	2.669188359445877	0.5687480204875437
108	338.1295882619204	13.889657520826688	2.6812786065977146	0.5706447869656754
109	339.1295882619204	13.902772597318675	2.691768176048331	0.572336816653873
110	340.1295882619204	13.911181555296984	2.7000288154976517	0.5737462090510274
111	341.1295882619204	13.912969778809904	2.703517873659545	0.5744137826382705
112	342.1295882619204	13.910819438605575	2.7051118261101563	0.5748412936175781
115	345.1295882619204	13.8735430082461	2.6962380462994657	0.5744950571009401
116	346.1295882619204	13.897173424302867	2.7121358300481484	0.5768998255277767
117	347.1295882619204	13.919688615473685	2.727541502294237	0.5792383342132728
118	348.1295882619204	13.940947648728553	2.74238844584241	0.5815032183829305
119	349.1295882619204	13.960762974690107	2.7565871055372377	0.5836843045594268
120	350.1295882619204	13.978873550942298	2.770010232473402	0.5857666548108122
121	351.1295882619204	13.989701217524077	2.778359665559923	0.587077552312701
122	352.1295882619204	13.999245371718162	2.7860849566010977	0.5883085744552371
123	353.1295882619204	14.007310860283031	2.793101212746924	0.5894505197912078
124	354.1295882619204	14.013658672446482	2.799301646289835	0.5904914489123629
125	355.1295882619204	14.01796313019185	2.804538574713827	0.5914144794254221
126	356.1295882619204	14.01975100736556	2.8085951915861402	0.5921943996441987
127	357.1295882619204	14.01826910591706	2.8111234861133183	0.5927901509398796
128	358.1295882619204	14.012150636568792	2.8114889276793407	0.5931260908799967
129	359.1295882619204	13.998288943346832	2.808244441883631	0.5930282781087092
130	360.1295882619204	13.998955900042922	2.8129284316054726	0.5939891141047633
131	361.1295882619204	14.01295154584483	2.823161737252419	0.5955546056906957
132	362.1295882619204	14.026221845411822	2.8330463187204904	0.5970743575078384
133	363.1295882619204	14.038703856800652	2.8425582705246444	0.5985463847127619
134	364.1295882619204	14.050330309078161	2.8516697696159183	0.5999680810899348
135	365.1295882619204	14.061026929296691	2.8603500062365086	0.6013365301981192
136	366.1295882619204	14.070702006561106	2.8685594906795124	0.6026477564841045
137	367.1295882619204	14.079246063717386	2.876250253227683	0.6038967874296178
138	368.1295882619204	14.086518842354808	2.8833602011135517	0.605077031585605
139	369.1295882619204	14.092336569979771	2.8898067334082627	0.6061794931620833
140	370.1295882619204	14.096452062177454	2.895477992890198	0.607191800467185
141	371.1295882619204	14.098159196791928	2.8990107796382247	0.6078590240610362
142	372.1295882619204	14.098536243160195	2.9019193682349806	0.6084526186622328
143	373.1295882619204	14.097328106801502	2.904092624745957	0.608960473974785
144	374.1295882619204	14.094164961280441	2.905364304412003	0.6093638615525652
145	375.1295882619204	14.088458888160359	2.9054675518152706	0.6096323282350032
146	376.1295882619204	14.079119166849015	2.9039037055039265	0.6097083947169046
147	377.1295882619204	14.08763072155812	2.9117056257583473	0.6109771314840107
148	378.1295882619204	14.09890258511058	2.920977399296463	0.6124326495272091
149	379.1295882619204	14.109441400668326	2.9299259219958405	0.6138500117696792
150	380.1295882619204	14.119187273996562	2.938525320555678	0.6152267172601098
151	381.1295882619204	14.125922172484103	2.94472291286497	0.6162303372733742
152	382.1295882619204	14.132046651421721	2.9506313583217967	0.6171991791205712
153	383.1295882619204	14.137519521275323	2.9562383459454686	0.618132640265485
154	384.1295882619204	14.142289361381874	2.961523598765398	0.6190289032075782
155	385.1295882619204	14.146297801034496	2.9664632834983644	0.6198857166803146
156	386.1295882619204	14.149477357530039	2.971029725992114	0.6207004312133296
158	388.1295882619204	14.153000956049116	2.978895673595469	0.6221888245234684
159	389.1295882619204	14.153110001263862	2.9820942886571897	0.6228521062547455
160	390.1295882619204	14.15189698325124	2.9847073974832976	0.6234513246144651
161	391.1295882619204	14.149897587535559	2.9862511942531147	0.6238619357095464
162	392.1295882619204	14.146798578783375	2.9872940783433815	0.6242165175011878
163	393.1295882619204	14.142375658115355	2.987741709799994	0.6245053015353141
164	394.1295882619204	14.13966521462493	2.9891888912468363	0.6249275649435438
165	395.1295882619204	14.146888996191816	2.9958454419211242	0.625999385243703
166	396.1295882619204	14.153636724163102	3.002290939928843	0.6270471231679099
167	397.1295882619204	14.159885730911787	3.0085171294113655	0.6280702007297932
168	398.1295882619204	14.165608462646023	3.014513703446836	0.6290678313900027
169	399.1295882619204	14.170775324211746	3.020269231047513	0.6300390883986728
170	400.1295882619204	14.175352839306445	3.0257704886404615	0.6309828473832524
171	401.1295882619204	14.178513925751458	3.029916796984195	0.6317066331879595
172	402.1295882619204	14.181219661962269	3.0338523566418925	0.6324064727109113
173	403.1295882619204	14.18344625756296	3.037573605647302	0.6330827665755682
174	404.1295882619204	14.185161946837615	3.041068705837449	0.6337345465846125
175	405.1295882619204	14.186333651112934	3.044324921638188	0.6343607174377719
176	406.1295882619204	14.186922975020062	3.0473274617327513	0.6349599939537913
177	407.1295882619204	14.186886828604866	3.050059255728728	0.6355308266926486
178	408.1295882619204	14.186171983681303	3.052498923396851	0.6360712224101186
179	409.1295882619204	14.18471423402957	3.0546204944780286	0.6365787233521869
180	410.1295882619204	14.18243543996135	3.0563913532641025	0.6370501108817176
181	411.1295882619204	14.179932588477271	3.05752984089367	0.6373998936895046
182	412.1295882619204	14.17676498124855	3.0583734468247554	0.6377182170107658
183	413.1295882619204	14.174756544730812	3.059885051641884	0.6381238136604663
184	414.1295882619204	14.179216794490133	3.0648056835794053	0.6389489343732662
185	415.1295882619204	14.183341508158463	3.069580062418496	0.639758189407927
186	416.1295882619204	14.18711761654536	3.0742037647109295	0.6405513184136649
187	417.1295882619204	14.190531740449693	3.078672462350807	0.6413280957754485
188	418.1295882619204	14.193570277843946	3.0829820269397237	0.6420883482369468
189	419.1295882619204	14.19621766211707	3.087126679369662	0.6428316482544516
190	420.1295882619204	14.19845588848413	3.09110046939189	0.6435576440018915
191	421.1295882619204	14.199964574878647	3.094216082546558	0.6441378609067399
192	422.1295882619204	14.201154484451822	3.0971867245970306	0.6447022498725095
193	423.1295882619204	14.202012559411532	3.1000139694246402	0.6452517737420344
194	424.1295882619204	14.202523701170065	3.1026926296661363	0.6457860805741666
195	425.1295882619204	14.202671060862201	3.1052168906573785	0.6463047676535263
196	426.1295882619204	14.202437284013357	3.10758089824253	0.6468074472057388
197	427.1295882619204	14.201803232529727	3.1097775562007146	0.6472935541304884
198	428.1295882619204	14.200748242114253	3.1117997368130794	0.647762586179768
199	429.1295882619204	14.199247577441648	3.1136381411602145	0.6482137745631548
200	430.1295882619204	14.19727369565127	3.1152828780374007	0.6486463550051299
201	431.1295882619204	14.19525170847826	3.1164898713653844	0.6489900979349398
202	432.1295882619204	14.192862411181897	3.1175372830805244	0.6493175060177894
203	433.1295882619204	14.190074659167765	3.118418114902057	0.6496285643608967
204	434.1295882619204	14.190319493288879	3.120923076437768	0.6501391802731387
205	435.1295882619204	14.192815820698955	3.124628989350998	0.6507966957638484
206	436.1295882619204	14.195062034922211	3.1282300760398853	0.6514436287266481
207	437.1295882619204	14.1970508397775	3.131723887368314	0.6520798435414615
208	438.1295882619204	14.198774873647599	3.1351087555214363	0.6527053704949137
209	439.1295882619204	14.20022608290009	3.138382276128332	0.6533201184788017
210	440.1295882619204	14.201396452915466	3.1415418752938113	0.6539239595062962
211	441.1295882619204	14.202153554550195	3.144104869553284	0.6544225681384055
212	442.1295882619204	14.202687963278805	3.146567843964496	0.6549105749134563
213	443.1295882619204	14.20299352322515	3.1489346552446382	0.6553890907420877
214	444.1295882619204	14.203062469555096	3.151203279103416	0.655858076611517
215	445.1295882619204	14.202886700639457	3.1533711175447445	0.6563173897512251
216	446.1295882619204	14.202458240757844	3.1554361580272317	0.6567670034805623
217	447.1295882619204	14.201769681013467	3.15739577330472	0.6572067369216547
218	448.1295882619204	14.200811090932943	3.159247282318034	0.657636514581981
219	449.1295882619204	14.199574041757032	3.1609881672541245	0.6580562254217809
220	450.1295882619204	14.198047925156933	3.1626147670036957	0.6584656212355414
221	451.1295882619204	14.196515123008949	3.163903527433451	0.6588050686255689
222	452.1295882619204	14.194760368366206	3.1650963313415557	0.65913491280356
223	453.1295882619204	14.192768936735167	3.1661935552798957	0.659455928271952
224	454.1295882619204	14.190532467614814	3.1671924219131258	0.6597679375297262
226	456.1295882619204	14.186225311593388	3.169373063750005	0.6604226475782996
227	457.1295882619204	14.18746448991194	3.1722760176731604	0.660969818504997
228	458.1295882619204	14.188514026634106	3.1751026950056622	0.6615098439146014
229	459.1295882619204	14.189369712239959	3.1778525090525123	0.6620428212251054
230	460.1295882619204	14.190027193282651	3.1805241946264697	0.662568713263717
231	461.1295882619204	14.19042825375136	3.182751821921517	0.6630140347948587
232	462.1295882619204	14.190669480825969	3.184907732548283	0.6634518644954496
233	463.1295882619204	14.190748695111363	3.186997002716681	0.6638833769250804
234	464.1295882619204	14.19065963219916	3.1890184803968964	0.6643086402445361
235	465.1295882619204	14.190399413982313	3.1909711093287174	0.6647275842506912
236	466.1295882619204	14.189963755806751	3.1928541551551017	0.6651402716118856
237	467.1295882619204	14.189348285474107	3.194666330125158	0.6655466538581187
238	468.1295882619204	14.18854951483701	3.1964071541779804	0.6659468093201502
239	469.1295882619204	14.187562712589177	3.1980753364611703	0.6663407057112616
240	470.1295882619204	14.186383873899434	3.199669849797767	0.666728331568901
241	471.1295882619204	14.18520422175864	3.200988684499357	0.667058611043269
242	472.1295882619204	14.183875380778913	3.202242567761093	0.6673824285936822
243	473.1295882619204	14.182389130787522	3.20343460064413	0.6677008259872267
244	474.1295882619204	14.180741326908516	3.2045632511405913	0.6680136880178588
245	475.1295882619204	14.178927678200644	3.2056278889454415	0.6683210942942719
246	476.1295882619204	14.176943999975101	3.206627017414677	0.6686229388026599
247	477.1295882619204	14.174785513619652	3.207559591111265	0.6689192375562778
248	478.1295882619204	14.17244938677822	3.2084250697644077	0.6692100200373245
249	479.1295882619204	14.169930471353947	3.209221986318065	0.6694952316374148
250	480.1295882619204	14.167649311172646	3.210170455553577	0.6698009261082634
251	481.1295882619204	14.167870698710402	3.212167354345209	0.6702071054940042
252	482.1295882619204	14.16797354313465	3.214110573772573	0.6706076832680643
253	483.1295882619204	14.16795577042724	3.216005226161349	0.6710038344958942
254	484.1295882619204	14.167815060978167	3.2178511726004957	0.6713956502187904
255	485.1295882619204	14.167548139246056	3.2196476584344054	0.6717831383640507
256	486.1295882619204	14.167153569406144	3.2213943621052437	0.6721663100712352
257	487.1295882619204	14.16662834846393	3.223090602485713	0.6725451757740244
258	488.1295882619204	14.165971211115123	3.224736626197792	0.6729198570450328
259	489.1295882619204	14.165178764901887	3.226331167333886	0.673290260840741
260	490.1295882619204	14.1642497398279	3.227874656005187	0.6736565472239737
261	491.1295882619204	14.16331813778678	3.2291870969252283	0.6739747815221284
262	492.1295882619204	14.162278416458829	3.230452012315803	0.6742882855069734
263	493.1295882619204	14.161125565880097	3.231672901483718	0.6745980344437238
264	494.1295882619204	14.159856312774002	3.232849218950065	0.674904076977574
265	495.1295882619204	14.158469133868763	3.2339806222344296	0.6752064207989289
266	496.1295882619204	14.156961039217126	3.235066212132332	0.6755050272821771
267	497.1295882619204	14.155331019200197	3.2361063873759366	0.6758000343536175
268	498.1295882619204	14.15357542905121	3.237100069002899	0.6760913971487704
269	499.1295882619204	14.151693485484534	3.238047307410235	0.6763791700315349
270	500.1295882619204	14.14968252757898	3.2389473047752264	0.6766633198519997
271	501.1295882619204	14.147794696902709	3.239703127915298	0.6769115349086035
272	502.1295882619204	14.145809193918224	3.240417211299839	0.677155769357576
273	503.1295882619204	14.143716986769308	3.2410912549841693	0.6773968144682021
274	504.1295882619204	14.141515807997356	3.241725049778074	0.6776347392054982
275	505.1295882619204	14.139203178733023	3.242317587626326	0.6778694557030431
276	506.1295882619204	14.136777645518176	3.2428689681276515	0.678101058482523
277	507.1295882619204	14.135442873771733	3.2440025436948257	0.6784021487679026
278	508.1295882619204	14.13489920618043	3.2455606097277294	0.6787540851515873
279	509.1295882619204	14.134254294449764	3.247080877291804	0.6791030077978398
280	510.1295882619204	14.133506885738779	3.248563215813907	0.6794489567112934
281	511.1295882619204	14.132753878305152	3.2498488051065877	0.6797540584997107
282	512.1295882619204	14.131919527292395	3.251097705663855	0.6800554327888677
283	513.1295882619204	14.130998552347444	3.252313470305958	0.6803540815689625
284	514.1295882619204	14.129989846304275	3.2534959141979773	0.6806500244639793
285	515.1295882619204	14.128892037739325	3.254644824014566	0.6809432878707343
286	516.1295882619204	14.127703505044563	3.2557597915297447	0.681233869489812
288	518.1295882619204	14.125049275612485	3.2578877791970267	0.6818072226846976
289	519.1295882619204	14.123581372523676	3.258900403677111	0.6820900277843934
290	520.1295882619204	14.122017510819742	3.259878639552184	0.6823703300205619
291	521.1295882619204	14.120537289595772	3.260723621319989	0.6826187545990623
292	522.1295882619204	14.118983501500908	3.2615363382781357	0.682864034096408
293	523.1295882619204	14.117349175860852	3.262319130084315	0.6831069985117043
294	524.1295882619204	14.11563331248769	3.263071987876514	0.6833476977634882
295	525.1295882619204	14.113834449319251	3.263794310804637	0.6835860801652782
296	526.1295882619204	14.11195106816076	3.2644860460621548	0.6838222115427797
297	527.1295882619204	14.109982523495098	3.265147178976075	0.6840561234586743
298	528.1295882619204	14.107927452613541	3.265777665723855	0.6842878761342247
299	529.1295882619204	14.10578430388522	3.266376913284584	0.6845174239108579
300	530.1295882619204	14.103552329583122	3.266945177525882	0.6847448600164321
301	531.1295882619204	14.101469889750868	3.2674285611546297	0.6849473111264299
302	532.1295882619204	14.099321781923457	3.2678839819783616	0.6851471504403691
303	533.1295882619204	14.097098505985642	3.2683123381903227	0.6853450297601118
304	534.1295882619204	14.094800561576028	3.268714068194269	0.6855410189682698
305	535.1295882619204	14.092424821560229	3.269088068513435	0.6857350409523736
306	536.1295882619204	14.091030312120635	3.269979387155671	0.6859898887997966
307	537.1295882619204	14.089997306278118	3.271067568687141	0.6862684820243623
308	538.1295882619204	14.088891703226635	3.272129236881357	0.6865450908178126
309	539.1295882619204	14.087712678794755	3.273164557899576	0.6868197940363426
310	540.1295882619204	14.086459915822982	3.2741733845498855	0.6870925800783665
311	541.1295882619204	14.085264623772975	3.275060784762253	0.6873371262742217
312	542.1295882619204	14.08401113310138	3.2759220562066385	0.6875790711029204
313	543.1295882619204	14.082695441658831	3.2767602262741873	0.687819247814571
314	544.1295882619204	14.081314574655135	3.2775742813617663	0.6880575916694035
315	545.1295882619204	14.079869102448447	3.278365151886621	0.6882942728976075
316	546.1295882619204	14.078358114189747	3.27913212952337	0.6885291900630613
317	547.1295882619204	14.076780513715672	3.2798753186388194	0.688762421428565
318	548.1295882619204	14.075135295245301	3.2805945088889117	0.6889939747960891
319	549.1295882619204	14.073422102300574	3.2812897186595724	0.6892238742346101
320	550.1295882619204	14.071639451848265	3.2819607835422415	0.6894521605963504
321	551.1295882619204	14.069964061774343	3.282548195579285	0.6896576718066857
322	552.1295882619204	14.068236790816215	3.2831124523562	0.6898609105680099
323	553.1295882619204	14.066451071125245	3.283655643070105	0.6900626395391123
324	554.1295882619204	14.064606264541295	3.2841777048186973	0.6902628787588428
325	555.1295882619204	14.062700407921831	3.2846782521791136	0.6904616455343563
326	556.1295882619204	14.060734405347938	3.2851575867401532	0.6906589608526632
327	557.1295882619204	14.058706168604926	3.285615023084158	0.6908547851332819
328	558.1295882619204	14.05661518067851	3.28605094548572	0.6910492265612278
329	559.1295882619204	14.054461359552121	3.286465130587083	0.6912422441787411
330	560.1295882619204	14.052243343231536	3.2868575553163883	0.6914339020831031
331	561.1295882619204	14.05016969545033	3.287195538049404	0.6916070596133778
332	562.1295882619204	14.048049378388265	3.287513393241458	0.6917783310810944
333	563.1295882619204	14.045875034740046	3.287812327847004	0.6919483337992125
334	564.1295882619204	14.043645418653586	3.2880918716406926	0.6921170315614629
335	565.1295882619204	14.041360425782653	3.288352443503725	0.6922845190684901
336	566.1295882619204	14.039018494440281	3.288593356832579	0.692450730166692
337	567.1295882619204	14.036706415049613	3.288859260885733	0.6926207866824882
338	568.1295882619204	14.035358180380726	3.2896265547096797	0.6928489243193384
339	569.1295882619204	14.033955403216357	3.2903747859669172	0.6930757841226981
340	570.1295882619204	14.032497201141762	3.29110361836471	0.6933013411088279
341	571.1295882619204	14.031116455210267	3.291752142505906	0.6935061971526001
342	572.1295882619204	14.029694773129972	3.292381432462404	0.6937090649759736
343	573.1295882619204	14.028225497059811	3.29299339620421	0.6939106771362198
344	574.1295882619204	14.026707923492136	3.2935882847239064	0.6941111229997928
345	575.1295882619204	14.025141628692804	3.294165787659574	0.694310359820828
346	576.1295882619204	14.023525795458752	3.294725920610884	0.6945084330307113
347	577.1295882619204	14.021860476080482	3.295268732796314	0.6947053521120026
349	579.1295882619204	14.018377710964014	3.296301496000146	0.6950957268876834
350	580.1295882619204	14.016559742940226	3.2967916188641104	0.695289248108282
351	581.1295882619204	14.014848436414523	3.2972250433056605	0.6954655674024081
352	582.1295882619204	14.013100147441174	3.2976416877030963	0.6956402258894119
353	583.1295882619204	14.011307035091878	3.298042474227478	0.6958138082753147
354	584.1295882619204	14.009469347792745	3.298427704636937	0.6959863671439382
355	585.1295882619204	14.007586950192762	3.298797271050468	0.6961578877000165
356	586.1295882619204	14.005658130746387	3.299150601262202	0.6963283354901103
357	587.1295882619204	14.003683429626838	3.2994886157844663	0.6964978792129816
358	588.1295882619204	14.00166171488861	3.2998105867527503	0.6966664228048546
359	589.1295882619204	13.999592614828808	3.300116476435135	0.696833978064817
360	590.1295882619204	13.99747586059864	3.300406417983915	0.6970005877634391
361	591.1295882619204	13.995487789572273	3.3006585176317222	0.6971528448460304
362	592.1295882619204	13.993466631478293	3.3008957335175246	0.6973036497981053
363	593.1295882619204	13.991404698985738	3.3011189672003742	0.6974535767430303
364	594.1295882619204	13.989300716750135	3.3013277254297937	0.6976025859723595
365	595.1295882619204	13.987154703751997	3.301522366081446	0.6977507531032205
366	596.1295882619204	13.984965763204421	3.301702329115042	0.6978980054579973
367	597.1295882619204	13.982734339382294	3.3018680175039923	0.6980444069764326
368	598.1295882619204	13.980458924028996	3.302019239321074	0.6981899933269885
369	599.1295882619204	13.978140309972925	3.3021559488882533	0.6983347162172496
370	600.1295882619204	13.975776551104653	3.3022780971743715	0.6984786634509516
371	601.1295882619204	13.973558591126752	3.3023775853909116	0.6986105763304548
372	602.1295882619204	13.971516703620392	3.302568143021439	0.6987529937141571
373	603.1295882619204	13.97001234428681	3.3030366189756037	0.6989273690535722
374	604.1295882619204	13.968470131625422	3.303491494072375	0.69910079817765
375	605.1295882619204	13.966890373566413	3.303933230729498	0.6992733646361972
376	606.1295882619204	13.965272517333835	3.3043618750907657	0.6994451069812542
377	607.1295882619204	13.963616539836062	3.304777216076172	0.6996159828037688
378	608.1295882619204	13.961921569574256	3.305179406926136	0.6997860693201922
379	609.1295882619204	13.96018732247062	3.3055681967730686	0.6999553287904322
380	610.1295882619204	13.958413929242706	3.305943881098245	0.7001238183547471
381	611.1295882619204	13.956739272564185	3.3062788746986906	0.700278778133919
382	612.1295882619204	13.955037178302707	3.3066009578932016	0.7004324174644001
383	613.1295882619204	13.953300662209852	3.3069111283434833	0.7005852988026828
384	614.1295882619204	13.951529285559864	3.3072089507103493	0.7007373527925599
385	615.1295882619204	13.949723050119948	3.3074951227342275	0.7008887280276515
386	616.1295882619204	13.94788092820653	3.307768986773259	0.701039337653211
387	617.1295882619204	13.946003097718688	3.308030838970912	0.7011892363562264
388	618.1295882619204	13.944089134302878	3.308280421126023	0.7013383916072495
389	619.1295882619204	13.94213889045039	3.30851795763406	0.701486859258878
390	620.1295882619204	13.940151254454111	3.308742953335149	0.7016345911350884
391	621.1295882619204	13.938276757036464	3.308940792143875	0.701770909176324
393	623.1295882619204	13.934446272733263	3.3093020066589216	0.7020404498222955
394	624.1295882619204	13.932482020616801	3.309466116932542	0.7021742455604663
395	625.1295882619204	13.930485163238288	3.309619213318686	0.7023073856629958
396	626.1295882619204	13.928455608418407	3.309761195088727	0.7024398540537747
397	627.1295882619204	13.926392184695365	3.3098920643508754	0.7025717109186841
398	628.1295882619204	13.924295210284404	3.3100115212061247	0.7027028772215713
399	629.1295882619204	13.922163928650876	3.3101200055826343	0.7028334852002345
400	630.1295882619204	13.919998216085697	3.310217231893458	0.7029634811635102
401	631.1295882619204	13.917955352437573	3.310297312855136	0.703083670072589
402	632.1295882619204	13.915890774114981	3.3103672861042384	0.703202844439754
403	633.1295882619204	13.913795890659083	3.3104270771950537	0.7033214227893794
404	634.1295882619204	13.911670912001952	3.3104769159833585	0.7034394438537831
405	635.1295882619204	13.909515244654452	3.3105164469585495	0.7035568626091329
406	636.1295882619204	13.907328726858239	3.3105458845492546	0.703673733315119
407	637.1295882619204	13.905110727193122	3.310564878001214	0.7037900138831106
408	638.1295882619204	13.902861498222403	3.3105738243149796	0.7039057764448823
409	639.1295882619204	13.90058010709595	3.310572249300157	0.7040209679345872
410	640.1295882619204	13.898266018364044	3.3105604720562343	0.7041356838689699
411	641.1295882619204	13.896513391474986	3.310755756796477	0.7042660304833025
412	642.1295882619204	13.8948874901839	3.311014188012889	0.7044034198006061
413	643.1295882619204	13.893233492090813	3.3112630124447753	0.7045402220501821
414	644.1295882619204	13.891551463836468	3.311502375997607	0.7046764655201196
415	645.1295882619204	13.88984153139136	3.3117320267212067	0.7048120908193861
416	646.1295882619204	13.888103313500341	3.3119519558569612	0.7049471160250398
417	647.1295882619204	13.886337342406046	3.312162870207705	0.7050816651738333
418	648.1295882619204	13.884541879356876	3.3123638091022034	0.7052156226738492
419	649.1295882619204	13.88271789592134	3.3125551368900985	0.7053490173677933
420	650.1295882619204	13.880864856434203	3.3127371186539363	0.7054819335328173
421	651.1295882619204	13.879109233523685	3.312897895892288	0.7056054162283916
422	652.1295882619204	13.87733467678941	3.313049395797418	0.7057279168356596
423	653.1295882619204	13.875534826050476	3.313192323873792	0.7058499093243954
424	654.1295882619204	13.873708848701002	3.3133264374853657	0.7059713848331629
425	655.1295882619204	13.871856637594856	3.3134517748943244	0.7060923574516549
426	656.1295882619204	13.869977893416008	3.313568124533375	0.7062127978141691
427	657.1295882619204	13.868073088572881	3.3136759507025	0.7063327813035712
428	658.1295882619204	13.866140409988944	3.3137743824535844	0.7064522151062863
429	659.1295882619204	13.864181243360797	3.3138644540507722	0.7065712496148452
430	660.1295882619204	13.862194311843579	3.3139451913273996	0.7066897426970422
431	661.1295882619204	13.860311467023157	3.3140127707494553	0.7068001555810078
432	662.1295882619204	13.858412958302077	3.314071922978642	0.7069095999084275
433	663.1295882619204	13.856489455244477	3.3141229751832526	0.7070186215280444
435	665.1295882619204	13.852570173972232	3.3142011773795566	0.7072353449492015
437	667.1295882619204	13.84855104570334	3.3142464878159386	0.7074502707277937
438	668.1295882619204	13.846503561447605	3.3142568338290768	0.7075570902490724
439	669.1295882619204	13.844430939725534	3.314258921699659	0.707663462992257
440	670.1295882619204	13.84233211545884	3.314252699904833	0.7077694327915945
441	671.1295882619204	13.840342317634569	3.3142391707024936	0.7078682977408312
442	672.1295882619204	13.838338298489333	3.314218602537669	0.7079664150547641
443	673.1295882619204	13.836311386131854	3.3141902580396536	0.7080640709527615
444	674.1295882619204	13.834261813346163	3.314154341317622	0.7081612974144562
445	675.1295882619204	13.832188991106067	3.3141112020560652	0.7082581996180853
446	676.1295882619204	13.830092967515975	3.314060464432255	0.7083546951135317
447	677.1295882619204	13.827972951589432	3.3140017956107783	0.7084507535744128
448	678.1295882619204	13.825829885089783	3.313935751446631	0.7085464458825853
449	679.1295882619204	13.823662390978955	3.313861986802674	0.7086417691327881
450	680.1295882619204	13.821470719878485	3.313780393211899	0.7087366876070034
451	681.1295882619204	13.81939125571102	3.3136970383688573	0.7088255040646672
452	682.1295882619204	13.817299565046065	3.3136069079453394	0.7089135249831185
453	683.1295882619204	13.815186024746081	3.3135100103795203	0.7090012459034308
454	684.1295882619204	13.81339940760832	3.3135780724737756	0.709107513042213
455	685.1295882619204	13.811681915954617	3.3136839143084784	0.7092183440507797
456	686.1295882619204	13.809942607928276	3.3137825781558945	0.709328786717653
457	687.1295882619204	13.808181585461982	3.313873975767877	0.709438817290168
458	688.1295882619204	13.806398896163255	3.3139581554012514	0.7095484440153406
459	689.1295882619204	13.804593903694549	3.3140349764985255	0.7096576698667688
460	690.1295882619204	13.802767208062297	3.314104759920418	0.7097665330803665
461	691.1295882619204	13.801029111153458	3.3141635654188573	0.7098685165244712
462	692.1295882619204	13.799278266121465	3.3142156585128384	0.7099697436199304
463	693.1295882619204	13.797507354812204	3.314261042402025	0.7100705916639036
464	694.1295882619204	13.795716982338645	3.3142998227926084	0.7101710524508614
465	695.1295882619204	13.79390622401645	3.3143318619296416	0.7102711443474563
466	696.1295882619204	13.792075160631843	3.3143573300150897	0.7103708999709013
468	698.1295882619204	13.788351661747818	3.3143876950151543	0.7105692432201844
469	699.1295882619204	13.786458666308144	3.314393036914926	0.7106679556906089
470	700.1295882619204	13.784544001315677	3.314391140819276	0.7107662604335842
471	701.1295882619204	13.782722233385314	3.3143833179949174	0.7108585300376721
472	702.1295882619204	13.780889546138956	3.3143696562507596	0.7109501348805507
473	703.1295882619204	13.779037768838183	3.3143494319537945	0.7110413413061507
474	704.1295882619204	13.777167585270835	3.314323204082728	0.7111322341744055
475	705.1295882619204	13.775277194265499	3.3142904204155	0.7112227882142549
476	706.1295882619204	13.773368646556438	3.314251952183963	0.7113130847624307
477	707.1295882619204	13.771440380335665	3.314206689516667	0.7114029665119304
478	708.1295882619204	13.769493158571832	3.314155534733351	0.7114925879634207
479	709.1295882619204	13.767525641880566	3.314097789754699	0.7115818687163122
480	710.1295882619204	13.765538499305343	3.3140337594387193	0.7116708398968321
481	711.1295882619204	13.763645723986885	3.313967249412733	0.7117544241737471
482	712.1295882619204	13.76174376739808	3.313895796798227	0.7118374446650856
483	713.1295882619204	13.759823406916263	3.3138183289657865	0.7119201480357451
484	714.1295882619204	13.757885683387167	3.313734965396948	0.712002506290931
485	715.1295882619204	13.755929529825647	3.3136458727405107	0.7120846106417614
486	716.1295882619204	13.753955790940429	3.313551142556755	0.7121664372503931
487	717.1295882619204	13.751963620033283	3.313450252744411	0.7122479179346264
488	718.1295882619204	13.749952550205691	3.3133433570050315	0.7123291101038837
490	720.1295882619204	13.745875536718932	3.313112083674807	0.712490650492732
491	721.1295882619204	13.74392323778796	3.3129945622530093	0.7125665816937645
492	722.1295882619204	13.741963244544785	3.312872514092819	0.7126419597275916
493	723.1295882619204	13.739985785293266	3.3127445317958713	0.7127169885656081
494	724.1295882619204	13.737991234607422	3.312611303840819	0.7127917970520581
495	725.1295882619204	13.73598049949417	3.312472802837774	0.7128663324041018
496	726.1295882619204	13.733951847645667	3.3123285339509376	0.7129405781830752
497	727.1295882619204	13.731906370620571	3.3121788111072474	0.7130145454524665
498	728.1295882619204	13.72984334609141	3.3120237643267836	0.7130882998690196
499	729.1295882619204	13.727762714173199	3.3118630526531603	0.7131617713106234
500	730.1295882619204	13.725664048877414	3.3116966250473023	0.713234971075033
501	731.1295882619204	13.723662784186745	3.311534261543527	0.7133040060902646
502	732.1295882619204	13.721925672298436	3.311500186599241	0.7133869653486963
503	733.1295882619204	13.720226177442486	3.311486913648874	0.713472471347357
504	734.1295882619204	13.718510453090047	3.3114681310961935	0.7135576554833073
505	735.1295882619204	13.71677853615514	3.311444073630424	0.7136425665950068
506	736.1295882619204	13.715031231440346	3.3114147429595318	0.7137271633661516
507	737.1295882619204	13.713267872244497	3.3113802135918675	0.7138114967261578
508	738.1295882619204	13.711487978797933	3.3113405267930527	0.7138956007455817
509	739.1295882619204	13.709691362471013	3.3112953321212673	0.7139794099008893
510	740.1295882619204	13.707878527613437	3.3112448637281506	0.7140629486048813
511	741.1295882619204	13.706146284637864	3.311192113035245	0.7141418180040442
512	742.1295882619204	13.704405328752328	3.3111346319922608	0.7142201410761713
513	743.1295882619204	13.702650370430513	3.311072418283798	0.7142981929977361
514	744.1295882619204	13.700880571520669	3.3110053797497665	0.7143759977215435
515	745.1295882619204	13.69909549664891	3.3109332951663957	0.7144535303738264
516	746.1295882619204	13.697295586574933	3.31085652899318	0.7145308467706674
518	748.1295882619204	13.693648815904805	3.310687399276021	0.7146846239000917
519	749.1295882619204	13.691802408395501	3.3105957161698862	0.7147612081865946
520	750.1295882619204	13.689939767315526	3.3104986929623283	0.7148375076976381
521	751.1295882619204	13.688159504746736	3.3104021754827366	0.7149096346734299
522	752.1295882619204	13.686371724381878	3.310301514263023	0.7149812781529584
523	753.1295882619204	13.684569899172857	3.3101960425733368	0.7150526350953438
524	754.1295882619204	13.682754376530367	3.3100860350218295	0.7151237467772458
525	755.1295882619204	13.680924360679501	3.3099715848672426	0.7151946750658342
526	756.1295882619204	13.67908024350329	3.3098523669389097	0.7152653293517894
528	758.1295882619204	13.675346989174644	3.3095998216235962	0.7154060003340681
529	759.1295882619204	13.673458280437648	3.3094665117001663	0.7154759986777055
530	760.1295882619204	13.671554961628985	3.3093284229713835	0.7155457477508117
531	761.1295882619204	13.669734311733462	3.30919325670102	0.715611820480363
532	762.1295882619204	13.66790647089055	3.309053745290512	0.7156773475837447
533	763.1295882619204	13.666065722676802	3.3089102898681104	0.7157427151027904
534	764.1295882619204	13.664211651270874	3.308762379668666	0.715807834443881
535	765.1295882619204	13.662344182670575	3.308610300539575	0.715872771421846
536	766.1295882619204	13.660462837542747	3.308453735661464	0.7159374827159736
537	767.1295882619204	13.658567480309266	3.3082924925253545	0.7160019338734087
538	768.1295882619204	13.656658284963214	3.3081271590776407	0.7160662431260925
539	769.1295882619204	13.654735802293143	3.307957482588346	0.7161303270108056
540	770.1295882619204	13.652798259185033	3.3077828966386105	0.716194155993092
541	771.1295882619204	13.65094305745779	3.3076130983673586	0.7162547194433289
542	772.1295882619204	13.64908278094266	3.307439643418116	0.7163147737347055
543	773.1295882619204	13.647210195813807	3.3072625545520435	0.7163747033768347
544	774.1295882619204	13.645324265666199	3.307081029424111	0.7164343890788137
545	775.1295882619204	13.643425372993702	3.306895267948187	0.7164938541423608
546	776.1295882619204	13.641513479625859	3.306705496010474	0.7165531495987095
547	777.1295882619204	13.639588755907788	3.3065117653656317	0.7166122778129665
548	778.1295882619204	13.637651017864993	3.3063138057320867	0.7166711899634439
549	779.1295882619204	13.635699521373398	3.3061115020904595	0.7167299003049384
550	780.1295882619204	13.63373503109386	3.305904954887299	0.7167883905056649
551	781.1295882619204	13.631851703208138	3.3057046171871214	0.7168439760793234
552	782.1295882619204	13.62996444492699	3.3055010484304086	0.7168990829888594
553	783.1295882619204	13.628065363684046	3.305293903020701	0.7169540513365006
554	784.1295882619204	13.626153552882451	3.305082552845681	0.7170087926490856
555	785.1295882619204	13.624230024658782	3.3048677007428484	0.7170634062102228
556	786.1295882619204	13.622468998383301	3.3047330641129293	0.7171268874722344
557	787.1295882619204	13.620769100118505	3.3046295468315336	0.7171939202438307
559	789.1295882619204	13.617332628921737	3.3044109797453873	0.7173274644260718
560	790.1295882619204	13.615594981916745	3.304295313537864	0.7173938988299267
561	791.1295882619204	13.613927723967508	3.30418166088921	0.7174570778730821
562	792.1295882619204	13.61225484404477	3.304064315716954	0.7175197668559656
563	793.1295882619204	13.610571886283582	3.303943743660388	0.7175823017314604
564	794.1295882619204	13.608876619041054	3.303819073983885	0.717644611125521
565	795.1295882619204	13.607170028803202	3.3036905915767933	0.7177067049815
566	796.1295882619204	13.60545172735751	3.3035587507968	0.717768702572755
567	797.1295882619204	13.60372204332715	3.3034226122822186	0.7178303825600534
568	798.1295882619204	13.601980047715154	3.3032829803183867	0.7178919688008915
569	799.1295882619204	13.600225630240395	3.303139408703987	0.7179533702641994
570	800.1295882619204	13.598459965167008	3.30299202740491	0.7180145532965911
571	801.1295882619204	13.596764182127519	3.3028478604165254	0.7180727604156377
572	802.1295882619204	13.595064367783586	3.3027006271771113	0.7181305282833503
573	803.1295882619204	13.593353780560495	3.30255008928305	0.7181881611246381
574	804.1295882619204	13.591631554015253	3.3023957452548833	0.718245595744566
575	805.1295882619204	13.589899465156233	3.302237975806706	0.7183028211033631
577	807.1295882619204	13.586400139844976	3.301911571603373	0.7184168100865909
578	808.1295882619204	13.584633618633852	3.3017430229723432	0.7184735547998171
579	809.1295882619204	13.58285589044425	3.3015706691666984	0.7185300789889879
580	810.1295882619204	13.581066621893223	3.301395022309414	0.718586511816467
581	811.1295882619204	13.579347256212735	3.3012236972369067	0.7186402009378519
582	812.1295882619204	13.577624420692974	3.3010495659458474	0.7186934763625855
583	813.1295882619204	13.575891025745458	3.3008722106438566	0.7187466223450509
584	814.1295882619204	13.574147432125889	3.300691553728461	0.7187996029567045
585	815.1295882619204	13.572393438997963	3.300507448665439	0.7188523969751649
586	816.1295882619204	13.570628620088916	3.3003197936547437	0.718905004856291
587	817.1295882619204	13.568852248209948	3.3001287739135003	0.7189575055350256
588	818.1295882619204	13.567066631316985	3.2999344402966178	0.7190097878698851
589	819.1295882619204	13.56526936246364	3.2997366525491794	0.7190619489042571
590	820.1295882619204	13.56346035892037	3.2995353100321845	0.719113971176878
591	821.1295882619204	13.561722458635488	3.2993395745685117	0.7191634589662528
592	822.1295882619204	13.559980551593053	3.2991415869289478	0.7192126809824402
593	823.1295882619204	13.558229793111476	3.298940454143922	0.7192616994836704
594	824.1295882619204	13.55646803411011	3.298735973024063	0.7193105842112667
595	825.1295882619204	13.554696412017787	3.298528365962245	0.7193593233683002
596	826.1295882619204	13.5529149666997	3.2983175517822523	0.7194078971823566
597	827.1295882619204	13.551122934520789	3.298103485513631	0.7194563364268141
598	828.1295882619204	13.549320969715133	3.2978861653542495	0.7195046060270963
599	829.1295882619204	13.547507853930956	3.2976654168040245	0.7195527326563184
600	830.1295882619204	13.545685121718643	3.297441527072034	0.7196006975321397