1	612.7999228970508	0.9907072017750428	0.0022309763017432827	0.0066567935100902455
2	615.7999228970508	1.3987944892038426	0.006291718591770767	0.013296300621512108
3	618.7999228970508	1.7103970534682393	0.011525053004104937	0.01991872062105498
4	621.7999228970508	1.9092073691977294	0.016060239984343215	0.024866483692479676
5	624.7999228970508	2.131144910871392	0.02238042688320326	0.031043510960366366
6	627.7999228970508	2.3308383221102806	0.029335851815688187	0.037205059370032725
7	630.7999228970508	2.513608995466457	0.03686246936082225	0.043351302574237915
8	633.7999228970508	2.682930751949496	0.04491018747816462	0.0494824111107041
9	636.7999228970508	2.841221178602346	0.053438355049859464	0.05559855269054443
10	639.7999228970508	2.990243935531757	0.06241307401944812	0.06169989196858976
11	642.7999228970508	3.080472467711413	0.06833470088001649	0.06557516842666969
12	645.7999228970508	3.168026528380195	0.07449836084951708	0.06951417233265264
13	648.7999228970508	3.292327243259046	0.08377147251083687	0.07521571742587185
14	651.7999228970508	3.4113935944135583	0.09336540184432514	0.08090392463330189
15	654.7999228970508	3.5257641453164292	0.10326426349701774	0.08657893583790771
16	657.7999228970508	3.635889886687726	0.11345372557264466	0.09224089075142003
17	660.7999228970508	3.7319085797066216	0.12288454554524687	0.09733784341555934
18	663.7999228970508	3.7988650271368796	0.1297991288390839	0.1010027882122935
19	666.7999228970508	3.863837824156534	0.1368250290899285	0.10467961293259091
20	669.7999228970508	3.9269785931197743	0.1439836893260826	0.10838525709570064
21	672.7999228970508	4.018021073769479	0.15450898164331103	0.11367290751483365
22	675.7999228970508	4.106539604834668	0.16524231355838728	0.11894897384577292
23	678.7999228970508	4.192699719645751	0.17617625221443317	0.12421357349406908
24	681.7999228970508	4.260269186840772	0.1850988189281384	0.12843460522473482
25	684.7999228970508	4.315936152118425	0.19271504086141253	0.13199456487204503
26	687.7999228970508	4.37030201352359	0.20041644645469886	0.13556180902836726
27	690.7999228970508	4.423408099492793	0.20821291443138953	0.13914451870229763
28	693.7999228970508	4.47529214097861	0.2161113010058982	0.14274849417569316
29	696.7999228970508	4.542989144110246	0.22649667903678042	0.14737899414786773
30	699.7999228970508	4.614121435455439	0.23771400068291063	0.15229343752617872
31	702.7999228970508	4.664339094370496	0.24587258475560975	0.15582439146816168
32	705.7999228970508	4.712420251574269	0.25389955695549804	0.1592697791705844
33	708.7999228970508	4.759565000738059	0.2619944309329697	0.16271974167809064
34	711.7999228970508	4.805797335016514	0.2701641131559625	0.16617957960450852
35	714.7999228970508	4.8511396285498485	0.27841360496330086	0.1696532279648921
36	717.7999228970508	4.895612919804901	0.28674675499157487	0.1731437774282816
37	720.7999228970508	4.941595261168416	0.2954664181816645	0.17674877159402322
38	723.7999228970508	4.984791133074673	0.30366338340902405	0.18007810400616509
39	726.7999228970508	5.027257492080281	0.31190833305179344	0.18340505277054073
40	729.7999228970508	5.069011177868672	0.3202086750256773	0.18673481391384936
42	735.7999228970508	5.150442792916	0.3369942069128842	0.19341640908431518
43	738.7999228970508	5.190149780412065	0.3454860265827698	0.19677324340138364
44	741.7999228970508	5.223127035339818	0.35270343537940774	0.1996156326822615
45	744.7999228970508	5.251588220326269	0.35907568014995356	0.20212069123982612
46	747.7999228970508	5.2829263200233045	0.366126947994247	0.20486727473180416
47	750.7999228970508	5.320428331782875	0.37450323779572214	0.20807716778246943
48	753.7999228970508	5.357378583647733	0.3829291528499825	0.21129126453114644
49	756.7999228970508	5.39378750484787	0.3914074538262141	0.21451156316955414
50	759.7999228970508	5.429665199115137	0.39994036874453176	0.217739709941814
51	762.7999228970508	5.457028282050555	0.4065766835887791	0.22024279659552728
52	765.7999228970508	5.48339867689402	0.41309708444303744	0.2226987377446444
53	768.7999228970508	5.509281331675248	0.41962960015172385	0.22515760143461616
54	771.7999228970508	5.5346864529707345	0.4261807209721897	0.22762304341046416
55	774.7999228970508	5.561412049863677	0.43313515532402014	0.2302257039749172
56	777.7999228970508	5.594549427408195	0.44158162617913627	0.23332502868103586
57	780.7999228970508	5.625256003140285	0.4495502242786537	0.23623888023810177
58	783.7999228970508	5.650222009272598	0.4561407946726758	0.2386430829442079
59	786.7999228970508	5.674784302081691	0.4627372402855385	0.24104634022394275
60	789.7999228970508	5.698946021800044	0.46934470410584755	0.2434517085935601
61	792.7999228970508	5.722716394014979	0.4759685730045945	0.24586205266366964
62	795.7999228970508	5.746106345316718	0.4826138557230302	0.24827990778820536
63	798.7999228970508	5.769125849144374	0.48928494393126254	0.25070747777951813
64	801.7999228970508	5.788879778200792	0.49512040784026967	0.2528318285548023
65	804.7999228970508	5.8114450552503625	0.5015600748022978	0.25512573620251294
66	807.7999228970508	5.834416211763139	0.5081771369328334	0.257473871512633
67	810.7999228970508	5.8570530621874655	0.5148043976967194	0.2598235654967712
68	813.7999228970508	5.879364283751014	0.5214464229371341	0.26217710968241936
69	816.7999228970508	5.9013583514936965	0.5281072150810385	0.2645364749669105
70	819.7999228970508	5.923043473196359	0.5347903234114196	0.266903377027772
71	822.7999228970508	5.940394860391134	0.5402278918748546	0.26882963220542755
72	825.7999228970508	5.957177541047376	0.5455768731108076	0.27072655533067724
73	828.7999228970508	5.973656417809686	0.5509245269715973	0.2726260278733441
74	831.7999228970508	5.989854058305629	0.5562797786899085	0.27453168821544366
76	837.7999228970508	6.031578134947613	0.5695326782070437	0.2791278292452244
77	840.7999228970508	6.051002009189113	0.5758455986472693	0.2813158507361563
78	843.7999228970508	6.067343102986591	0.5812363413751562	0.2831846145283605
79	846.7999228970508	6.083426508162949	0.5866234966958336	0.2850536701098069
80	849.7999228970508	6.09925018548973	0.5920098293926653	0.28692468798628357
81	852.7999228970508	6.114818551264867	0.5973990404743758	0.2887994719328175
82	855.7999228970508	6.130136359300413	0.6027946642939338	0.29067970642272073
83	858.7999228970508	6.145210162564605	0.608200122309465	0.29256691455538975
84	861.7999228970508	6.158653200307005	0.613083397908861	0.29427221285704036
85	864.7999228970508	6.174290605604935	0.6184811889178916	0.2961112291784212
86	867.7999228970508	6.189703260665767	0.6238759496363835	0.2979503249438498
87	870.7999228970508	6.204892412168175	0.6292704956173266	0.2997909805307953
88	873.7999228970508	6.219862578620158	0.6346680767666948	0.30163470837394535
89	876.7999228970508	6.234618797805648	0.64007184961023	0.30348293202825943
90	879.7999228970508	6.2491656923258505	0.645484559114163	0.3053368820779708
91	882.7999228970508	6.2611988396937335	0.6500315868707784	0.3068968375476522
92	885.7999228970508	6.272866188744775	0.6545102423734611	0.30843657532431534
93	888.7999228970508	6.284326678294111	0.6589837813131229	0.3099783924463294
94	891.7999228970508	6.29558053991539	0.6634545681563452	0.3115235283113582
95	894.7999228970508	6.308476572981632	0.6684286845760318	0.3132175099485538
96	897.7999228970508	6.322680306452486	0.6738158311533762	0.3150325552667866
97	900.7999228970508	6.336095110809816	0.6789757363082537	0.3167728963353413
98	903.7999228970508	6.347653202958673	0.6834836148717517	0.31829540181720717
99	906.7999228970508	6.359032972516084	0.687985629452824	0.3198186152477309
100	909.7999228970508	6.37023174253737	0.6924833024752896	0.32134350226154784
101	912.7999228970508	6.3812511978710855	0.6969789510667039	0.32287117195164977
102	915.7999228970508	6.392094008095488	0.7014751072477275	0.3244027739628246
103	918.7999228970508	6.4027635376466066	0.7059740791283206	0.32593930943861055
104	921.7999228970508	6.4122804689646395	0.7100538862441061	0.32733635902828134
105	924.7999228970508	6.420973592862228	0.7138439192713021	0.3286380380080768
106	927.7999228970508	6.4316240745376385	0.7182289472733279	0.3301092555636707
107	930.7999228970508	6.442543140080452	0.7227315797895155	0.331615746805789
108	933.7999228970508	6.453304907164552	0.7272327854817228	0.333124606270532
109	936.7999228970508	6.463912857667359	0.7317348401522876	0.33463679279608366
110	939.7999228970508	6.474369057430642	0.7362396550097032	0.3361531631696179
111	942.7999228970508	6.483233096583778	0.7401148805879814	0.33746050204287065
112	945.7999228970508	6.491843722639435	0.7439359903521944	0.3387528530625575
113	948.7999228970508	6.500306004433339	0.7477511975619783	0.3400468562288424
114	951.7999228970508	6.508619115786478	0.7515619487088948	0.34134329387028306
115	954.7999228970508	6.516784378413853	0.7553700743450227	0.3426430065594628
116	957.7999228970508	6.524803138252697	0.759177402363675	0.34394682753496525
117	960.7999228970508	6.534133505833319	0.7633535874127365	0.345345018416994
118	963.7999228970508	6.54276065092355	0.7671966748392828	0.34662599345666206
119	966.7999228970508	6.551258256815588	0.7710338698709689	0.347907815190712
120	969.7999228970508	6.559623265309654	0.7748656524130436	0.349190935334723
121	972.7999228970508	6.5678563624293655	0.7786936853687358	0.35047613847708303
122	975.7999228970508	6.5759590258333205	0.7825196367605519	0.3517641649149138
123	978.7999228970508	6.583933349740044	0.786345290949961	0.3530557696238958
124	981.7999228970508	6.591136517948497	0.7898558929358769	0.3542444087377445
125	984.7999228970508	6.597779826858766	0.7931460178165411	0.3553618302133167
126	987.7999228970508	6.604299103713501	0.7964295182743922	0.3564807334224433
127	990.7999228970508	6.610693458554194	0.7997074086466995	0.3576016786796093
128	993.7999228970508	6.617378779087195	0.8031061586631215	0.35875867427639724
129	996.7999228970508	6.6253891370212745	0.8069368603876624	0.36003407954433025
130	999.7999228970508	6.633285531531433	0.8107674688863137	0.3613125703989985
131	1002.7999228970508	6.64010691047558	0.8141233962727574	0.3624354021830989
132	1005.7999228970508	6.646743611669211	0.8174355926629259	0.36354658171841564
133	1008.7999228970508	6.65326921753203	0.8207419038236001	0.36465901859977884
134	1011.7999228970508	6.6596828958189915	0.8240432901070522	0.3657732367906743
135	1014.7999228970508	6.6659856010371055	0.827341098405349	0.3668898320284532
136	1017.7999228970508	6.672177837273198	0.8306366064080234	0.3680093915618841
137	1020.7999228970508	6.678060867649802	0.8338217663378206	0.3690951200920274
138	1023.7999228970508	6.683266116994885	0.8366888033165517	0.37007576998536396
139	1026.7999228970507	6.688368079506296	0.8395496006062675	0.3710578658516898
140	1029.7999228970507	6.693891281643474	0.842566604554956	0.372084034646628
141	1032.7999228970507	6.700292794571533	0.8458805502479655	0.37319060886415395
142	1035.7999228970507	6.7065953831103124	0.8491916173632248	0.3742993228156857
143	1038.7999228970507	6.712799434049597	0.8525007933824119	0.37541063271089736
144	1041.7999228970507	6.7184605080736155	0.8555662930460017	0.37644310429103545
145	1044.7999228970507	6.723721467398586	0.8584589686725566	0.3774203182156136
146	1047.7999228970507	6.728887262975796	0.8613454829722076	0.37839864885045355
147	1050.7999228970507	6.7339585465776555	0.8642268524468193	0.3793785446073313
148	1053.7999228970507	6.738933575360946	0.8671036318631428	0.3803603849029703
149	1056.7999228970507	6.74381391443797	0.8699771117828998	0.3813446846758022
151	1062.7999228970507	6.752774136402234	0.8753993140451117	0.3832122880159903
152	1065.7999228970507	6.756939425312925	0.8779562864864533	0.3840947011975394
153	1068.7999228970507	6.762140091756934	0.8808596880173661	0.3850685237104272
154	1071.7999228970507	6.767254679170942	0.8837584244526562	0.38604372207311954
155	1074.7999228970507	6.772283005855967	0.8866531889264624	0.3870206432881514
156	1077.7999228970507	6.777226060283339	0.8895451250984598	0.3879997630720163
157	1080.7999228970507	6.781942398519692	0.8923498185361756	0.3889524320355617
158	1083.7999228970507	6.786162723406505	0.8949012435933029	0.38982195114931484
159	1086.7999228970507	6.79030293005314	0.8974470045702184	0.3906925333615634
160	1089.7999228970507	6.794360991738647	0.8999873210061177	0.39156441984434015
161	1092.7999228970507	6.798336495871198	0.9025228464588955	0.39243794786655195
162	1095.7999228970507	6.802229531063004	0.9050543862870093	0.393313491220176
163	1098.7999228970507	6.806040410676932	0.9075827724811988	0.39419142148401065
164	1101.7999228970507	6.809525866967216	0.909942289913016	0.3950139418227381
165	1104.7999228970507	6.813206515033456	0.9123209270197838	0.39583257580542663
166	1107.7999228970507	6.817415078548322	0.9148861462126048	0.3967005138318946
167	1110.7999228970507	6.821548715348152	0.9174464749431923	0.39756962847978167
168	1113.7999228970507	6.825607488170928	0.9200023526767236	0.3984401328968919
169	1116.7999228970507	6.829592069181372	0.9225549812318254	0.3993125341191507
170	1119.7999228970507	6.833501967009785	0.9251046806551408	0.40018702446708887
171	1122.7999228970507	6.836956075194401	0.9273970985512592	0.4009760115391648
172	1125.7999228970507	6.840307495502669	0.9296618460272683	0.40175827523863455
173	1128.7999228970507	6.843587935366766	0.9319213653428451	0.4025416895455164
174	1131.7999228970507	6.84679670584269	0.9341759646226163	0.40332645078614476
175	1134.7999228970507	6.849933398482865	0.9364263879188757	0.40411292689070283
176	1137.7999228970507	6.852998316152801	0.938673179848601	0.40490135734903976
177	1140.7999228970507	6.855913527677915	0.9408576096082805	0.40567105274806464
178	1143.7999228970507	6.858790951980318	0.9429460604169394	0.40640096703081474
179	1146.7999228970507	6.862229787102932	0.9452316233753084	0.4071818720382428
180	1149.7999228970507	6.8656032698634615	0.9475121235197236	0.4079636982270997
181	1152.7999228970507	6.86891162662629	0.9497884264120336	0.40874682558479
182	1155.7999228970507	6.87215467399803	0.9520609057113446	0.4095314461560778
183	1158.7999228970507	6.875331799718181	0.9543299957222348	0.4103178034578986
184	1161.7999228970507	6.878260322800248	0.9564613660016866	0.41105910503724113
185	1164.7999228970507	6.88099576029607	0.9584914935089844	0.41176783715278126
186	1167.7999228970507	6.883670007128319	0.9605168406573164	0.41247761975890823
187	1170.7999228970507	6.886281376771957	0.9625373452427667	0.4131885450449458
188	1173.7999228970507	6.88882973105814	0.9645534213763067	0.41390081717943705
189	1176.7999228970507	6.891314748623293	0.9665655988151975	0.4146147007852802
190	1179.7999228970507	6.893737131491043	0.9685746258579861	0.41533049237603736
191	1182.7999228970507	6.89588299988202	0.9703978351662433	0.4159828089656002
192	1185.7999228970507	6.898481660016473	0.972372668562901	0.41667234587026686
193	1188.7999228970507	6.9012580496247375	0.9744194743531992	0.41738144363479646
194	1191.7999228970507	6.9039767138164425	0.9764617925823352	0.4180915453743186
195	1194.7999228970507	6.906637525972582	0.9785001341215948	0.41880289404157955
196	1197.7999228970507	6.909240545288844	0.9805350032127212	0.41951571820703915
197	1200.7999228970507	6.911726036928732	0.9825184402007444	0.42021315408025095
198	1203.7999228970507	6.913974855044308	0.9843507588874248	0.4208598860401116
199	1206.7999228970507	6.916169343171312	0.9861782197818167	0.4215074322782273
200	1209.7999228970507	6.918309295909008	0.98800127154979	0.4221560115162214
201	1212.7999228970507	6.920393738982205	0.9898198943579423	0.4228056891809863
202	1215.7999228970507	6.922422330291918	0.9916347684639356	0.4234567913257342
203	1218.7999228970507	6.924395262255427	0.9934460481270433	0.4241093865228891
204	1221.7999228970507	6.926209119481217	0.9951557755471553	0.4247280234329538
205	1224.7999228970507	6.9278961589723895	0.9967898500948281	0.4253218420866363
206	1227.7999228970507	6.929934496903623	0.9985524272222084	0.425948595563174
207	1230.7999228970507	6.932183772083445	1.000396912359223	0.4265969281731113
208	1233.7999228970507	6.934382387694242	1.0022377279871615	0.42724639717262175
209	1236.7999228970507	6.936529711706285	1.0040748748810557	0.427897055029539
210	1239.7999228970507	6.938625640164804	1.0059088288438955	0.42854912419717917
211	1242.7999228970507	6.9405009415351	1.0075868127588017	0.42914801289072213
212	1245.7999228970507	6.942312731017548	1.0092460507945988	0.42974252748267644
213	1248.7999228970507	6.944076062843861	1.0109008734856246	0.43033785525171747
214	1251.7999228970507	6.945789879225555	1.0125513777135882	0.4309341148984526
215	1254.7999228970507	6.947454594234253	1.0141980398888928	0.4315314954706807
216	1257.7999228970507	6.9490697989762715	1.0158412041379086	0.4321301806414941
217	1260.7999228970507	6.950602013390226	1.0174456120592223	0.43271727137790117
218	1263.7999228970507	6.951984145759921	1.0189362183519535	0.43326506771478024
219	1266.7999228970507	6.9533202343018985	1.0204225354368528	0.4338136954430577
220	1269.7999228970507	6.954625817983694	1.0219098226425005	0.434364429953435
221	1272.7999228970507	6.95645274256069	1.0235820526251393	0.4349609532602184
222	1275.7999228970507	6.958233543443953	1.025250385661461	0.43555839493915
223	1278.7999228970507	6.9599687329290285	1.0269155910112164	0.43615706078337
224	1281.7999228970507	6.961574889142975	1.0284946498475303	0.43672694332278067
225	1284.7999228970507	6.963077120809271	1.0300089708858073	0.43727560614141064
226	1287.7999228970507	6.964535856972427	1.031519004161839	0.4378249466796851
227	1290.7999228970507	6.965951414868126	1.0330251796502976	0.438375137302413
228	1293.7999228970507	6.967323233817547	1.034527606362133	0.43892626929285145
229	1296.7999228970507	6.968650861360314	1.0360264691083454	0.4394784594032055
230	1299.7999228970507	6.9699342863535305	1.037522239314329	0.44003191817546794
231	1302.7999228970507	6.971078666340924	1.0388998292928784	0.44054384692361087
232	1305.7999228970507	6.972172936488789	1.0402619570371698	0.4410522218339121
233	1308.7999228970507	6.973225998510264	1.0416203532393618	0.4415614647165968
234	1311.7999228970507	6.974236002406133	1.042974403066931	0.4420714408692787
235	1314.7999228970507	6.975204114354551	1.04432506181387	0.44258249027413576
236	1317.7999228970507	6.976628784994198	1.045839017040163	0.4431335918211063
237	1320.7999228970507	6.978003595914731	1.0473260344486386	0.443676226979203
238	1323.7999228970507	6.979252968751483	1.048714591132706	0.4441849290837764
239	1326.7999228970507	6.980464598505384	1.0500994185607428	0.4446942742731758
240	1329.7999228970507	6.981637421561553	1.0514806268795704	0.44520438493464703
241	1332.7999228970507	6.982770775192845	1.052857970461529	0.4457152075060218
242	1335.7999228970507	6.983864679835315	1.054231931126941	0.4462269529368313
243	1338.7999228970507	6.984919235488418	1.0556028877317278	0.4467397834032896
244	1341.7999228970507	6.985887672659701	1.0569074465505386	0.44722987635333467
245	1344.7999228970507	6.98678526862803	1.0581616509197256	0.44770306828919654
246	1347.7999228970507	6.987645141901723	1.0594118771053636	0.4481768751871577
247	1350.7999228970507	6.9884676549393685	1.0606584660440437	0.448651425437319
248	1353.7999228970507	6.989252219373926	1.0619015429073781	0.4491268171362564
249	1356.7999228970507	6.989998367379756	1.0631412999336618	0.4496031691319935
250	1359.7999228970507	6.990705965040534	1.0643778229933771	0.4500805339031168
251	1362.7999228970507	6.991489325473843	1.065577358272795	0.4505372807878482
252	1365.7999228970507	6.9924972637880245	1.0668528093660365	0.45101153414513645
253	1368.7999228970507	6.9934707623625405	1.068124767651185	0.4514863977879591
254	1371.7999228970507	6.994408939150637	1.069393087771615	0.45196187403911725
255	1374.7999228970507	6.995311753882884	1.0706581515002793	0.45243813378859393
256	1377.7999228970507	6.996179083053858	1.0719202697616068	0.45291532332422835
257	1380.7999228970507	6.996996122691339	1.0731564802423834	0.453384707766894
258	1383.7999228970507	6.997731409067295	1.0743156859929692	0.4538267555334697
259	1386.7999228970507	6.998433788827588	1.0754713818747454	0.45426936384690425
260	1389.7999228970507	6.9991024081593025	1.0766236015473	0.45471260846730815
261	1392.7999228970507	6.999736448439408	1.0777723134798105	0.4551565355407266
262	1395.7999228970507	7.000336572668886	1.0789178474395575	0.4556012475631499
263	1398.7999228970507	7.0009018906777145	1.0800603394515453	0.4560468662181405
264	1401.7999228970507	7.00141049158539	1.081151187379575	0.456474306152186
265	1404.7999228970507	7.00186988533361	1.0822017021738697	0.4568878669760083
266	1407.7999228970507	7.002297121354151	1.0832487727002083	0.45730201964644884
267	1410.7999228970507	7.002747535330688	1.0843113250001157	0.4577211421485802
268	1413.7999228970507	7.003492752640796	1.0854808995680463	0.4581660984771761
269	1416.7999228970507	7.004206044486643	1.0866474963925628	0.458611793756001
270	1419.7999228970507	7.004887192532967	1.0878112691678474	0.4590583130208218
271	1422.7999228970507	7.005493505203072	1.0888950178658063	0.4594758866804997
272	1425.7999228970507	7.0060650310768775	1.0899670618391233	0.4598907329626713
273	1428.7999228970507	7.0066068423115055	1.0910360156551002	0.4603061599662483
274	1431.7999228970507	7.0071175446901055	1.092101587285894	0.46072214131508815
275	1434.7999228970507	7.007596798362226	1.0931640456207907	0.4611388182199238
276	1437.7999228970507	7.008045669863029	1.094223599015227	0.46155621379136313
277	1440.7999228970507	7.008456240514573	1.0952627474433114	0.46196747401119104
278	1443.7999228970507	7.008815098573453	1.0962404609813436	0.4623561864765127
279	1446.7999228970507	7.009144741734567	1.097214935446227	0.4627454218467946
280	1449.7999228970507	7.009444679245145	1.0981862006843817	0.4631352299277556
281	1452.7999228970507	7.009715222419575	1.099154379814049	0.46352564693595055
282	1455.7999228970507	7.009955466300141	1.1001195869389664	0.46391678571918665
283	1458.7999228970507	7.0101651773001885	1.101081794647742	0.4643086551873331
284	1461.7999228970507	7.010476654573293	1.102049831780694	0.46469621353862184
285	1464.7999228970507	7.010940278453738	1.103047794761118	0.46508626238328415
286	1467.7999228970507	7.011376316790035	1.1040426128591072	0.4654767650956223
288	1473.7999228970507	7.0121651469131345	1.1060235404801941	0.4662594888918538
289	1476.7999228970507	7.012517429247027	1.1070095527384824	0.46665171197482286
290	1479.7999228970507	7.012840952453151	1.1079928874191058	0.46704468230264107
291	1482.7999228970507	7.013118517039211	1.108912600172987	0.4674138625480232
292	1485.7999228970507	7.013367760360239	1.1098224248969242	0.4677807348446621
293	1488.7999228970507	7.013590344090622	1.1107293069536184	0.4681481202875473
294	1491.7999228970507	7.013785749346838	1.1116329960181535	0.46851595217466957
295	1494.7999228970507	7.013954012891644	1.1125340282457683	0.4688844582530648
296	1497.7999228970507	7.014094574708396	1.1134320805994797	0.469253544074852
297	1500.7999228970507	7.014206330542526	1.1143138350822221	0.4696176751598209
298	1503.7999228970507	7.0142864507324445	1.1151458674542483	0.46996295963798207
299	1506.7999228970507	7.014341495935954	1.1159751016850419	0.47030873826501973
300	1509.7999228970507	7.0143699144240745	1.1168012375374665	0.4706549923272229
301	1512.7999228970507	7.014372511100046	1.1176246568289507	0.4710018326240155
303	1518.7999228970507	7.014887331161513	1.119461832062902	0.4717414519995445
304	1521.7999228970507	7.01510000740348	1.1203429998199348	0.47209846327173405
305	1524.7999228970507	7.01528241159672	1.1211949825339165	0.47244519372664623
306	1527.7999228970507	7.015440391229097	1.1220439512253109	0.4727922821873271
307	1530.7999228970507	7.015574035950175	1.1228901309608803	0.4731398210425439
308	1533.7999228970507	7.0156828326926135	1.1237335955502372	0.4734878796097524
309	1536.7999228970507	7.015766963888586	1.1245744928907724	0.4738365115578947
310	1539.7999228970507	7.0158257925208085	1.1254127531957958	0.47418573419394017
311	1542.7999228970507	7.015858016332201	1.126199843779854	0.47451519050865254
312	1545.7999228970507	7.015866889968375	1.1269783554730057	0.47484260953102
313	1548.7999228970507	7.01585172029763	1.1277539206005271	0.4751704146189933
314	1551.7999228970507	7.015813209219859	1.1285270022864202	0.4754987567086018
315	1554.7999228970507	7.015749947633802	1.1292971300591779	0.4758275364226152
316	1557.7999228970507	7.015662896313395	1.1300649098039	0.476156947336219
317	1560.7999228970507	7.015552896170504	1.1308190372012572	0.4764821725197728
318	1563.7999228970507	7.015425794291291	1.1315326750124555	0.4767915092209096
319	1566.7999228970507	7.015276335570928	1.1322436516881438	0.4771012562531706
320	1569.7999228970507	7.015348043539303	1.1330344479777037	0.4774295993611062
321	1572.7999228970507	7.0154079610753675	1.1338264049542042	0.4777592277771443
322	1575.7999228970507	7.015445200547108	1.13461565592432	0.4780892558073031
323	1578.7999228970507	7.015459392857912	1.13540252221249	0.4784198472114601
324	1581.7999228970507	7.015451354540189	1.1361595072546433	0.47873936339594203
325	1584.7999228970507	7.015422029558336	1.1368922310791005	0.479050111002193
326	1587.7999228970507	7.015371629038641	1.1376222380166743	0.4793611564817383
327	1590.7999228970507	7.015299186212603	1.1383496146615544	0.4796726052360091
328	1593.7999228970507	7.015204888173892	1.1390747827460805	0.47998462512227824
329	1596.7999228970507	7.015088658354858	1.1397973144592204	0.48029704404765083
330	1599.7999228970507	7.01494981041965	1.1405173993775688	0.4806099918715395
331	1602.7999228970507	7.014797826073827	1.1411954682115604	0.48090614688201344
332	1605.7999228970507	7.014626486731563	1.141866602270089	0.4812007200512149
333	1608.7999228970507	7.014434025527109	1.1425349404075447	0.4814955792119566
334	1611.7999228970507	7.014220173267109	1.1432008227821386	0.4817908888981519
335	1614.7999228970507	7.013985060990665	1.1438640595312195	0.48208656282783174
336	1617.7999228970507	7.0137281075468545	1.144524890966043	0.48238274498008726
337	1620.7999228970507	7.013453293788494	1.1451745517666425	0.4826754697449427
338	1623.7999228970507	7.0132320256357845	1.1458112052312521	0.48295904742962137
339	1626.7999228970507	7.013152538517068	1.1465002175952699	0.48325494306795314
340	1629.7999228970507	7.01305281558032	1.1471863886586948	0.48355104303797214
341	1632.7999228970507	7.012933083607296	1.14787028620594	0.48384757359624514
342	1635.7999228970507	7.012793002770642	1.1485518212237849	0.4841445232424097
343	1638.7999228970507	7.012632914169482	1.1492311962738386	0.48444195640996623
344	1641.7999228970507	7.012458447411709	1.1498859571657147	0.4847300210503581
345	1644.7999228970507	7.012269516093901	1.1505203789209844	0.48501052637995967
346	1647.7999228970507	7.0120619251140806	1.1511525015014268	0.4852913689607023
347	1650.7999228970507	7.011834180067876	1.151781914363381	0.4855724814742798
348	1653.7999228970507	7.011587177778346	1.1524091991675778	0.48585404945484767
349	1656.7999228970507	7.011320361523123	1.1530341769066887	0.4861360383993342
350	1659.7999228970507	7.011033901596126	1.1536570034445408	0.486418504648927
351	1662.7999228970507	7.010743329108425	1.1542452313337832	0.48668669098871875
352	1665.7999228970507	7.010436299944873	1.154827078780835	0.486953352237706
353	1668.7999228970507	7.010110695649645	1.1554064984444894	0.48722030409717704
354	1671.7999228970507	7.009766236168904	1.1559837692112858	0.4874876858145933
355	1674.7999228970507	7.009402484899592	1.1565585434743977	0.4877553833962859
356	1677.7999228970507	7.009019267428431	1.1571310637341319	0.4880235135211519
357	1680.7999228970507	7.008622006851038	1.1576942345425874	0.48828870797001095
358	1683.7999228970507	7.008394895167439	1.158287109782585	0.4885546004851304
359	1686.7999228970507	7.008175235245061	1.1588860251003672	0.48882253820081256
360	1689.7999228970507	7.007937540577948	1.1594826605550406	0.48909078968725683
361	1692.7999228970507	7.00768188838778	1.1600770593340675	0.48935936987286793
362	1695.7999228970507	7.007408269463801	1.1606692885989085	0.4896283098340945
363	1698.7999228970507	7.00711610988639	1.1612593280113859	0.48989764322699575
364	1701.7999228970507	7.006815439447171	1.1618288344683307	0.49015893190444076
365	1704.7999228970507	7.006506004842838	1.1623814840576636	0.4904137444698916
366	1707.7999228970507	7.006179236689999	1.1629318964264106	0.4906688495387131
367	1710.7999228970507	7.005834497975335	1.1634796911330745	0.49092413315789285
368	1713.7999228970507	7.005472958481981	1.1640258879897454	0.49117994562709816
369	1716.7999228970507	7.0050936342178725	1.1645697979785148	0.4914360671416925
370	1719.7999228970507	7.004696296278667	1.1651115298560277	0.4916925616673642
371	1722.7999228970507	7.0043016380520955	1.1656243960554005	0.4919367146969006
372	1725.7999228970507	7.003893028877417	1.1661318935065232	0.49217960966628405
373	1728.7999228970507	7.003467623694393	1.1666371227170518	0.49242275653108614
374	1731.7999228970507	7.0030252387385925	1.167140109133938	0.49266618075612667
375	1734.7999228970507	7.002565835639228	1.1676411097266313	0.4929099953431668
376	1737.7999228970507	7.002089027382523	1.168140018762294	0.49315418476670925
377	1740.7999228970507	7.001600606268566	1.1686308659432667	0.49339582208536104
378	1743.7999228970507	7.001240652761594	1.169139919314299	0.49363612228124076
379	1746.7999228970507	7.0009144973978215	1.1696636313724749	0.49388025241481703
380	1749.7999228970507	7.000571838542594	1.1701850894415724	0.4941246183956217
381	1752.7999228970507	7.000213371820593	1.1707045139462204	0.4943692659418935
382	1755.7999228970507	6.999838424042986	1.171221779691631	0.4946141914518963
383	1758.7999228970507	6.999447046015383	1.1717372746087609	0.49485955694327566
384	1761.7999228970507	6.999051577248663	1.1722355380236147	0.49509796146199253
385	1764.7999228970507	6.99865031621941	1.1727194009201216	0.4953307204163317
386	1767.7999228970507	6.998234096855234	1.173201050031561	0.4955636301921478
387	1770.7999228970507	6.99780220226405	1.1736809017547885	0.49579691900012207
388	1773.7999228970507	6.997354521813464	1.1741586090085459	0.49603044969420856
389	1776.7999228970507	6.9968903431847105	1.174634132193805	0.49626425769370325
390	1779.7999228970507	6.996410241809847	1.1751077312584102	0.49649841370381365
391	1782.7999228970507	6.995937536958734	1.1755572436324422	0.4967218990467765
392	1785.7999228970507	6.995453126046978	1.1760021476513804	0.4969442988152772
393	1788.7999228970507	6.994953425094372	1.176444815825762	0.4971668712569335
394	1791.7999228970507	6.994438589172854	1.1768854239549313	0.49738968113936743
395	1794.7999228970507	6.993908448351487	1.1773242661613759	0.49761286636706104
396	1797.7999228970507	6.993362309024114	1.1777608684806116	0.4978362775229436
397	1800.7999228970507	6.992806685465143	1.1781908398801035	0.49805759599186
398	1803.7999228970507	6.992259777945221	1.1786010620946685	0.4982699792734719
399	1806.7999228970507	6.991816768576784	1.1790490509359393	0.498490955728366
400	1809.7999228970507	6.991394794346677	1.1795069773425269	0.49871466146743776
401	1812.7999228970507	6.990958398087884	1.1799631760528386	0.4989386929558074
402	1815.7999228970507	6.990507549481069	1.180417491811266	0.4991629881531304
403	1818.7999228970507	6.990041683319638	1.18086978322208	0.4993875290855811
404	1821.7999228970507	6.989574790946427	1.1813077662573006	0.49960612191492254
405	1824.7999228970507	6.989104845327986	1.1817333183054546	0.49981970455700936
406	1827.7999228970507	6.988621367143537	1.1821570026062844	0.5000334941464568
407	1830.7999228970507	6.988123383695514	1.1825786044446482	0.5002474707716225
408	1833.7999228970507	6.987611341487562	1.1829985677859194	0.500461791643279
409	1836.7999228970507	6.987084727800813	1.18341644785794	0.5006763066980499
410	1839.7999228970507	6.986543627429491	1.1838324898034576	0.5008911149651406
411	1842.7999228970507	6.986012817389316	1.1842283306076362	0.5010966704337043
412	1845.7999228970507	6.985472326793783	1.1846198644510348	0.5013011292558327
413	1848.7999228970507	6.984917531151852	1.185009367585795	0.5015057873859419
414	1851.7999228970507	6.9843495461234015	1.1853971959264797	0.5017107166254728
415	1854.7999228970507	6.983767203325695	1.1857829775440047	0.5019158447426731
416	1857.7999228970507	6.983170902294689	1.1861670524396086	0.5021212882514737
417	1860.7999228970507	6.982566802861692	1.1865451979866022	0.5023248176731722
418	1863.7999228970507	6.981973522247226	1.186906751526671	0.5025205787933046
419	1866.7999228970507	6.98136687875302	1.1872661453989868	0.5027164209692969
420	1869.7999228970507	6.980748084316772	1.187624157890784	0.502912587609957
421	1872.7999228970507	6.980253596959772	1.188026516875954	0.5031186098172251
422	1875.7999228970507	6.979745694313789	1.1884272264226805	0.5033249300485886
423	1878.7999228970507	6.97922432744133	1.1888260649372435	0.5035314592327672
424	1881.7999228970507	6.978703982492403	1.1892126949120603	0.5037327741556767
425	1884.7999228970507	6.9781828255149465	1.1895883713520325	0.5039295376421958
426	1887.7999228970507	6.977649239946812	1.1899625114730514	0.504126577610759
427	1890.7999228970507	6.977102653756291	1.190334704729363	0.5043237625848122
428	1893.7999228970507	6.976543266580927	1.1907053129425542	0.5045212325733421
429	1896.7999228970507	6.975971178306176	1.1910741865958074	0.5047189181472658
430	1899.7999228970507	6.975385159393889	1.1914410624909009	0.5049167979003506
431	1902.7999228970507	6.974812121081991	1.1917909252058458	0.5051065603013474
432	1905.7999228970507	6.974230403885451	1.1921370306221102	0.5052953901312112
433	1908.7999228970507	6.973635861999401	1.1924811520497545	0.5054843400634359
434	1911.7999228970507	6.973029217049391	1.1928235190911578	0.5056734561753977
435	1914.7999228970507	6.972409741809193	1.1931644198800662	0.5058629144164098
436	1917.7999228970507	6.971777097600919	1.1935032008130413	0.5060524633751516
437	1920.7999228970507	6.971138721517217	1.1938372108465214	0.5062404399098019
438	1923.7999228970507	6.97051238071936	1.1941568225132138	0.506421470374958
439	1926.7999228970507	6.969873920781621	1.1944746642760855	0.5066026635965257
440	1929.7999228970507	6.969223600423799	1.194790928274601	0.5067840832491823
441	1932.7999228970507	6.96856060961978	1.1951052277359167	0.5069656251827028
442	1935.7999228970507	6.967885590744987	1.195418065276578	0.5071474568994238
443	1938.7999228970507	6.967251790460532	1.195747018510796	0.5073331600537229
444	1941.7999228970507	6.966692071398819	1.19608957110001	0.507519270645693
445	1944.7999228970507	6.96613336948726	1.1964226884177067	0.5077013331607648
446	1947.7999228970507	6.965563129040077	1.196754118302593	0.5078835500768573
447	1950.7999228970507	6.964981410990542	1.1970841920920567	0.5080660585187786
448	1953.7999228970507	6.964387596084713	1.1974123315149163	0.5082486592034158
449	1956.7999228970507	6.9637822395688325	1.1977389182188514	0.508431474573652
450	1959.7999228970507	6.963164893380712	1.1980638415439602	0.5086144913441195
451	1962.7999228970507	6.962561062522403	1.1983741232918872	0.5087903365872515
452	1965.7999228970507	6.961950010099431	1.1986810681152937	0.5089653234063237
453	1968.7999228970507	6.961327509769505	1.198986134174311	0.5091403804238885
454	1971.7999228970507	6.960693692251543	1.19928967196426	0.5093156478065052
455	1974.7999228970507	6.960048240965249	1.199591655781541	0.5094911387241524
456	1977.7999228970507	6.95939096035908	1.1998918082348875	0.5096667506153345
457	1980.7999228970507	6.9587288275263095	1.200188014247203	0.5098410747350517
458	1983.7999228970507	6.958079807352458	1.200471369446833	0.5100090113493274
459	1986.7999228970507	6.957419743871645	1.2007532698391303	0.5101771709643153
460	1989.7999228970507	6.956748733014144	1.2010334895705623	0.5103454514367727
461	1992.7999228970507	6.9560665478425365	1.2013122997032464	0.5105139854429209
462	1995.7999228970507	6.955372847549865	1.2015894365742676	0.5106826868343254
463	1998.7999228970507	6.954667963120789	1.2018650977387937	0.5108516161573793
464	2001.7999228970507	6.953968850714276	1.202132346517666	0.5110165795274166
465	2004.7999228970507	6.953274500505694	1.2023927023080867	0.5111782955234798
466	2007.7999228970507	6.952568841219453	1.2026509853547258	0.511339994284604
467	2010.7999228970507	6.951952578302274	1.202941245469435	0.5115087455141216
468	2013.7999228970507	6.951334847790147	1.2032327438912833	0.5116781612856929
469	2016.7999228970507	6.950706301928665	1.2035229922775963	0.5118478719795443
470	2019.7999228970507	6.95006717946104	1.2038117691180763	0.5120177666644762
471	2022.7999228970507	6.949442134677773	1.2040877453447318	0.5121812100655712
472	2025.7999228970507	6.94881076729511	1.2043605410145783	0.5123437960112278
473	2028.7999228970507	6.948169533105921	1.20463208745573	0.5125066078135677
474	2031.7999228970507	6.9475172647349	1.204901931046236	0.5126695393614701
475	2034.7999228970507	6.946855116712447	1.2051703519325938	0.512832625444923
476	2037.7999228970507	6.9461816701653145	1.2054370807141923	0.5129958569435745
477	2040.7999228970507	6.945503900750221	1.2057000471064685	0.5131578381757546
478	2043.7999228970507	6.944840271041907	1.2059524683193497	0.5133143173431539
479	2046.7999228970507	6.9441665641659265	1.206203130183864	0.5134708226121788
480	2049.7999228970507	6.943483047542419	1.206452566121307	0.5136275619855258
481	2052.7999228970507	6.942788802406264	1.2067002648014682	0.5137843864754605
482	2055.7999228970507	6.942084187326842	1.2069464838771873	0.5139413800023509
483	2058.7999228970507	6.941369883970848	1.2071915635243307	0.5140986377034525
484	2061.7999228970507	6.940661317155251	1.2074292502476187	0.5142523540377343
485	2064.7999228970507	6.939957908651407	1.2076607029700588	0.5144030640419167
486	2067.7999228970507	6.9392446180703455	1.2078905131933722	0.5145538376741946
487	2070.7999228970507	6.938521589819541	1.2081190816030387	0.5147048355934546
488	2073.7999228970507	6.937788451628148	1.2083460244994941	0.514855922644064
489	2076.7999228970507	6.93704522340888	1.2085716356817429	0.5150072232327627
490	2079.7999228970507	6.936291504817176	1.2087955371294876	0.5151586067192302
491	2082.7999228970507	6.935603686015692	1.2090256782397635	0.5153077862578612
492	2085.7999228970507	6.934959256463072	1.2092690722235755	0.5154594195116364
493	2088.7999228970507	6.934305620686099	1.2095111224717345	0.5156111926614033
494	2091.7999228970507	6.933642451869336	1.2097516664356616	0.5157630613610114
496	2097.7999228970507	6.932287381704255	1.2102286270765277	0.5160672649300548
497	2100.7999228970507	6.931600918585935	1.210463210602578	0.5162184143763404
498	2103.7999228970507	6.930928887178335	1.2106883417965557	0.516364487103151
499	2106.7999228970507	6.9302474620512164	1.2109118872101199	0.5165106118627948
500	2109.7999228970507	6.929556987924589	1.2111341465809533	0.5166568914279996
501	2112.7999228970507	6.92885702399384	1.2113549424897496	0.5168032836036724
502	2115.7999228970507	6.928147716094223	1.2115744984396217	0.5169498735073152
503	2118.7999228970507	6.92742898434765	1.2117926917774775	0.5170966154167561
504	2121.7999228970507	6.926716845492499	1.212004583520778	0.5172402061681854
505	2124.7999228970507	6.9260097447150235	1.2122108567250112	0.5173810520592659
506	2127.7999228970507	6.92529414635626	1.2124159873852274	0.5175220740328411
507	2130.7999228970507	6.924569245662094	1.2126193597739645	0.517663069972099
508	2133.7999228970507	6.923835087798768	1.2128217458262502	0.5178043666307396
509	2136.7999228970507	6.923091833835582	1.213022617383246	0.5179457271036306
510	2139.7999228970507	6.922339271412109	1.2132222240015458	0.5180872744314039
511	2142.7999228970507	6.92160411848344	1.2134133457943472	0.5182239253745332
512	2145.7999228970507	6.920865089114661	1.2136019724050884	0.5183598299322282
513	2148.7999228970507	6.920116681541311	1.2137891534802852	0.5184958486964514
514	2151.7999228970507	6.919359991231857	1.213975415601565	0.5186321251129925
515	2154.7999228970507	6.918593604452833	1.2141597160505835	0.5187683202427499
516	2157.7999228970507	6.9178216251620235	1.214344131982007	0.5189050143895023
517	2160.7999228970507	6.917131712084499	1.214553648902314	0.5190463080826542
518	2163.7999228970507	6.916456123599588	1.2147550162488956	0.5191830715741038
519	2166.7999228970507	6.915772357644784	1.214954946437747	0.5193198615510926
520	2169.7999228970507	6.915080103365451	1.2151537514927722	0.5194568352427024
521	2172.7999228970507	6.91437852558617	1.2153509075239253	0.5195938319929073
522	2175.7999228970507	6.91366882310821	1.2155468267535345	0.5197309384975748
523	2178.7999228970507	6.912950218789261	1.2157415476840454	0.5198682301808242
524	2181.7999228970507	6.912238466604205	1.2159309378439873	0.5200027551788136
525	2184.7999228970507	6.9115327204030805	1.2161155137767676	0.520134796841127
526	2187.7999228970507	6.91081805729645	1.216298598008488	0.5202668986939741
527	2190.7999228970507	6.910095480924809	1.2164803910189674	0.5203990714467123
528	2193.7999228970507	6.909364200855826	1.2166608523062	0.5205313577963606
529	2196.7999228970507	6.90862469185315	1.216840330849759	0.5206638718207505
530	2199.7999228970507	6.907876308396119	1.2170183746833527	0.5207964693243596
531	2202.7999228970507	6.907145502018709	1.217189064481953	0.520924622586406
532	2205.7999228970507	6.9064107894976035	1.21735742193885	0.5210520993813721
533	2208.7999228970507	6.905667868059533	1.2175247409449095	0.5211797783144839
534	2211.7999228970507	6.904917199101099	1.2176907603911185	0.5213075132880346
535	2214.7999228970507	6.904157577146026	1.2178552969144614	0.5214353172852377
536	2217.7999228970507	6.903389772597853	1.2180186660270844	0.5215632677250771
537	2220.7999228970507	6.902619729833086	1.2181797975562465	0.5216904575370774
538	2223.7999228970507	6.901866092908332	1.2183342947877274	0.5218135938866099
539	2226.7999228970507	6.901104849345457	1.2184876250326877	0.5219368325508243
540	2229.7999228970507	6.900335506981752	1.2186398321036802	0.5220602299759179
541	2232.7999228970507	6.8995579583718865	1.2187906098107277	0.522183663596098
542	2235.7999228970507	6.898772519726958	1.2189402913525402	0.5223072526969729
543	2238.7999228970507	6.898021144257207	1.219102439022825	0.5224336323518847
544	2241.7999228970507	6.8973125087500335	1.2192717865139933	0.5225598871657527
545	2244.7999228970507	6.896610607221754	1.219437145765526	0.5226839480967842
546	2247.7999228970507	6.895900960448264	1.2196010380708995	0.5228079926456887
547	2250.7999228970507	6.895183187748312	1.2197636704255364	0.5229321388385979
548	2253.7999228970507	6.89445816252469	1.2199252032259835	0.523056389656253
549	2256.7999228970507	6.893724825020061	1.2200854425539618	0.5231807427978105
550	2259.7999228970507	6.892983960501465	1.2202445527052586	0.5233052095881822
551	2262.7999228970507	6.892259652530442	1.2203973692039711	0.5234257464233997
552	2265.7999228970507	6.891532041056428	1.220548132413787	0.5235456788171584
553	2268.7999228970507	6.8907975004648145	1.220697691797512	0.5236656466884889
554	2271.7999228970507	6.890054892499335	1.220845927124759	0.5237856853584814
555	2274.7999228970507	6.889304473659774	1.2209928402571006	0.5239057765646452
556	2277.7999228970507	6.888546823297556	1.2211389795593035	0.5240261119794147
557	2280.7999228970507	6.887786759115311	1.2212828379606493	0.5241456786458689
558	2283.7999228970507	6.887042826524808	1.221420928879895	0.5242615681773748
559	2286.7999228970507	6.886291899535399	1.2215579573498987	0.5243775592807397
560	2289.7999228970507	6.8855333691378675	1.221693762182513	0.5244936295321235
561	2292.7999228970507	6.884767680226666	1.2218284637078183	0.5246097971073698
562	2295.7999228970507	6.883994018165061	1.221961910672595	0.5247260595462183
563	2298.7999228970507	6.883213209285061	1.22209417334978	0.5248423844566891
564	2301.7999228970507	6.882439620012751	1.2222229634926385	0.5249566935975251
565	2304.7999228970507	6.881674153971355	1.2223480516177923	0.5250688184067578
566	2307.7999228970507	6.880900890768607	1.2224720452849254	0.5251810930911369
567	2310.7999228970507	6.880120217539173	1.2225948447199293	0.525293445656989
568	2313.7999228970507	6.879332441606377	1.2227165827997983	0.5254059101199524
569	2316.7999228970507	6.87853707128999	1.2228369894398343	0.5255184083612774
570	2319.7999228970507	6.877734694836005	1.2229562880674127	0.5256309918385238
571	2322.7999228970507	6.877014840447694	1.223091702977426	0.525744220386708
572	2325.7999228970507	6.876296638189994	1.2232267691234544	0.5258571963655745
573	2328.7999228970507	6.875571377363552	1.2233606083292887	0.5259702084066932
574	2331.7999228970507	6.874839459667704	1.2234934523436145	0.5260833257787033
575	2334.7999228970507	6.874100110100301	1.223625182476596	0.526196557128221
576	2337.7999228970507	6.873353890975355	1.2237555861196034	0.5263097683633409
577	2340.7999228970507	6.872605454361844	1.223884310144027	0.5264224515918968
578	2343.7999228970507	6.8718732039512	1.2240080076745268	0.5265317569023311
579	2346.7999228970507	6.871134194123622	1.2241303755326607	0.5266410315414086
580	2349.7999228970507	6.870387944203824	1.2242517457209565	0.5267504555234345
581	2352.7999228970507	6.86963499404991	1.2243722300614959	0.5268600359573544
582	2355.7999228970507	6.868875091300404	1.2244914259596245	0.526969619316272
583	2358.7999228970507	6.86810830731877	1.224609549168574	0.5270792933187904
584	2361.7999228970507	6.867349171396812	1.2247244030630287	0.5271869974026907
585	2364.7999228970507	6.866596697598981	1.2248361474663416	0.5272928750697716
586	2367.7999228970507	6.865837935080443	1.2249467905160072	0.5273987848261349
587	2370.7999228970507	6.86507217047387	1.225056461192051	0.527504837326178
588	2373.7999228970507	6.864299580631148	1.225164780826531	0.5276108562774566
589	2376.7999228970507	6.863520655404238	1.2252723671626373	0.5277170703796723
590	2379.7999228970507	6.862734393681121	1.225378879312839	0.5278234101555718
591	2382.7999228970507	6.861965798789703	1.2254807592529473	0.5279264195760933
592	2385.7999228970507	6.861194990285622	1.2255812390358034	0.5280290191886742
593	2388.7999228970507	6.860417498741897	1.2256804880357188	0.5281316260030284
594	2391.7999228970507	6.859633371145399	1.225778813112401	0.528234368940654
595	2394.7999228970507	6.858843078796013	1.2258761203405888	0.5283371715615801
596	2397.7999228970507	6.858045762181133	1.225972390428792	0.5284400920772206
597	2400.7999228970507	6.857246709666472	1.2260666902286992	0.5285423209593234
598	2403.7999228970507	6.856464949784596	1.2261575305092376	0.5286417488525141
599	2406.7999228970507	6.855684680860854	1.2262497297119568	0.5287416703801935
600	2409.7999228970507	6.854952380358015	1.2263586126196768	0.5288451085652