1	233.1295882619204	2.566302045097745	0.014681266551829842	0.016911074479756892
2	236.1295882619204	3.57200356306044	0.03979177701215526	0.03293039190879903
3	239.1295882619204	4.307348312561313	0.07012528885064469	0.04812603908410267
4	242.1295882619204	4.898775307954175	0.10367273012248944	0.06255938401568034
5	245.1295882619204	5.396338908148618	0.13926049442615882	0.0762858806809155
6	248.1295882619204	5.826240372509356	0.17611465908736817	0.08935576076094272
7	251.1295882619204	6.2043458523067665	0.21369322024012513	0.10181463139848422
8	254.1295882619204	6.541178643991181	0.25160326835779634	0.11370399311659214
9	257.1295882619204	6.844168532855477	0.28955397977664754	0.12506168962077596
10	260.1295882619204	7.1188057587278335	0.3273274366397115	0.13592230004006328
11	263.1295882619204	7.369290415054998	0.364759357200892	0.14631748188873345
12	266.1295882619204	7.598924201984564	0.4017257852785915	0.15627627268703007
13	269.1295882619204	7.810360043590899	0.43813357645614454	0.16582535309436708
14	272.1295882619204	8.00576820693396	0.47391342538813813	0.1749892818206842
15	275.1295882619204	8.186950973885915	0.509014637320403	0.1837906992256868
16	278.1295882619204	8.3554241357136	0.5434011583500693	0.1922505133286679
17	281.1295882619204	8.5124765097972	0.5770485027391621	0.20038805989907008
18	284.1295882619204	8.659214307430325	0.609941359736285	0.2082212474445039
19	287.1295882619204	8.796594871963377	0.6420717078824213	0.21576668603073873
20	290.1295882619204	8.925452761983255	0.6734373183890068	0.2230398024664956
21	293.1295882619204	9.04652021632608	0.7040405595905579	0.23005494349482167
22	296.1295882619204	9.160443424762033	0.7338874367120315	0.2368254683626164
23	299.1295882619204	9.267795614994505	0.7629868172527124	0.24336383208119
24	302.1295882619204	9.36908769068782	0.7913498038968642	0.24968166045446483
25	305.1295882619204	9.464776962317659	0.818989225261045	0.2557898177318179
26	308.1295882619204	9.555274374221137	0.8459192215791027	0.2616984677777265
27	311.1295882619204	9.640950534157524	0.872154907169854	0.26741712947056606
28	314.1295882619204	9.722140780148543	0.8977120952741028	0.27295472695231304
29	317.1295882619204	9.799149466782813	0.9226070735601718	0.27831963521113534
30	320.1295882619204	9.872253612928084	0.9468564213443493	0.2835197215821249
31	323.1295882619204	9.941706023644274	0.970476860939988	0.2885623835466796
32	326.1295882619204	10.007737975889954	0.993485137174885	0.2934545832384352
33	329.1295882619204	10.070561540355639	1.0158979199211264	0.2982028789156072
34	332.1295882619204	10.130371597663498	1.0377317257497538	0.3028134537437133
35	335.1295882619204	10.187347596399722	1.0590028555322224	0.30729214219349416
36	338.1295882619204	10.241655092163143	1.0797273451287213	0.3116444542438944
37	341.1295882619204	10.293447099907425	1.0999209268435228	0.31587559757782285
38	344.1295882619204	10.342865286271353	1.1195989999043525	0.3199904979943318
39	347.1295882619204	10.390041024270761	1.138776608387068	0.3239938181932318
40	350.1295882619204	10.435096329105113	1.1574684252942902	0.3278899750794388
41	353.1295882619204	10.47814469085908	1.1756887417170054	0.3316831557215454
42	356.1295882619204	10.51929181754236	1.1934514602036606	0.3353773320879097
43	359.1295882619204	10.558636299810479	1.2107700915696609	0.3389762746635215
44	362.1295882619204	10.596270207085212	1.2276577545314664	0.34248356504725924
45	365.1295882619204	10.632279623415904	1.24412717764571	0.34590260761760055
46	368.1295882619204	10.666745130243726	1.260190703115154	0.34923664034578933
47	371.1295882619204	10.699742242253418	1.275860292095636	0.3524887448281466
48	374.1295882619204	10.73134180166826	1.2911475311976595	0.35566185560241725
49	377.1295882619204	10.761610335640974	1.3060636399261745	0.3587587688069558
50	380.1295882619204	10.790610380794304	1.3206194788440448	0.3617821502361152
51	383.1295882619204	10.818400789709875	1.3348255594253269	0.36473454277376993
52	386.1295882619204	10.845036958512445	1.3486920489280254	0.36761837361979494
53	389.1295882619204	10.870571130017638	1.3622287856806707	0.37043596049073957
54	392.1295882619204	10.895052582414944	1.3754452849247099	0.37318951789148497
55	395.1295882619204	10.918527843139598	1.3883507493063096	0.3758811627553201
56	398.1295882619204	10.941040877286099	1.4009540785070285	0.3785129197552098
57	401.1295882619204	10.962633260552918	1.4132638788129521	0.38108672626993334
58	404.1295882619204	10.983344338305162	1.4252884726166761	0.3836044370380258
59	407.1295882619204	11.003211371977162	1.437035907774943	0.38606782851545773
60	410.1295882619204	11.022269673982994	1.4485139667937275	0.38847860295931763
61	413.1295882619204	11.040552732246043	1.459730175837738	0.39083839226061107
62	416.1295882619204	11.058092305464923	1.4706918106919085	0.3931487614859712
63	419.1295882619204	11.07491862876289	1.4814059205022738	0.3954112127808857
64	422.1295882619204	11.091060312725627	1.4918793040235776	0.3976271870581608
65	425.1295882619204	11.106544635190593	1.5021185514187694	0.3997980688625792
66	428.1295882619204	11.121397525213586	1.5121300345616762	0.40192518806947874
67	431.1295882619204	11.135643662013935	1.5219199183015895	0.4040098227855578
68	434.1295882619204	11.149306548126475	1.5314941678401968	0.4060532018432088
69	437.1295882619204	11.162408577471387	1.540858555864565	0.40805650715207564
70	440.1295882619204	11.174971098751858	1.5500186694385623	0.4100208759172865
71	443.1295882619204	11.187014474552308	1.558979916656788	0.41194740273326047
72	446.1295882619204	11.198558136476837	1.567747533063598	0.41383714156070717
73	449.1295882619204	11.209620636633716	1.576326587844482	0.41569110759503014
74	452.1295882619204	11.220219695750348	1.5847219897922664	0.41751027903218746
75	455.1295882619204	11.23037224864959	1.5929384926256487	0.41929559860801446
76	458.1295882619204	11.240094485294962	1.6009807015326518	0.4210479754840726
77	461.1295882619204	11.249401890596006	1.6088530779800156	0.422768286593573
78	464.1295882619204	11.258309281812886	1.616559944534558	0.4244573779616845
79	467.1295882619204	11.266830842989293	1.6241054900379681	0.42611606612087916
80	470.1295882619204	11.274980157520792	1.6314937743621067	0.4277451393854988
81	473.1295882619204	11.282770239249011	1.6387287331446316	0.4293453590838122
82	476.1295882619204	11.29021356076903	1.6458141820478365	0.43091746068492154
83	479.1295882619204	11.297322080324598	1.6527538209441932	0.43246215488150697
84	482.1295882619204	11.304107267377947	1.6595512380255182	0.433980128630202
85	485.1295882619204	11.310580126564405	1.6662099137144335	0.4354720461345159
86	488.1295882619204	11.316751226167627	1.6727332263116477	0.43693855004389937
87	491.1295882619204	11.322630696976573	1.6791244484510786	0.43838026133630165
88	494.1295882619204	11.328228283913864	1.6853867606589263	0.4397977815815631
89	497.1295882619204	11.333553345356078	1.6915232484295604	0.4411916928639394
90	500.1295882619204	11.338614875599013	1.6975369069039412	0.4425625587544234
91	503.1295882619204	11.343421521762936	1.7034306439638853	0.4439109250409796
92	506.1295882619204	11.347981599963639	1.709207283262142	0.4452373204310911
93	509.1295882619204	11.352303110631365	1.7148695671432466	0.44654225722229157
94	512.1295882619204	11.356393752271615	1.7204201592425625	0.4478262319158904
95	515.1295882619204	11.360260934908418	1.7258616470923702	0.44908972581356515
96	518.1295882619204	11.363911796209797	1.7311965455739926	0.4503332056981025
97	521.1295882619204	11.367353204421754	1.7364272969371803	0.45155712411548016
98	524.1295882619204	11.370591780823354	1.741556276066798	0.45276192022447004
99	527.1295882619204	11.373633903934666	1.7465857909273743	0.45394802008964813
100	530.1295882619204	11.376485723259583	1.7515180855167336	0.4551158372271389
101	533.1295882619204	11.379153169921079	1.7563553424967002	0.4562657731679818
102	536.1295882619204	11.38164196011448	1.7610996833884924	0.4573982176575403
103	539.1295882619204	11.383957612976982	1.7657531663896089	0.45851354764225755
104	542.1295882619204	11.386105443156222	1.7703178106053155	0.45961213411479435
105	545.1295882619204	11.388090586213492	1.7747955644330349	0.46069433312049246
106	548.1295882619204	11.389918015366753	1.7791883290323425	0.4617604913967353
107	551.1295882619204	11.391592503045267	1.7834979511683375	0.4628109462825815
108	554.1295882619204	11.39311867554459	1.7877262320923664	0.46384602601182284
109	557.1295882619204	11.394501001062704	1.7918749249328558	0.4648660497047547
110	560.1295882619204	11.395743795187407	1.7959457359439184	0.4658713276462451
111	563.1295882619204	11.396851228611045	1.7999403265455507	0.4668621616675774
112	566.1295882619204	11.397827332850106	1.803860314720314	0.4678388454322603
113	569.1295882619204	11.398676005703411	1.8077072763608213	0.46880166471040535
114	572.1295882619204	11.399401016478155	1.8114827465776766	0.4697508976435671
115	575.1295882619204	11.400006010366406	1.8151882208391192	0.4706868149926998
116	578.1295882619204	11.40049451554018	1.8188251567488118	0.4716096804316114
117	581.1295882619204	11.40086994834491	1.822394975938359	0.47251975094050136
118	584.1295882619204	11.401135607115352	1.8258990605446477	0.47341727626070756
119	587.1295882619204	11.401294678442005	1.829338754165884	0.47430249899127036
120	590.1295882619204	11.401350281676763	1.8327153841881365	0.47517565862533845
121	593.1295882619204	11.401305402780446	1.8360302272840714	0.47603698544862805
122	596.1295882619204	11.401162944938653	1.8392845340342758	0.47688670490926194
123	599.1295882619204	11.400925720427434	1.8424795240705367	0.477725036779962
124	602.1295882619204	11.400596453933286	1.8456163869895632	0.47855219533605103
125	605.1295882619204	11.400177785718354	1.848696283224235	0.4793683895244379
126	608.1295882619204	11.39967227468776	1.8517203449136028	0.48017382313215734
127	611.1295882619204	11.39908240128312	1.8546896767063554	0.48096869494097155
128	614.1295882619204	11.398410570290832	1.85760535656536	0.4817531988820822
129	617.1295882619204	11.397659113525167	1.8604684365346895	0.48252752418283984
130	620.1295882619204	11.396830292555615	1.8632799434990965	0.48329185550625436
131	623.1295882619204	11.395926301003989	1.8660408798870607	0.484046373090897
132	626.1295882619204	11.394949266865737	1.8687522243596586	0.484791252883168
133	629.1295882619204	11.39390140206857	1.8714149751368536	0.48552667145454914
134	632.1295882619204	11.392784415315342	1.8740299801171092	0.4862527869857306
135	635.1295882619204	11.391600398760716	1.8765981931884395	0.4869697680523458
136	638.1295882619204	11.390351239968465	1.8791205044730093	0.4876777746561771
137	641.1295882619204	11.389038771417505	1.8815977834776565	0.4883769630983033
138	644.1295882619204	11.38766477213535	1.8840308796102991	0.48906748608122963
139	647.1295882619204	11.38623097174652	1.8864206235270522	0.489749492920867
140	650.1295882619204	11.384739045517781	1.8887678251319606	0.49042312927454784
141	653.1295882619204	11.383190624642333	1.8910732774603816	0.49108853773977296
142	656.1295882619204	11.381587292566984	1.89333775512125	0.4917458576384335
143	659.1295882619204	11.37993058775288	1.8955620152625305	0.49239522517805234
144	662.1295882619204	11.378222005137701	1.8977467980396596	0.49303677353825676
145	665.1295882619204	11.376462997550163	1.8998928270709214	0.49367063295446795
146	668.1295882619204	11.374654977062379	1.9020008098766987	0.49429693079871495
147	671.1295882619204	11.372799316297224	1.9040714383062443	0.49491579165785304
148	674.1295882619204	11.370897349759984	1.9061053889789825	0.4955273374132587
149	677.1295882619204	11.368950375138494	1.9081033237185512	0.49613168731881313
150	680.1295882619204	11.366959654214428	1.910065889844332	0.49672895805767675
151	683.1295882619204	11.364926414099235	1.911993720589558	0.49731926381678593
152	686.1295882619204	11.362851848313884	1.9138874354662736	0.4979027163533322
153	689.1295882619204	11.360737117844682	1.915747640622489	0.49847942505930504
154	692.1295882619204	11.358583352147273	1.9175749291849065	0.49904949702364737
155	695.1295882619204	11.356391652743081	1.9193698825708565	0.4996130372317834
156	698.1295882619204	11.35416308418778	1.9211330670928977	0.500170148094441
157	701.1295882619204	11.351898689122256	1.9228650395522726	0.5007209302564687
158	704.1295882619204	11.349599480237979	1.9245663442185912	0.5012654821777623
159	707.1295882619204	11.347266443225525	1.9262375139113652	0.5018039002983838
160	710.1295882619204	11.344900537585296	1.9278790702864819	0.5023362790900329
161	713.1295882619204	11.342502697406962	1.9294915241134873	0.5028627111058759
162	716.1295882619204	11.340073832134012	1.9310753755478316	0.5033832870291223
163	719.1295882619204	11.337614827312473	1.9326311143991357	0.5038980957206908
164	722.1295882619204	11.335126545454616	1.9341592204389528	0.5044072242715103
165	725.1295882619204	11.332609826484305	1.935660163568911	0.5049107580364902
166	728.1295882619204	11.330065488441567	1.9371344040768292	0.5054087806794361
167	731.1295882619204	11.327494328147885	1.9385823928796415	0.5059013742157991
168	734.1295882619204	11.32489712182553	1.9400045717514418	0.5063886190531429
169	737.1295882619204	11.322274625695773	1.9414013735449631	0.5068705940304163
170	740.1295882619204	11.319627576546928	1.9427732224039698	0.5073473764558004
171	743.1295882619204	11.316956692297772	1.9441205339735503	0.50781904214383
172	746.1295882619204	11.314262676004619	1.9454437167548322	0.5082856655964465
173	749.1295882619204	11.311546203027202	1.9467431678661355	0.5087473194787292
174	752.1295882619204	11.308807940745824	1.9480192796165532	0.5092040754573752
175	755.1295882619204	11.306048536791314	1.949272435620254	0.5096560037200643
176	758.1295882619204	11.303268622444362	1.9505030119503934	0.5101031731301437
177	761.1295882619204	11.300468813096314	1.9517113773163386	0.5105456512577716
178	764.1295882619204	11.297649708693083	1.952897893235894	0.5109835044102379
179	767.1295882619204	11.294811894233375	1.9540629142304988	0.5114167976655786
180	770.1295882619204	11.29195593987931	1.9552067878575234	0.5118455948808549
181	773.1295882619204	11.289082402161542	1.9563298551908395	0.5122699587679479
182	776.1295882619204	11.286191823372885	1.9574324505907343	0.5126899508651768
183	779.1295882619204	11.283284732477238	1.9585149020560246	0.5131056315924571
184	782.1295882619204	11.28036164536898	1.9595775313297277	0.5135170602711687
185	785.1295882619204	11.277423065238185	1.9606206540439446	0.5139242951492965
186	788.1295882619204	11.274469482911373	1.9616445798572242	0.5143273934255259
187	791.1295882619204	11.27150137717985	1.9626496125877415	0.5147264112726313
188	794.1295882619204	11.268519217874296	1.9636360512121118	0.5151214039622358
189	797.1295882619204	11.265523455655014	1.9646041866733281	0.5155124254972038
190	800.1295882619204	11.262514408249963	1.965554265524763	0.5158995242842896
191	803.1295882619204	11.259492767565598	1.9664866518417834	0.5162827624072481
192	806.1295882619204	11.256458827868297	1.967401581027899	0.5166621863563832
193	809.1295882619204	11.253413002204878	1.9682993244980387	0.5170378466093383
194	812.1295882619204	11.250355693656756	1.969180148676526	0.5174097927660205
195	815.1295882619204	11.24728729560031	1.970044315106038	0.5177780735675831
196	818.1295882619204	11.244208191960617	1.9708920805540586	0.5181427369149377
197	821.1295882619204	11.241118757456526	1.9717236971163636	0.5185038298867731
198	824.1295882619204	11.238019357840946	1.9725394123185582	0.5188613987571766
199	827.1295882619204	11.23491035012183	1.9733394692115058	0.5192154890124375
200	830.1295882619204	11.231792082772259	1.9741241064666515	0.5195661453682316
201	833.1295882619204	11.228664895980245	1.9748935584732563	0.5199134117853811
202	836.1295882619204	11.225529121861324	1.9756480554310205	0.5202573314860267
203	839.1295882619204	11.222385084653922	1.9763878234368626	0.5205979469689789
204	842.1295882619204	11.219233100918894	1.9771130845715879	0.5209353000247647
205	845.1295882619204	11.216073479734353	1.9778240569847754	0.5212694317503475
206	848.1295882619204	11.212906522883792	1.9785209549771645	0.521600382563426
207	851.1295882619204	11.209732525039412	1.979203989081227	0.5219281922164077
208	854.1295882619204	11.206551773940603	1.979873366139891	0.5222528998100534
209	857.1295882619204	11.2033645505665	1.9805292893830249	0.522574543806743
210	860.1295882619204	11.200171129304596	1.9811719585024021	0.5228931620434633
211	863.1295882619204	11.196971778114273	1.9818015697247149	0.5232087917444599
212	866.1295882619204	11.193766758685841	1.982418315882867	0.5235214695335885
213	869.1295882619204	11.190556326594928	1.983022386485456	0.5238312314463526
214	872.1295882619204	11.18734073145314	1.9836139677848106	0.5241381129416836
215	875.1295882619204	11.18412021705408	1.984193242843218	0.5244421489134109
216	878.1295882619204	11.180895021515695	1.9847603915977128	0.5247433737014782
217	881.1295882619204	11.17766537742112	1.9853155909240905	0.5250418211029816
218	884.1295882619204	11.174431512846406	1.9858590126502291	0.5253375237989804
219	887.1295882619204	11.171193647892848	1.986390831789495	0.5256305156960298
220	890.1295882619204	11.167952000176765	1.9869112143385026	0.5259208284413045
221	893.1295882619204	11.164706781436879	1.9874203255267961	0.5262084937644483
222	896.1295882619204	11.161458198498647	1.9879183278085424	0.5264935429016872
223	899.1295882619204	11.158206453416488	1.9884053809322453	0.5267760066080837
224	902.1295882619204	11.154951743563938	1.9888816419799962	0.5270559151641494
225	905.1295882619204	11.151694261766515	1.98934726543275	0.5273332983873047
226	908.1295882619204	11.148434196392625	1.9898024032110724	0.5276081856387914
227	911.1295882619204	11.145171731472656	1.9902472047333768	0.5278806058338618
228	914.1295882619204	11.1419070467913	1.990681816958567	0.5281505874490734
229	917.1295882619204	11.138640317996215	1.9911063844374062	0.5284181585310981
230	920.1295882619204	11.13537171667171	1.9915210493530493	0.5286833467042918
231	923.1295882619204	11.132101410480338	1.9919259515808452	0.5289461791801331
232	926.1295882619204	11.128829563185302	1.9923212287088123	0.529206682761859
233	929.1295882619204	11.125556334789655	1.9927070160960898	0.5294648838536142
234	932.1295882619204	11.122281881631697	1.9930834469239171	0.5297208084696801
235	935.1295882619204	11.1190063564507	1.9934506522262903	0.5299744822396943
236	938.1295882619204	11.11572990847519	1.9938087609340467	0.5302259304163504
237	941.1295882619204	11.112452683384241	1.994157899841011	0.5304751778684074
238	944.1295882619204	11.109174823968878	1.9944981940011177	0.530722249154909
239	947.1295882619204	11.10589646905385	1.9948297660562821	0.530967168397996
240	950.1295882619204	11.102617754725417	1.9951527369823623	0.5312099594228529
241	953.1295882619204	11.099338813818282	1.995467225765414	0.5314506456961887
242	956.1295882619204	11.096059776123811	1.9957733495213046	0.5316892503482094
243	959.1295882619204	11.092780768440932	1.996071223519373	0.5319257961765649
244	962.1295882619204	11.089501914650375	1.996360961220503	0.5321603056530023
245	965.1295882619204	11.086223335780739	1.996642674310521	0.5323928009291554
246	968.1295882619204	11.082945150071824	1.9969164727322652	0.5326233038420997
247	971.1295882619204	11.079667473040235	1.9971824647192151	0.5328518359202036
248	974.1295882619204	11.076390417539645	1.9974407568262222	0.533078418388455
249	977.1295882619204	11.073114093814981	1.9976914539567427	0.5333030721731358
250	980.1295882619204	11.069838609569373	1.9979346593979899	0.5335258179079869
251	983.1295882619204	11.066564070010077	1.998170474845999	0.533746675938687
252	986.1295882619204	11.063290577888269	1.998399000428851	0.5339656663271252
253	989.1295882619204	11.06001823359238	1.9986203347475262	0.5341828088577938
254	992.1295882619204	11.056747135186999	1.9988345748993017	0.5343981230421365
255	995.1295882619204	11.05347737846265	1.99904181650458	0.5346116281232812
256	998.1295882619204	11.05020905698133	1.9992421537302791	0.534823343080053
257	1001.1295882619204	11.04694226212992	1.9994356793184958	0.53503328663201
258	1004.1295882619204	11.043677083166429	1.9996224846107546	0.5352414772436402
259	1007.1295882619204	11.040413607269237	1.9998026595744467	0.5354479331289939
260	1010.1295882619204	11.0371519195761	1.9999762928229334	0.5356526722551097
261	1013.1295882619204	11.033892103238419	2.000143471645454	0.5358557123473238
262	1016.1295882619204	11.03063423945599	2.0003042820249695	0.5360570708922882
263	1019.1295882619204	11.027378407523372	2.0004588086634807	0.5362567651424238
264	1022.1295882619204	11.024124684873396	2.0006071350056525	0.5364548121200564
265	1025.1295882619204	11.02087314710994	2.000749343256	0.5366512286203415
266	1028.1295882619204	11.017623868060163	2.0008855144081776	0.5368460312164883
267	1031.1295882619204	11.01437691979723	2.0010157282562977	0.5370392362615941
268	1034.1295882619204	11.011132372691646	2.0011400634239083	0.5372308598938216
269	1037.1295882619204	11.00789029544425	2.00125859738189	0.5374209180394925
270	1040.1295882619204	11.00465075511477	2.001371406463683	0.5376094264156799
271	1043.1295882619204	11.00141381717262	2.0014785658930436	0.5377964005350753
272	1046.1295882619204	10.998179545501403	2.001580149791337	0.5379818557076192
273	1049.1295882619204	10.994948002469801	2.0016762312091356	0.5381658070454161
274	1052.1295882619204	10.991719248920647	2.0017668821301733	0.5383482694642168
275	1055.1295882619204	10.988493344246796	2.0018521735032073	0.538529257688158
276	1058.1295882619204	10.985270346403974	2.0019321752536445	0.5387087862521405
277	1061.1295882619204	10.982050311867127	2.0020069562545375	0.5388868694960441
278	1064.1295882619204	10.978833296038074	2.0020765845789765	0.5390635216125402
279	1067.1295882619204	10.975619352442065	2.0021411269979184	0.5392387565512204
280	1070.1295882619204	10.972408533885401	2.0022006496991325	0.5394125881552031
281	1073.1295882619204	10.969200891365224	2.002255217608301	0.5395850300317366
282	1076.1295882619204	10.965996474908376	2.002304894908509	0.5397560956507715
283	1079.1295882619204	10.96279533323262	2.0023497448287912	0.5399257983045274
284	1082.1295882619204	10.959597513846301	2.002389829704864	0.5400941511188253
285	1085.1295882619204	10.956403063068748	2.002425210990753	0.5402611670550903
286	1088.1295882619204	10.953212026063563	2.0024559492784433	0.5404268589138806
287	1091.1295882619204	10.950024446852483	2.0024821043056136	0.5405912393361584
288	1094.1295882619204	10.946840368589008	2.002503735096317	0.5407543208276311
289	1097.1295882619204	10.943659832975523	2.0025208996671915	0.5409161157080834
290	1100.1295882619204	10.940482881564522	2.0025336551350756	0.5410766360759472
291	1103.1295882619204	10.937309551958466	2.002542058018557	0.5412358940775535
292	1106.1295882619204	10.934139883948086	2.0025461639942943	0.5413939015376821
293	1109.1295882619204	10.930973915407508	2.0025460281004492	0.5415506702173253
294	1112.1295882619204	10.927811682901966	2.0025417044039173	0.5417062116935928
295	1115.1295882619204	10.924653222271388	2.002533246376422	0.5418605374323638
296	1118.1295882619204	10.921498568294217	2.0025207066770228	0.5420136587459936
297	1121.1295882619204	10.918347754842157	2.002504137251006	0.5421655868122551
298	1124.1295882619204	10.91520081489966	2.0024835893415713	0.5423163326764044
299	1127.1295882619204	10.912057780568007	2.0024591134918146	0.5424659072513809
300	1130.1295882619204	10.90891868308353	2.00243075955584	0.5426143213197792
301	1133.1295882619204	10.905783552835507	2.00239857670967	0.5427615855357806
302	1136.1295882619204	10.902652419383502	2.002362613461919	0.5429077104270505
303	1139.1295882619204	10.89952531147444	2.0023229176642614	0.5430527063965948
304	1142.1295882619204	10.8964022570594	2.0022795365218204	0.5431965837246048
305	1145.1295882619204	10.893283283309911	2.0022325166032444	0.54333935257025
306	1148.1295882619204	10.890168416633914	2.0021819038506394	0.5434810229734428
307	1151.1295882619204	10.887057682691413	2.0021277435893308	0.5436216048565768
308	1154.1295882619204	10.883951106409857	2.0020700805374787	0.5437611080262383
309	1157.1295882619204	10.880848711999102	2.0020089588154635	0.5438995421748778
310	1160.1295882619204	10.87775052296602	2.0019444219551144	0.5440369168824566
311	1163.1295882619204	10.874656562129054	2.0018765129088707	0.5441732416180797
312	1166.1295882619204	10.871566849316388	2.0018052737030034	0.54430852576082
313	1169.1295882619204	10.868481410642325	2.0017307468840833	0.5444427785284914
314	1172.1295882619204	10.86540026462479	2.001652973347577	0.5445760090820518
315	1175.1295882619204	10.862323431465766	2.0015719938156677	0.5447082264627646
316	1178.1295882619204	10.85925093074615	2.0014878484741208	0.5448394396087137
317	1181.1295882619204	10.856182781438383	2.001400576980448	0.5449696573562666
318	1184.1295882619204	10.853119001918884	2.0013102184719234	0.5450988884415077
319	1187.1295882619204	10.850059609980134	2.0012168115734554	0.5452271415016523
320	1190.1295882619204	10.847004622842874	2.001120394405276	0.5453544250764043
321	1193.1295882619204	10.843954057166238	2.0010210045907666	0.5454807476094575
322	1196.1295882619204	10.840907929062174	2.000918679263494	0.5456061174495663
323	1199.1295882619204	10.837866251951649	2.0008134543910523	0.5457305427739483
324	1202.1295882619204	10.834829045134459	2.0007053675011	0.5458540319001793
325	1205.1295882619204	10.831796321033726	2.0005944536332634	0.545976592824223
326	1208.1295882619204	10.8287680936738	2.0004807480353555	0.5460982335288294
327	1211.1295882619204	10.825744376583005	2.0003642855007735	0.546218961908292
328	1214.1295882619204	10.82272518280421	2.000245100375542	0.5463387857697206
329	1217.1295882619204	10.81971052490469	2.000123226564916	0.5464577128342318
330	1220.1295882619204	10.816700414985844	1.9999986975399302	0.5465757507381316
331	1223.1295882619204	10.813694864691804	1.9998715463433414	0.54669290703399
332	1226.1295882619204	10.810693885222527	1.9997418055979488	0.5468091891921399
333	1229.1295882619204	10.807697487335334	1.9996095075087519	0.5469246046010772
334	1232.1295882619204	10.804705681361364	1.999474683873061	0.5470391605692807
335	1235.1295882619204	10.801718477210441	1.999337366084418	0.5471528643259281
336	1238.1295882619204	10.798735884380429	1.9991975851389014	0.5472657230220375
337	1241.1295882619204	10.795757911972919	1.9990553716431185	0.5473777437317506
338	1244.1295882619204	10.792784568665013	1.998910755808665	0.5474889334521378
339	1247.1295882619204	10.789815862788046	1.998763767480124	0.5475992991067666
340	1250.1295882619204	10.786851802253187	1.998614436113987	0.547708847543596
341	1253.1295882619204	10.783892394614197	1.9984627908021364	0.5478175855381181
342	1256.1295882619204	10.780937647062741	1.9983088602726184	0.5479255197937053
343	1259.1295882619204	10.777987566371957	1.9981526728774803	0.5480326569410381
344	1262.1295882619204	10.775042159120162	1.9979942566574938	0.548139003544379
345	1265.1295882619204	10.772101431412041	1.9978336392684868	0.5482445660954427
346	1268.1295882619204	10.769165389054036	1.9976708480326841	0.5483493510184574
347	1271.1295882619204	10.766234037523637	1.9975059099332504	0.5484533646701314
348	1274.1295882619204	10.763307381976064	1.9973388516191084	0.5485566133405335
349	1277.1295882619204	10.760385427250831	1.9971696994096364	0.5486591032539525
350	1280.1295882619204	10.757468177878202	1.99699847929936	0.548760840569757
351	1283.1295882619204	10.754555644830987	1.9968252178054422	0.5488618312706667
352	1286.1295882619204	10.751647821303363	1.9966499395352837	0.5489620817301163
353	1289.1295882619204	10.748744712769714	1.996472668720424	0.5490615975999845
354	1292.1295882619204	10.745846322166532	1.9962934299061528	0.5491603847560009
355	1295.1295882619204	10.742952657175188	1.9961122491672694	0.5492584492603253
356	1298.1295882619204	10.740063718404423	1.9959291498634022	0.5493557967977302
357	1301.1295882619204	10.737179508103976	1.9957441557457145	0.5494524330848024
358	1304.1295882619204	10.734300028109615	1.995557290220815	0.549548363772384
359	1307.1295882619204	10.731425282741707	1.9953685773370957	0.5496435945687163
360	1310.1295882619204	10.728555272441705	1.9951780396373624	0.5497381309737818
361	1313.1295882619204	10.725690000142887	1.9949857004389444	0.549831978581004
362	1316.1295882619204	10.722829460261918	1.9947915796751343	0.5499251424953778
363	1319.1295882619204	10.71997366223471	1.9945957023128318	0.5500176284467917
364	1322.1295882619204	10.717122604639558	1.9943980895516837	0.5501094416909282
365	1325.1295882619204	10.714276287249506	1.9941987627665803	0.5502005874779006
366	1328.1295882619204	10.711434710423529	1.9939977433286324	0.550291071034043
367	1331.1295882619204	10.708597874305111	1.9937950523529728	0.5503808975334006
368	1334.1295882619204	10.705765778823434	1.993590710701637	0.5504700720983833
369	1337.1295882619204	10.702938423700457	1.9933847389874688	0.5505585998003959
370	1340.1295882619204	10.700115808452438	1.9931771575770474	0.5506464856604882
371	1343.1295882619204	10.697297932408866	1.9929679865979322	0.5507337346503013
372	1346.1295882619204	10.69448479466226	1.9927572459261096	0.5508203516911034
373	1349.1295882619204	10.691676394160444	1.9925449552153336	0.5509063416570683
374	1352.1295882619204	10.688872729645485	1.9923311338808072	0.5509917093738321
375	1355.1295882619204	10.686073799675466	1.992115801107772	0.5510764596196687
376	1358.1295882619204	10.68327960262848	1.9918989758546493	0.5511605971260751
377	1361.1295882619204	10.680490137318907	1.9916806770465056	0.5512441265994357
378	1364.1295882619204	10.677705402983184	1.9914609235722696	0.5513270527209138
379	1367.1295882619204	10.674925390370255	1.9912397315183687	0.5514093798405459
380	1370.1295882619204	10.672150105320867	1.9910171214947434	0.5514911127878684
381	1373.1295882619204	10.669379542518302	1.990793110484823	0.5515722559708843
382	1376.1295882619204	10.666613699337415	1.9905677161473283	0.5516528138518534
383	1379.1295882619204	10.663852573000787	1.9903409559355625	0.5517327908502382
384	1382.1295882619204	10.661096160577637	1.9901128470979654	0.5518121913428432
385	1385.1295882619204	10.658344458847724	1.9898834066350797	0.5518910196588563
386	1388.1295882619204	10.655597464877262	1.9896526514917965	0.5519692801032774
387	1391.1295882619204	10.652855175153976	1.989420598272926	0.5520469769227514
388	1394.1295882619204	10.650117586173536	1.9891872634380559	0.5521241143291764
389	1397.1295882619204	10.64738469429611	1.9889526632561443	0.5522006964944733
390	1400.1295882619204	10.644656495749187	1.988716813807927	0.5522767275510386
391	1403.1295882619204	10.641932986629332	1.9884797309875921	0.5523522115920542
392	1406.1295882619204	10.639214162934234	1.9882414305133602	0.552427152672696
393	1409.1295882619204	10.636500020455461	1.9880019279015353	0.552501554808429
394	1412.1295882619204	10.633790554948568	1.9877612385123822	0.5525754219788569
395	1415.1295882619204	10.631085762014104	1.9875193775182771	0.5526487581249884
396	1418.1295882619204	10.62838563714072	1.9872763599195795	0.5527215671513455
397	1421.1295882619204	10.625690175703047	1.9870322005445216	0.5527938529259824
398	1424.1295882619204	10.622999372964944	1.9867869140517622	0.5528656192809646
399	1427.1295882619204	10.620313223978574	1.9865405149070114	0.5529368700110562
400	1430.1295882619204	10.617631723990998	1.9862930174844426	0.5530076088807185
401	1433.1295882619204	10.614954867835106	1.9860444359100191	0.5530778396121494
402	1436.1295882619204	10.612282650402179	1.9857947842224197	0.5531475659054205
403	1439.1295882619204	10.60961506638766	1.985544076225051	0.5532167914104515
404	1442.1295882619204	10.606952110455032	1.985292325615308	0.5532855197544122
405	1445.1295882619204	10.6042937771562	1.9850395459220869	0.5533537545284095
406	1448.1295882619204	10.601640060950826	1.9847857505213167	0.5534214992907515
407	1451.1295882619204	10.598990956207858	1.9845309526373651	0.5534887575672021
408	1454.1295882619204	10.596346457208279	1.9842751653454929	0.5535555328514664
409	1457.1295882619204	10.593706558146474	1.9840184015731361	0.5536218286054224
410	1460.1295882619204	10.591071253132784	1.9837606741022293	0.5536876482595812
411	1463.1295882619204	10.588440536194875	1.983501995570548	0.5537529952133352
412	1466.1295882619204	10.58581440125923	1.9832423784584872	0.5538178728321828
413	1469.1295882619204	10.58319284225923	1.9829818351687336	0.5538822844642661
414	1472.1295882619204	10.580575852923388	1.9827203778713158	0.5539462334081324
415	1475.1295882619204	10.577963426997613	1.9824580186671157	0.5540097229467115
416	1478.1295882619204	10.575355558131157	1.9821947695049877	0.5540727563300888
417	1481.1295882619204	10.572752239887873	1.981930642188699	0.5541353367768024
418	1484.1295882619204	10.570153465769648	1.981665648396647	0.5541974674780732
419	1487.1295882619204	10.567559229214167	1.9813997996789878	0.554259151597073
420	1490.1295882619204	10.564969523592197	1.9811331074568173	0.5543203922687873
421	1493.1295882619204	10.5623843422102	1.980865583024249	0.5543811926004116
422	1496.1295882619204	10.559803678311852	1.9805972375499674	0.5544415556716579
423	1499.1295882619204	10.557227525079712	1.9803280820788012	0.5545014845350594
424	1502.1295882619204	10.554655875636705	1.9800581275331628	0.5545609822162488
425	1505.1295882619204	10.55208872304771	1.9797873847146445	0.5546200517142753
426	1508.1295882619204	10.549526060320995	1.9795158643054067	0.554678696001871
427	1511.1295882619204	10.546967880409762	1.9792435768696934	0.554736918025749
428	1514.1295882619204	10.544414176213545	1.97897053285524	0.5547947207068794
429	1517.1295882619204	10.541864940579606	1.9786967425946675	0.5548521069407606
430	1520.1295882619204	10.53932016630436	1.9784222163069354	0.5549090795977086
431	1523.1295882619204	10.536779846134774	1.9781469640986795	0.5549656415231139
432	1526.1295882619204	10.534243972769591	1.9778709959655494	0.5550217955377083
433	1529.1295882619204	10.53171253886076	1.977594321793593	0.5550775444378357
434	1532.1295882619204	10.529185537014719	1.9773169513605704	0.55513289099571
435	1535.1295882619204	10.526662959793551	1.97703889433721	0.5551878379596646
436	1538.1295882619204	10.524144799716364	1.9767601602885507	0.555242388054416
437	1541.1295882619204	10.521631049260435	1.9764807586751827	0.5552965439813077
438	1544.1295882619204	10.519121700862422	1.9762006988544982	0.5553503084185596
439	1547.1295882619204	10.516616746919551	1.9759199900819198	0.5554036840215083
440	1550.1295882619204	10.514116179790717	1.975638641512127	0.5554566734228542
441	1553.1295882619204	10.51161999179773	1.975356662200253	0.5555092792328916
442	1556.1295882619204	10.509128175226321	1.9750740611030728	0.5555615040397516
443	1559.1295882619204	10.50664072232726	1.9747908470801607	0.5556133504096281
444	1562.1295882619204	10.50415762531745	1.9745070288950541	0.5556648208870105
445	1565.1295882619204	10.501678876380957	1.9742226152163742	0.5557159179949046
446	1568.1295882619204	10.499204467674843	1.9739376146203176	0.5557666442351893
447	1571.1295882619204	10.49673439130645	1.9736520355850342	0.5558170020881971
448	1574.1295882619204	10.494268639380554	1.9733658865048942	0.5558669940141997
449	1577.1295882619204	10.491807203951172	1.9730791756780144	0.5559166224524087
450	1580.1295882619204	10.489350077051535	1.9727919113147	0.5559658898217312
451	1583.1295882619204	10.486897250688974	1.972504101537051	0.556014798520893
452	1586.1295882619204	10.484448716844787	1.972215754379796	0.556063350928646
453	1589.1295882619204	10.482004467475122	1.9719268777913206	0.556111549403975
454	1592.1295882619204	10.479564494511846	1.9716374796346499	0.5561593962862946
455	1595.1295882619204	10.477128789863496	1.9713475676884844	0.5562068938956567
456	1598.1295882619204	10.474697345416043	1.9710571496481417	0.5562540445329405
457	1601.1295882619204	10.472270153033792	1.9707662331265559	0.556300850480054
458	1604.1295882619204	10.469847204560141	1.9704748256552012	0.5563473140001198
459	1607.1295882619204	10.467428491818461	1.9701829346850657	0.5563934373376717
460	1610.1295882619204	10.465014006612844	1.9698905675875633	0.5564392227188381
461	1613.1295882619204	10.462603740728879	1.9695977316554516	0.5564846723515287
462	1616.1295882619204	10.460197685934409	1.969304434103745	0.5565297884256191
463	1619.1295882619204	10.457795833979905	1.9690106820702884	0.5565745731130624
464	1622.1295882619204	10.4553981766013	1.9687164826182726	0.5566190285684166
465	1625.1295882619204	10.453004705516372	1.968421842733806	0.5566631569283206
466	1628.1295882619204	10.45061541242984	1.9681267693300912	0.5567069603123725
467	1631.1295882619204	10.448230289031855	1.96783126924661	0.5567504408229489
468	1634.1295882619204	10.445849326999138	1.9675353492503092	0.556793600545449
469	1637.1295882619204	10.44347251799523	1.9672390160360718	0.5568364415483862
470	1640.1295882619204	10.441099853672968	1.9669422762291668	0.5568789658839183
471	1643.1295882619204	10.438731325671684	1.9666451363828736	0.5569211755872956
472	1646.1295882619204	10.436366925621153	1.9663476029824143	0.5569630726777345
473	1649.1295882619204	10.434006645140602	1.9660496824441935	0.5570046591582271
474	1652.1295882619204	10.431650475839652	1.9657513811168716	0.5570459370157655
475	1655.1295882619204	10.429298409318863	1.9654527052821342	0.557086908221503
476	1658.1295882619204	10.426950437170381	1.9651536611554599	0.557127574730909
477	1661.1295882619204	10.424606550978448	1.9648542548868366	0.5571679384839175
478	1664.1295882619204	10.422266742320023	1.964554492561545	0.5572080014050891
479	1667.1295882619204	10.419931002765264	1.9642543802008336	0.5572477654037481
480	1670.1295882619204	10.417599323878159	1.9639539237626846	0.5572872323741406
481	1673.1295882619204	10.415271697216973	1.9636531291424868	0.5573264041955747
482	1676.1295882619204	10.41294811433482	1.96335200217376	0.5573652827325689
483	1679.1295882619204	10.41062856678015	1.9630505486288314	0.5574038698349919
484	1682.1295882619204	10.408313046097248	1.9627487742195349	0.5574421673382094
485	1685.1295882619204	10.406001543826743	1.9624466845978692	0.5574801770632172
486	1688.1295882619204	10.403694051506074	1.962144285356666	0.5575179008167817
487	1691.1295882619204	10.40139056066998	1.961841582030263	0.5575553403915791
488	1694.1295882619204	10.399091062850788	1.9615385800948886	0.557592497566265
489	1697.1295882619204	10.396795549579592	1.961235284970544	0.5576293741059217
490	1700.1295882619204	10.394504012385324	1.960931702019171	0.5576659717615623
491	1703.1295882619204	10.39221644280738	1.960627836550778	0.5577022922711721
492	1706.1295882619204	10.389932832342948	1.960323693808143	0.5577383373581591
493	1709.1295882619204	10.387653172546944	1.9600192789955073	0.5577741087341314
494	1712.1295882619204	10.385377454941839	1.9597145972539574	0.5578096080967077
495	1715.1295882619204	10.383105671053869	1.9594096536721053	0.5578448371305916
496	1718.1295882619204	10.380837812413022	1.9591044532860513	0.5578797975075374
497	1721.1295882619204	10.378573870550783	1.9587990010795169	0.5579144908864865
498	1724.1295882619204	10.376313837000579	1.9584933019844282	0.5579489189136883
499	1727.1295882619204	10.374057703298114	1.958187360881516	0.5579830832228295
500	1730.1295882619204	10.371805460981749	1.9578811826008355	0.5580169854351406
501	1733.1295882619204	10.369557101592832	1.9575747719223364	0.5580506271595185
502	1736.1295882619204	10.367312616676063	1.9572681335763944	0.5580840099926373
503	1739.1295882619204	10.365071997779852	1.9569612722443899	0.5581171355190717
504	1742.1295882619204	10.362835236456618	1.9566541925591716	0.558150005311393
505	1745.1295882619204	10.360602324263152	1.9563468991056598	0.5581826209302998
506	1748.1295882619204	10.358373252760956	1.956039396421312	0.5582149839247125
507	1751.1295882619204	10.356148013516506	1.9557316889966578	0.5582470958318907
508	1754.1295882619204	10.3539265981016	1.9554237812757942	0.5582789581775361
509	1757.1295882619204	10.351708998093661	1.9551156776569147	0.5583105724759063
510	1760.1295882619204	10.349495205076012	1.9548073824927565	0.5583419402299085
511	1763.1295882619204	10.3472852106382	1.9544989000911432	0.5583730629312161
512	1766.1295882619204	10.34507900637624	1.9541902347154252	0.5584039420603635
513	1769.1295882619204	10.342876583892947	1.9538813905849781	0.5584345790868493
514	1772.1295882619204	10.340677934798142	1.9535723718756677	0.5584649754692407
515	1775.1295882619204	10.338483050709021	1.9532631827203282	0.5584951326552697
516	1778.1295882619204	10.33629192325032	1.9529538272092046	0.558525052081933
517	1781.1295882619204	10.33410454405455	1.9526443093904085	0.55855473517559
518	1784.1295882619204	10.331920904762455	1.9523346332703955	0.5585841833520572
519	1787.1295882619204	10.329740997022995	1.9520248028143783	0.558613398016708
520	1790.1295882619204	10.327564812493707	1.9517148219467546	0.5586423805645584
521	1793.1295882619204	10.325392342841015	1.9514046945516073	0.5586711323803748
522	1796.1295882619204	10.323223579740283	1.9510944244730384	0.5586996548387495
523	1799.1295882619204	10.32105851487623	1.950784015515677	0.5587279493042054
524	1802.1295882619204	10.318897139943005	1.9504734714450414	0.558756017131279
525	1805.1295882619204	10.316739446644473	1.9501627959879804	0.5587838596646135
526	1808.1295882619204	10.314585426694457	1.9498519928330937	0.5588114782390495
527	1811.1295882619204	10.312435071816832	1.9495410656310703	0.5588388741796994
528	1814.1295882619204	10.31028837374585	1.9492300179951665	0.5588660488020504
529	1817.1295882619204	10.308145324226288	1.9489188535015805	0.5588930034120474
530	1820.1295882619204	10.306005915013607	1.9486075756897907	0.5589197393061647
531	1823.1295882619204	10.303870137874213	1.9482961880630203	0.5589462577715087
532	1826.1295882619204	10.301737984585579	1.9479846940885337	0.5589725600858806
533	1829.1295882619204	10.299609446936431	1.947673097198076	0.5589986475178758
534	1832.1295882619204	10.29748451672701	1.9473614007882474	0.5590245213269618
535	1835.1295882619204	10.295363185769116	1.9470496082208022	0.5590501827635459
536	1838.1295882619204	10.293245445886388	1.9467377228230938	0.559075633069072
537	1841.1295882619204	10.29113128891437	1.9464257478883773	0.5591008734760889
538	1844.1295882619204	10.289020706700793	1.9461136866761892	0.5591259052083284
539	1847.1295882619204	10.286913691105582	1.9458015424126915	0.5591507294807884
540	1850.1295882619204	10.284810234006484	1.9454893182924902	0.5591753474999358
541	1853.1295882619204	10.282710327273023	1.9451770174717953	0.5591997604631406
542	1856.1295882619204	10.280613962817325	1.9448646430826755	0.5592239695599954
543	1859.1295882619204	10.278521132548713	1.944552198221252	0.5592479759713763
544	1862.1295882619204	10.276431828391974	1.9442396859525102	0.5592717808698185
545	1865.1295882619204	10.274346042284257	1.9439271093096877	0.5592953854194948
546	1868.1295882619204	10.272263766176058	1.9436144712950152	0.55931879077636
547	1871.1295882619204	10.270184992031298	1.9433017748800137	0.5593419980882199
548	1874.1295882619204	10.268109711827428	1.942989023005823	0.5593650084948049
549	1877.1295882619204	10.266037917555632	1.9426762185835142	0.5593878231278353
550	1880.1295882619204	10.263969601220863	1.9423633644943923	0.5594104431110938
551	1883.1295882619204	10.261904754842034	1.9420504635903142	0.5594328695604922
552	1886.1295882619204	10.259843370452055	1.9417375186939734	0.5594551035841381
553	1889.1295882619204	10.257785440098028	1.9414245325992063	0.5594771462824001
554	1892.1295882619204	10.25573095584131	1.941111508071307	0.5594989987479811
555	1895.1295882619204	10.253679909757592	1.9407984478472728	0.5595206620659722
556	1898.1295882619204	10.25163229393707	1.9404853546361511	0.5595421373139304
557	1901.1295882619204	10.249588100484525	1.9401722311192775	0.5595634255619302
558	1904.1295882619204	10.247547321519349	1.939859079950567	0.5595845278726331
559	1907.1295882619204	10.24550994917555	1.9395459037565967	0.5596054453012997
560	1910.1295882619204	10.243475975602829	1.9392327051379843	0.5596261788961151
561	1913.1295882619204	10.241445392964556	1.9389194866673984	0.5596467296977137
562	1916.1295882619204	10.239418193439953	1.9386062508920923	0.5596670987397783
563	1919.1295882619204	10.237394369223203	1.9382930003330578	0.559687287048834
564	1922.1295882619204	10.235373912523672	1.9379797374855028	0.55970729564436
565	1925.1295882619204	10.233356815566028	1.9376664648190982	0.5597271255388444
566	1928.1295882619204	10.23134307059027	1.9373531847782517	0.5597467777378485
567	1931.1295882619204	10.229332669851852	1.9370398997823677	0.5597662532400649
568	1934.1295882619204	10.22732560562137	1.9367266122258016	0.5597855530373085
569	1937.1295882619204	10.225321870186624	1.9364133244795538	0.559804678114883
570	1940.1295882619204	10.223321455848557	1.9361000388886114	0.5598236294510225
571	1943.1295882619204	10.221324354925542	1.9357867577751233	0.5598424080175647
572	1946.1295882619204	10.219330559751272	1.9354734834371423	0.5598610147796904
573	1949.1295882619204	10.21734006267532	1.9351602181491936	0.5598794506960474
574	1952.1295882619204	10.215352856063205	1.9348469641625274	0.559897716718808
575	1955.1295882619204	10.213368932296344	1.934533723705263	0.5599158137937034
576	1958.1295882619204	10.211388283772207	1.9342204989827232	0.5599337428601008
577	1961.1295882619204	10.2094109029047	1.9339072921779017	0.5599515048511073
578	1964.1295882619204	10.207436782123295	1.9335941054509187	0.5599691006934499
579	1967.1295882619204	10.205465913873725	1.9332809409397997	0.5599865313076513
580	1970.1295882619204	10.20349829061807	1.932967800760738	0.5600037976080924
581	1973.1295882619204	10.201533904833846	1.932654687007496	0.5600209005028771
582	1976.1295882619204	10.199572749018458	1.9323416017552189	0.5600378408946843
583	1979.1295882619204	10.197614815680236	1.932028547053359	0.5600546196791987
584	1982.1295882619204	10.195660097347591	1.931715524933231	0.5600712377467877
585	1985.1295882619204	10.193708586564487	1.9314025374045676	0.5600876959817422
586	1988.1295882619204	10.191760275891305	1.9310895864563513	0.5601039952624606
587	1991.1295882619204	10.189815157905036	1.9307766740571781	0.5601201364615337
588	1994.1295882619204	10.187873225199189	1.9304638021553253	0.5601361204457596
589	1997.1295882619204	10.185934470383893	1.9301509726790438	0.5601519480762147
590	2000.1295882619204	10.183998886085893	1.9298381875366997	0.5601676202082838
591	2003.1295882619204	10.182066464956371	1.9295254486190652	0.5601831376918871
592	2006.1295882619204	10.18013719963349	1.929212757789478	0.5601985013706738
593	2009.1295882619204	10.17821108281328	1.9289001169030213	0.5602137120836818
594	2012.1295882619204	10.176288107187712	1.9285875277901705	0.5602287706639875
595	2015.1295882619204	10.174368265471104	1.9282749922641043	0.5602436779393671
596	2018.1295882619204	10.172451550391479	1.9279625121182715	0.5602584347320572
597	2021.1295882619204	10.170537954693595	1.9276500891275783	0.5602730418589226
598	2024.1295882619204	10.168627471139065	1.9273377250485706	0.560287500131495
599	2027.1295882619204	10.166720092506404	1.927025421619618	0.5603018103560151
600	2030.1295882619204	10.164815811591085	1.9267131805610838	0.56031597333347